./KnightTour    
0	15	12	29	2	21	    36	75	54	45	64	71	56	47	    196	235	214	205	224	231	216	207	    244	283	262	253	272	279	264	255	
13	30	1	22	11	28	    53	44	83	74	55	46	63	72	    213	204	243	234	215	206	223	232	    261	252	291	282	263	254	271	280	
16	35	14	27	20	3	    76	37	55	65	70	73	48	57	    236	197	215	225	230	233	208	217	    284	245	263	273	278	281	256	265	
31	6	33	10	23	26	    43	82	41	38	79	60	67	62	    203	242	201	198	239	220	227	222	    251	290	249	246	287	268	275	270	
34	17	8	25	4	19	    40	77	80	51	66	69	58	49	    200	237	240	211	226	229	218	209	    248	285	288	259	274	277	266	257	
7	32	5	18	9	24	    81	42	39	78	59	50	61	68	    241	202	199	238	219	210	221	228	    289	250	247	286	267	258	269	276	
    
148	165	188	155	152	193	    84	143	98	107	130	119	96	109	    356	415	370	379	402	391	368	381	    292	351	306	315	338	327	304	317	
187	156	149	194	189	154	    99	106	147	142	97	108	121	118	    371	378	419	414	369	380	393	390	    307	314	355	350	305	316	329	326	
166	195	167	153	192	151	    146	85	144	129	120	131	110	95	    418	357	416	401	392	403	382	367	    354	293	352	337	328	339	318	303	
157	186	177	150	163	190	    105	100	139	132	141	134	117	122	    377	372	411	404	413	406	389	394	    313	308	347	340	349	342	325	330	
176	167	182	191	178	171	    86	145	104	135	128	123	94	111	    358	417	376	407	400	395	366	383	    294	353	312	343	336	331	302	319	
183	158	185	172	181	162	    101	138	127	140	133	114	91	116	    373	410	399	412	405	386	363	388	    309	346	335	348	341	322	299	324	
168	175	160	179	170	173	    126	87	136	103	124	89	112	93	    398	359	408	375	396	361	384	365	    334	295	344	311	332	297	320	301	
159	184	169	174	161	180	    137	102	125	88	113	92	115	90	    409	374	397	360	385	364	387	362	    345	310	333	296	321	300	323	298	
    
676	693	716	683	680	721	    724	783	738	747	770	759	736	749	    420	479	434	443	466	455	432	445	    484	543	498	507	530	519	496	509	
715	684	677	722	717	682	    739	746	787	782	737	748	761	758	    435	442	483	478	433	444	457	454	    499	506	547	542	497	508	521	518	
694	723	695	681	720	679	    786	725	784	769	760	771	750	735	    482	421	480	465	456	467	446	431	    546	485	544	529	520	531	510	495	
685	714	705	678	691	718	    745	740	779	772	781	774	757	762	    441	436	475	468	477	470	453	458	    505	500	539	532	541	534	517	522	
704	695	710	719	706	699	    726	785	744	775	768	763	734	751	    422	481	440	471	464	459	430	447	    486	545	504	535	528	523	494	511	
711	686	713	700	709	690	    741	778	767	780	773	754	731	756	    437	474	463	476	469	450	427	452	    501	538	527	540	533	514	491	516	
696	703	688	707	698	701	    766	727	776	743	764	729	752	733	    462	423	472	439	460	425	448	429	    526	487	536	503	524	489	512	493	
687	712	697	702	689	708	    777	742	765	728	753	732	755	730	    473	438	461	424	449	428	451	426	    537	502	525	488	513	492	515	490	
    
852	869	892	859	856	897	    788	847	802	811	834	823	800	813	    612	671	626	635	658	647	624	637	    548	607	562	571	594	583	560	573	
891	860	853	898	893	858	    803	810	851	846	801	812	825	822	    627	634	675	670	625	636	649	646	    563	570	611	606	561	572	585	582	
870	899	871	857	896	855	    850	789	848	833	824	835	814	799	    674	613	672	657	648	659	638	623	    610	549	608	593	584	595	574	559	
861	890	881	854	867	894	    809	804	843	836	845	838	821	826	    633	628	667	660	669	662	645	650	    569	564	603	596	605	598	581	586	
880	871	886	895	882	875	    790	849	808	839	832	827	798	815	    614	673	632	663	656	651	622	639	    550	609	568	599	592	587	558	575	
887	862	889	876	885	866	    805	842	831	844	837	818	795	820	    629	666	655	668	661	642	619	644	    565	602	591	604	597	578	555	580	
872	879	864	883	874	877	    830	791	840	807	828	793	816	797	    654	615	664	631	652	617	640	621	    590	551	600	567	588	553	576	557	
863	888	873	878	865	884	    841	806	829	792	817	796	819	794	    665	630	653	616	641	620	643	618	    601	566	589	552	577	556	579	554	
