1260,	1275,	1272,	1253,	1262,	1281,	1232,	1247,	1244,	1225,	1234,	1217,	1430,	1445,	1442,	1423,	1432,	1451,	1402,	1417,	1414,	1395,	1404,	1387,	862,	847,	850,	869,	860,	841,	890,	875,	878,	897,	888,	905,	668,	653,	656,	675,	666,	647,	720,	681,	702,	711,	692,	685,	700,	709,	3126,	3111,	3114,	3133,	3124,	3105,	3154,	3139,	3142,	3161,	3152,	3169,	2956,	2941,	2944,	2963,	2954,	2935,	2984,	2969,	2972,	2991,	2982,	2999,	3524,	3539,	3536,	3517,	3526,	3545,	3496,	3511,	3508,	3489,	3498,	3481,	3718,	3733,	3730,	3711,	3720,	3739,	3666,	3705,	3684,	3675,	3694,	3701,	3686,	3677,	
1273,	1254,	1261,	1282,	1271,	1252,	1245,	1226,	1233,	1218,	1243,	1224,	1443,	1424,	1431,	1452,	1441,	1422,	1415,	1396,	1403,	1388,	1413,	1394,	849,	868,	861,	840,	851,	870,	877,	896,	889,	904,	879,	898,	655,	674,	667,	646,	657,	676,	703,	712,	721,	682,	701,	710,	693,	684,	3113,	3132,	3125,	3104,	3115,	3134,	3141,	3160,	3153,	3168,	3143,	3162,	2943,	2962,	2955,	2934,	2945,	2964,	2971,	2990,	2983,	2998,	2973,	2992,	3537,	3518,	3525,	3546,	3535,	3516,	3509,	3490,	3497,	3482,	3507,	3488,	3731,	3712,	3719,	3740,	3729,	3710,	3683,	3674,	3665,	3704,	3685,	3676,	3693,	3702,	
1276,	1259,	1274,	1251,	1280,	1263,	1248,	1231,	1246,	1223,	1216,	1235,	1446,	1429,	1444,	1421,	1450,	1433,	1418,	1401,	1416,	1393,	1386,	1405,	846,	863,	848,	871,	842,	859,	874,	891,	876,	899,	906,	887,	652,	669,	654,	677,	648,	665,	680,	719,	704,	691,	686,	683,	708,	699,	3110,	3127,	3112,	3135,	3106,	3123,	3138,	3155,	3140,	3163,	3170,	3151,	2940,	2957,	2942,	2965,	2936,	2953,	2968,	2985,	2970,	2993,	3000,	2981,	3540,	3523,	3538,	3515,	3544,	3527,	3512,	3495,	3510,	3487,	3480,	3499,	3734,	3717,	3732,	3709,	3738,	3721,	3706,	3667,	3682,	3695,	3700,	3703,	3678,	3687,	
1255,	1266,	1257,	1270,	1283,	1250,	1227,	1238,	1229,	1242,	1219,	1222,	1425,	1436,	1427,	1440,	1453,	1420,	1397,	1408,	1399,	1412,	1389,	1392,	867,	856,	865,	852,	839,	872,	895,	884,	893,	880,	903,	900,	673,	662,	671,	658,	645,	678,	713,	722,	715,	718,	725,	696,	689,	694,	3131,	3120,	3129,	3116,	3103,	3136,	3159,	3148,	3157,	3144,	3167,	3164,	2961,	2950,	2959,	2946,	2933,	2966,	2989,	2978,	2987,	2974,	2997,	2994,	3519,	3530,	3521,	3534,	3547,	3514,	3491,	3502,	3493,	3506,	3483,	3486,	3713,	3724,	3715,	3728,	3741,	3708,	3673,	3664,	3671,	3668,	3661,	3690,	3697,	3692,	
1258,	1277,	1268,	1285,	1264,	1279,	1230,	1249,	1240,	1221,	1236,	1215,	1428,	1447,	1438,	1455,	1434,	1449,	1400,	1419,	1410,	1391,	1406,	1385,	864,	845,	854,	837,	858,	843,	892,	873,	882,	901,	886,	907,	670,	651,	660,	643,	664,	649,	716,	679,	724,	705,	690,	687,	698,	707,	3128,	3109,	3118,	3101,	3122,	3107,	3156,	3137,	3146,	3165,	3150,	3171,	2958,	2939,	2948,	2931,	2952,	2937,	2986,	2967,	2976,	2995,	2980,	3001,	3522,	3541,	3532,	3549,	3528,	3543,	3494,	3513,	3504,	3485,	3500,	3479,	3716,	3735,	3726,	3743,	3722,	3737,	3670,	3707,	3662,	3681,	3696,	3699,	3688,	3679,	
1267,	1256,	1265,	1278,	1269,	1284,	1239,	1228,	1237,	1214,	1241,	1220,	1437,	1426,	1435,	1448,	1439,	1454,	1409,	1398,	1407,	1384,	1411,	1390,	855,	866,	857,	844,	853,	838,	883,	894,	885,	908,	881,	902,	661,	672,	663,	650,	659,	644,	723,	714,	717,	726,	697,	706,	695,	688,	3119,	3130,	3121,	3108,	3117,	3102,	3147,	3158,	3149,	3172,	3145,	3166,	2949,	2960,	2951,	2938,	2947,	2932,	2977,	2988,	2979,	3002,	2975,	2996,	3531,	3520,	3529,	3542,	3533,	3548,	3503,	3492,	3501,	3478,	3505,	3484,	3725,	3714,	3723,	3736,	3727,	3742,	3663,	3672,	3669,	3660,	3689,	3680,	3691,	3698,	
1288,	1309,	1312,	1295,	1286,	1303,	1322,	1199,	1202,	1329,	1212,	1193,	1458,	1335,	1338,	1465,	1456,	1473,	1348,	1369,	1372,	1355,	1382,	1363,	834,	813,	810,	827,	836,	819,	800,	923,	920,	793,	910,	929,	640,	787,	784,	633,	642,	625,	728,	767,	746,	737,	756,	763,	748,	739,	3098,	3077,	3074,	3091,	3100,	3083,	3064,	3187,	3184,	3057,	3174,	3193,	2928,	3051,	3048,	2921,	2930,	2913,	3038,	3017,	3014,	3031,	3004,	3023,	3552,	3573,	3576,	3559,	3550,	3567,	3586,	3463,	3466,	3593,	3476,	3457,	3746,	3599,	3602,	3753,	3744,	3761,	3658,	3619,	3640,	3649,	3630,	3623,	3638,	3647,	
1311,	1294,	1287,	1302,	1313,	1296,	1201,	1328,	1213,	1192,	1203,	1330,	1337,	1464,	1457,	1472,	1339,	1466,	1371,	1354,	1383,	1362,	1373,	1356,	811,	828,	835,	820,	809,	826,	921,	794,	909,	930,	919,	792,	785,	634,	641,	626,	783,	632,	745,	736,	727,	766,	747,	738,	755,	764,	3075,	3092,	3099,	3084,	3073,	3090,	3185,	3058,	3173,	3194,	3183,	3056,	3049,	2922,	2929,	2914,	3047,	2920,	3015,	3032,	3003,	3024,	3013,	3030,	3575,	3558,	3551,	3566,	3577,	3560,	3465,	3592,	3477,	3456,	3467,	3594,	3601,	3752,	3745,	3760,	3603,	3754,	3641,	3650,	3659,	3620,	3639,	3648,	3631,	3622,	
1308,	1289,	1310,	1297,	1304,	1321,	1198,	1323,	1200,	1331,	1194,	1211,	1334,	1459,	1336,	1467,	1474,	1347,	1368,	1349,	1370,	1357,	1364,	1381,	814,	833,	812,	825,	818,	801,	924,	799,	922,	791,	928,	911,	788,	639,	786,	631,	624,	775,	768,	729,	744,	757,	762,	765,	740,	749,	3078,	3097,	3076,	3089,	3082,	3065,	3188,	3063,	3186,	3055,	3192,	3175,	3052,	2927,	3050,	2919,	2912,	3039,	3018,	3037,	3016,	3029,	3022,	3005,	3572,	3553,	3574,	3561,	3568,	3585,	3462,	3587,	3464,	3595,	3458,	3475,	3598,	3747,	3600,	3755,	3762,	3611,	3618,	3657,	3642,	3629,	3624,	3621,	3646,	3637,	
1293,	1318,	1291,	1314,	1301,	1298,	1327,	1208,	1325,	1204,	1191,	1332,	1463,	1344,	1461,	1340,	1471,	1468,	1353,	1378,	1351,	1374,	1361,	1358,	829,	804,	831,	808,	821,	824,	795,	914,	797,	918,	931,	790,	635,	778,	637,	782,	627,	630,	735,	774,	733,	730,	771,	752,	759,	754,	3093,	3068,	3095,	3072,	3085,	3088,	3059,	3178,	3061,	3182,	3195,	3054,	2923,	3042,	2925,	3046,	2915,	2918,	3033,	3008,	3035,	3012,	3025,	3028,	3557,	3582,	3555,	3578,	3565,	3562,	3591,	3472,	3589,	3468,	3455,	3596,	3751,	3608,	3749,	3604,	3759,	3756,	3651,	3612,	3653,	3656,	3615,	3634,	3627,	3632,	
1290,	1307,	1316,	1299,	1320,	1305,	1324,	1197,	1206,	1189,	1210,	1195,	1460,	1333,	1342,	1469,	1346,	1475,	1350,	1367,	1376,	1359,	1380,	1365,	832,	815,	806,	823,	802,	817,	798,	925,	916,	933,	912,	927,	638,	789,	780,	629,	776,	623,	732,	769,	772,	743,	758,	761,	750,	741,	3096,	3079,	3070,	3087,	3066,	3081,	3062,	3189,	3180,	3197,	3176,	3191,	2926,	3053,	3044,	2917,	3040,	2911,	3036,	3019,	3010,	3027,	3006,	3021,	3554,	3571,	3580,	3563,	3584,	3569,	3588,	3461,	3470,	3453,	3474,	3459,	3748,	3597,	3606,	3757,	3610,	3763,	3654,	3617,	3614,	3643,	3628,	3625,	3636,	3645,	
1317,	1292,	1319,	1306,	1315,	1300,	1207,	1326,	1209,	1196,	1205,	1190,	1343,	1462,	1345,	1476,	1341,	1470,	1377,	1352,	1379,	1366,	1375,	1360,	805,	830,	803,	816,	807,	822,	915,	796,	913,	926,	917,	932,	779,	636,	777,	622,	781,	628,	773,	734,	731,	770,	751,	742,	753,	760,	3069,	3094,	3067,	3080,	3071,	3086,	3179,	3060,	3177,	3190,	3181,	3196,	3043,	2924,	3041,	2910,	3045,	2916,	3009,	3034,	3007,	3020,	3011,	3026,	3581,	3556,	3583,	3570,	3579,	3564,	3471,	3590,	3473,	3460,	3469,	3454,	3607,	3750,	3609,	3764,	3605,	3758,	3613,	3652,	3655,	3616,	3635,	3644,	3633,	3626,	
1070,	1085,	1082,	1063,	1072,	1091,	1186,	1057,	1054,	1179,	1188,	1171,	1044,	1491,	1488,	1037,	1478,	1497,	1016,	1031,	1028,	1009,	1018,	1001,	428,	413,	416,	435,	426,	407,	936,	441,	444,	943,	934,	951,	454,	607,	610,	461,	620,	601,	506,	467,	488,	497,	478,	471,	486,	495,	3316,	3301,	3304,	3323,	3314,	3295,	3200,	3329,	3332,	3207,	3198,	3215,	3342,	2895,	2898,	3349,	2908,	2889,	3370,	3355,	3358,	3377,	3368,	3385,	3958,	3973,	3970,	3951,	3960,	3979,	3450,	3945,	3942,	3443,	3452,	3435,	3932,	3779,	3776,	3925,	3766,	3785,	3880,	3919,	3898,	3889,	3908,	3915,	3900,	3891,	
1083,	1064,	1071,	1092,	1081,	1062,	1055,	1180,	1187,	1172,	1053,	1178,	1489,	1038,	1477,	1498,	1487,	1036,	1029,	1010,	1017,	1002,	1027,	1008,	415,	434,	427,	406,	417,	436,	443,	942,	935,	950,	445,	944,	609,	460,	621,	600,	611,	462,	489,	498,	507,	468,	487,	496,	479,	470,	3303,	3322,	3315,	3294,	3305,	3324,	3331,	3206,	3199,	3214,	3333,	3208,	2897,	3348,	2909,	2888,	2899,	3350,	3357,	3376,	3369,	3384,	3359,	3378,	3971,	3952,	3959,	3980,	3969,	3950,	3943,	3444,	3451,	3436,	3941,	3442,	3777,	3926,	3765,	3786,	3775,	3924,	3897,	3888,	3879,	3918,	3899,	3890,	3907,	3916,	
1086,	1069,	1084,	1061,	1090,	1073,	1058,	1185,	1056,	1177,	1170,	1045,	1492,	1043,	1490,	1035,	1496,	1479,	1032,	1015,	1030,	1007,	1000,	1019,	412,	429,	414,	437,	408,	425,	440,	937,	442,	945,	952,	453,	606,	455,	608,	463,	602,	619,	466,	505,	490,	477,	472,	469,	494,	485,	3300,	3317,	3302,	3325,	3296,	3313,	3328,	3201,	3330,	3209,	3216,	3341,	2894,	3343,	2896,	3351,	2890,	2907,	3354,	3371,	3356,	3379,	3386,	3367,	3974,	3957,	3972,	3949,	3978,	3961,	3946,	3449,	3944,	3441,	3434,	3933,	3780,	3931,	3778,	3923,	3784,	3767,	3920,	3881,	3896,	3909,	3914,	3917,	3892,	3901,	
1065,	1076,	1067,	1080,	1093,	1060,	1181,	1048,	1183,	1052,	1173,	1176,	1039,	1482,	1041,	1486,	1499,	1034,	1011,	1022,	1013,	1026,	1003,	1006,	433,	422,	431,	418,	405,	438,	941,	450,	939,	446,	949,	946,	459,	616,	457,	612,	599,	464,	499,	508,	501,	504,	511,	482,	475,	480,	3321,	3310,	3319,	3306,	3293,	3326,	3205,	3338,	3203,	3334,	3213,	3210,	3347,	2904,	3345,	2900,	2887,	3352,	3375,	3364,	3373,	3360,	3383,	3380,	3953,	3964,	3955,	3968,	3981,	3948,	3445,	3936,	3447,	3940,	3437,	3440,	3927,	3770,	3929,	3774,	3787,	3922,	3887,	3878,	3885,	3882,	3875,	3904,	3911,	3906,	
1068,	1087,	1078,	1095,	1074,	1089,	1184,	1059,	1050,	1175,	1046,	1169,	1042,	1493,	1484,	1501,	1480,	1495,	1014,	1033,	1024,	1005,	1020,	999,	430,	411,	420,	403,	424,	409,	938,	439,	448,	947,	452,	953,	456,	605,	614,	597,	618,	603,	502,	465,	510,	491,	476,	473,	484,	493,	3318,	3299,	3308,	3291,	3312,	3297,	3202,	3327,	3336,	3211,	3340,	3217,	3344,	2893,	2902,	2885,	2906,	2891,	3372,	3353,	3362,	3381,	3366,	3387,	3956,	3975,	3966,	3983,	3962,	3977,	3448,	3947,	3938,	3439,	3934,	3433,	3930,	3781,	3772,	3789,	3768,	3783,	3884,	3921,	3876,	3895,	3910,	3913,	3902,	3893,	
1077,	1066,	1075,	1088,	1079,	1094,	1049,	1182,	1047,	1168,	1051,	1174,	1483,	1040,	1481,	1494,	1485,	1500,	1023,	1012,	1021,	998,	1025,	1004,	421,	432,	423,	410,	419,	404,	449,	940,	451,	954,	447,	948,	615,	458,	617,	604,	613,	598,	509,	500,	503,	512,	483,	492,	481,	474,	3309,	3320,	3311,	3298,	3307,	3292,	3337,	3204,	3339,	3218,	3335,	3212,	2903,	3346,	2905,	2892,	2901,	2886,	3363,	3374,	3365,	3388,	3361,	3382,	3965,	3954,	3963,	3976,	3967,	3982,	3937,	3446,	3935,	3432,	3939,	3438,	3771,	3928,	3769,	3782,	3773,	3788,	3877,	3886,	3883,	3874,	3903,	3894,	3905,	3912,	
1098,	1119,	1122,	1105,	1096,	1113,	1132,	1153,	1156,	1139,	1166,	1147,	1504,	1525,	1528,	1511,	1502,	1519,	1538,	1559,	1562,	1545,	996,	1553,	400,	379,	376,	393,	402,	385,	990,	969,	966,	983,	956,	975,	594,	573,	570,	587,	596,	579,	514,	553,	532,	523,	542,	549,	534,	525,	3288,	3267,	3264,	3281,	3290,	3273,	3254,	3233,	3230,	3247,	3220,	3239,	2882,	2861,	2858,	2875,	2884,	2867,	2848,	2827,	2824,	2841,	3390,	2833,	3986,	4007,	4010,	3993,	3984,	4001,	3396,	3417,	3420,	3403,	3430,	3411,	3792,	3813,	3816,	3799,	3790,	3807,	3872,	3833,	3854,	3863,	3844,	3837,	3852,	3861,	
1121,	1104,	1097,	1112,	1123,	1106,	1155,	1138,	1167,	1146,	1157,	1140,	1527,	1510,	1503,	1518,	1529,	1512,	1561,	1544,	997,	1552,	1563,	1546,	377,	394,	401,	386,	375,	392,	967,	984,	955,	976,	965,	982,	571,	588,	595,	580,	569,	586,	531,	522,	513,	552,	533,	524,	541,	550,	3265,	3282,	3289,	3274,	3263,	3280,	3231,	3248,	3219,	3240,	3229,	3246,	2859,	2876,	2883,	2868,	2857,	2874,	2825,	2842,	3389,	2834,	2823,	2840,	4009,	3992,	3985,	4000,	4011,	3994,	3419,	3402,	3431,	3410,	3421,	3404,	3815,	3798,	3791,	3806,	3817,	3800,	3855,	3864,	3873,	3834,	3853,	3862,	3845,	3836,	
1118,	1099,	1120,	1107,	1114,	1131,	1152,	1133,	1154,	1141,	1148,	1165,	1524,	1505,	1526,	1513,	1520,	1537,	1558,	1539,	1560,	1547,	1554,	995,	380,	399,	378,	391,	384,	991,	970,	989,	968,	981,	974,	957,	574,	593,	572,	585,	578,	561,	554,	515,	530,	543,	548,	551,	526,	535,	3268,	3287,	3266,	3279,	3272,	3255,	3234,	3253,	3232,	3245,	3238,	3221,	2862,	2881,	2860,	2873,	2866,	2849,	2828,	2847,	2826,	2839,	2832,	3391,	4006,	3987,	4008,	3995,	4002,	3395,	3416,	3397,	3418,	3405,	3412,	3429,	3812,	3793,	3814,	3801,	3808,	3825,	3832,	3871,	3856,	3843,	3838,	3835,	3860,	3851,	
1103,	1128,	1101,	1124,	1111,	1108,	1137,	1162,	1135,	1158,	1145,	1142,	1509,	1534,	1507,	1530,	1517,	1514,	1543,	1568,	1541,	1564,	1551,	1548,	395,	994,	397,	374,	387,	390,	985,	960,	987,	964,	977,	980,	589,	564,	591,	568,	581,	584,	521,	560,	519,	516,	557,	538,	545,	540,	3283,	3258,	3285,	3262,	3275,	3278,	3249,	3224,	3251,	3228,	3241,	3244,	2877,	2852,	2879,	2856,	2869,	2872,	2843,	2818,	2845,	2822,	2835,	2838,	3991,	3392,	3989,	4012,	3999,	3996,	3401,	3426,	3399,	3422,	3409,	3406,	3797,	3822,	3795,	3818,	3805,	3802,	3865,	3826,	3867,	3870,	3829,	3848,	3841,	3846,	
1100,	1117,	1126,	1109,	1130,	1115,	1134,	1151,	1160,	1143,	1164,	1149,	1506,	1523,	1532,	1515,	1536,	1521,	1540,	1557,	1566,	1549,	1570,	1555,	398,	381,	372,	389,	992,	383,	988,	971,	962,	979,	958,	973,	592,	575,	566,	583,	562,	577,	518,	555,	558,	529,	544,	547,	536,	527,	3286,	3269,	3260,	3277,	3256,	3271,	3252,	3235,	3226,	3243,	3222,	3237,	2880,	2863,	2854,	2871,	2850,	2865,	2846,	2829,	2820,	2837,	2816,	2831,	3988,	4005,	4014,	3997,	3394,	4003,	3398,	3415,	3424,	3407,	3428,	3413,	3794,	3811,	3820,	3803,	3824,	3809,	3868,	3831,	3828,	3857,	3842,	3839,	3850,	3859,	
1127,	1102,	1129,	1116,	1125,	1110,	1161,	1136,	1163,	1150,	1159,	1144,	1533,	1508,	1535,	1522,	1531,	1516,	1567,	1542,	1569,	1556,	1565,	1550,	371,	396,	993,	382,	373,	388,	961,	986,	959,	972,	963,	978,	565,	590,	563,	576,	567,	582,	559,	520,	517,	556,	537,	528,	539,	546,	3259,	3284,	3257,	3270,	3261,	3276,	3225,	3250,	3223,	3236,	3227,	3242,	2853,	2878,	2851,	2864,	2855,	2870,	2819,	2844,	2817,	2830,	2821,	2836,	4015,	3990,	3393,	4004,	4013,	3998,	3425,	3400,	3427,	3414,	3423,	3408,	3821,	3796,	3823,	3810,	3819,	3804,	3827,	3866,	3869,	3830,	3849,	3858,	3847,	3840,	
2068,	2083,	2080,	2061,	2070,	2089,	2040,	2055,	2052,	2033,	2042,	2025,	1614,	1629,	1626,	1607,	1616,	1635,	1586,	1601,	1598,	1579,	1588,	1571,	358,	2197,	370,	351,	360,	2203,	330,	345,	342,	323,	332,	315,	2376,	2391,	2388,	2369,	2378,	2397,	2324,	2363,	2342,	2333,	2352,	2359,	2344,	2335,	4818,	4803,	4806,	4825,	4816,	4797,	4846,	4831,	4834,	4853,	4844,	4861,	2772,	2757,	2760,	2779,	2770,	2751,	2800,	2785,	2788,	2807,	2798,	2815,	4028,	4689,	4016,	4035,	4026,	4683,	4056,	4041,	4044,	4063,	4054,	4071,	4510,	4495,	4498,	4517,	4508,	4489,	4562,	4523,	4544,	4553,	4534,	4527,	4542,	4551,	
2081,	2062,	2069,	2090,	2079,	2060,	2053,	2034,	2041,	2026,	2051,	2032,	1627,	1608,	1615,	1636,	1625,	1606,	1599,	1580,	1587,	1572,	1597,	1578,	2195,	352,	359,	2204,	369,	350,	343,	324,	331,	316,	341,	322,	2389,	2370,	2377,	2398,	2387,	2368,	2341,	2332,	2323,	2362,	2343,	2334,	2351,	2360,	4805,	4824,	4817,	4796,	4807,	4826,	4833,	4852,	4845,	4860,	4835,	4854,	2759,	2778,	2771,	2750,	2761,	2780,	2787,	2806,	2799,	2814,	2789,	2808,	4691,	4034,	4027,	4682,	4017,	4036,	4043,	4062,	4055,	4070,	4045,	4064,	4497,	4516,	4509,	4488,	4499,	4518,	4545,	4554,	4563,	4524,	4543,	4552,	4535,	4526,	
2084,	2067,	2082,	2059,	2088,	2071,	2056,	2039,	2054,	2031,	2024,	2043,	1630,	1613,	1628,	1605,	1634,	1617,	1602,	1585,	1600,	1577,	2194,	1589,	2198,	357,	2196,	349,	2202,	361,	346,	329,	344,	321,	314,	333,	2392,	2375,	2390,	2367,	2396,	2379,	2364,	2325,	2340,	2353,	2358,	2361,	2336,	2345,	4802,	4819,	4804,	4827,	4798,	4815,	4830,	4847,	4832,	4855,	4862,	4843,	2756,	2773,	2758,	2781,	2752,	2769,	2784,	2801,	2786,	2809,	4692,	2797,	4688,	4029,	4690,	4037,	4684,	4025,	4040,	4057,	4042,	4065,	4072,	4053,	4494,	4511,	4496,	4519,	4490,	4507,	4522,	4561,	4546,	4533,	4528,	4525,	4550,	4541,	
2063,	2074,	2065,	2078,	2091,	2058,	2035,	2046,	2037,	2050,	2027,	2030,	1609,	1620,	1611,	1624,	1637,	1604,	1581,	1592,	1583,	1596,	1573,	1576,	353,	364,	355,	368,	2205,	348,	325,	336,	327,	340,	317,	320,	2371,	2382,	2373,	2386,	2399,	2366,	2331,	2322,	2329,	2326,	2319,	2348,	2355,	2350,	4823,	4812,	4821,	4808,	4795,	4828,	4851,	4840,	4849,	4836,	4859,	4856,	2777,	2766,	2775,	2762,	2749,	2782,	2805,	2794,	2803,	2790,	2813,	2810,	4033,	4022,	4031,	4018,	4681,	4038,	4061,	4050,	4059,	4046,	4069,	4066,	4515,	4504,	4513,	4500,	4487,	4520,	4555,	4564,	4557,	4560,	4567,	4538,	4531,	4536,	
2066,	2085,	2076,	2093,	2072,	2087,	2038,	2057,	2048,	2029,	2044,	2023,	1612,	1631,	1622,	1639,	1618,	1633,	1584,	1603,	1594,	1575,	1590,	2193,	356,	2199,	366,	2207,	362,	2201,	328,	347,	338,	319,	334,	313,	2374,	2393,	2384,	2401,	2380,	2395,	2328,	2365,	2320,	2339,	2354,	2357,	2346,	2337,	4820,	4801,	4810,	4793,	4814,	4799,	4848,	4829,	4838,	4857,	4842,	4863,	2774,	2755,	2764,	2747,	2768,	2753,	2802,	2783,	2792,	2811,	2796,	4693,	4030,	4687,	4020,	4679,	4024,	4685,	4058,	4039,	4048,	4067,	4052,	4073,	4512,	4493,	4502,	4485,	4506,	4491,	4558,	4521,	4566,	4547,	4532,	4529,	4540,	4549,	
2075,	2064,	2073,	2086,	2077,	2092,	2047,	2036,	2045,	2022,	2049,	2028,	1621,	1610,	1619,	1632,	1623,	1638,	1593,	1582,	1591,	2192,	1595,	1574,	365,	354,	363,	2200,	367,	2206,	337,	326,	335,	312,	339,	318,	2383,	2372,	2381,	2394,	2385,	2400,	2321,	2330,	2327,	2318,	2347,	2338,	2349,	2356,	4811,	4822,	4813,	4800,	4809,	4794,	4839,	4850,	4841,	4864,	4837,	4858,	2765,	2776,	2767,	2754,	2763,	2748,	2793,	2804,	2795,	4694,	2791,	2812,	4021,	4032,	4023,	4686,	4019,	4680,	4049,	4060,	4051,	4074,	4047,	4068,	4503,	4514,	4505,	4492,	4501,	4486,	4565,	4556,	4559,	4568,	4539,	4548,	4537,	4530,	
2096,	2117,	2120,	2103,	2094,	2111,	2130,	2007,	2010,	2137,	2020,	2001,	1642,	2143,	2146,	1649,	1640,	1657,	2156,	2177,	2180,	2163,	2190,	2171,	2210,	2231,	2234,	2217,	2208,	2225,	2244,	297,	300,	2251,	310,	291,	2404,	2257,	2260,	2411,	2402,	2419,	2316,	2277,	2298,	2307,	2288,	2281,	2296,	2305,	4790,	4769,	4766,	4783,	4792,	4775,	4756,	4879,	4876,	4749,	4866,	4885,	2744,	4743,	4740,	2737,	2746,	2729,	4730,	4709,	4706,	4723,	4696,	4715,	4676,	4655,	4652,	4669,	4678,	4661,	4642,	4089,	4086,	4635,	4076,	4095,	4482,	4629,	4626,	4475,	4484,	4467,	4570,	4609,	4588,	4579,	4598,	4605,	4590,	4581,	
2119,	2102,	2095,	2110,	2121,	2104,	2009,	2136,	2021,	2000,	2011,	2138,	2145,	1648,	1641,	1656,	2147,	1650,	2179,	2162,	2191,	2170,	2181,	2164,	2233,	2216,	2209,	2224,	2235,	2218,	299,	2250,	311,	290,	301,	2252,	2259,	2410,	2403,	2418,	2261,	2412,	2299,	2308,	2317,	2278,	2297,	2306,	2289,	2280,	4767,	4784,	4791,	4776,	4765,	4782,	4877,	4750,	4865,	4886,	4875,	4748,	4741,	2738,	2745,	2730,	4739,	2736,	4707,	4724,	4695,	4716,	4705,	4722,	4653,	4670,	4677,	4662,	4651,	4668,	4087,	4636,	4075,	4096,	4085,	4634,	4627,	4476,	4483,	4468,	4625,	4474,	4587,	4578,	4569,	4608,	4589,	4580,	4597,	4606,	
2116,	2097,	2118,	2105,	2112,	2129,	2006,	2131,	2008,	2139,	2002,	2019,	2142,	1643,	2144,	1651,	1658,	2155,	2176,	2157,	2178,	2165,	2172,	2189,	2230,	2211,	2232,	2219,	2226,	2243,	296,	2245,	298,	2253,	292,	309,	2256,	2405,	2258,	2413,	2420,	2269,	2276,	2315,	2300,	2287,	2282,	2279,	2304,	2295,	4770,	4789,	4768,	4781,	4774,	4757,	4880,	4755,	4878,	4747,	4884,	4867,	4744,	2743,	4742,	2735,	2728,	4731,	4710,	4729,	4708,	4721,	4714,	4697,	4656,	4675,	4654,	4667,	4660,	4643,	4090,	4641,	4088,	4633,	4094,	4077,	4630,	4481,	4628,	4473,	4466,	4617,	4610,	4571,	4586,	4599,	4604,	4607,	4582,	4591,	
2101,	2126,	2099,	2122,	2109,	2106,	2135,	2016,	2133,	2012,	1999,	2140,	1647,	2152,	1645,	2148,	1655,	1652,	2161,	2186,	2159,	2182,	2169,	2166,	2215,	2240,	2213,	2236,	2223,	2220,	2249,	306,	2247,	302,	289,	2254,	2409,	2266,	2407,	2262,	2417,	2414,	2309,	2270,	2311,	2314,	2273,	2292,	2285,	2290,	4785,	4760,	4787,	4764,	4777,	4780,	4751,	4870,	4753,	4874,	4887,	4746,	2739,	4734,	2741,	4738,	2731,	2734,	4725,	4700,	4727,	4704,	4717,	4720,	4671,	4646,	4673,	4650,	4663,	4666,	4637,	4080,	4639,	4084,	4097,	4632,	4477,	4620,	4479,	4624,	4469,	4472,	4577,	4616,	4575,	4572,	4613,	4594,	4601,	4596,	
2098,	2115,	2124,	2107,	2128,	2113,	2132,	2005,	2014,	1997,	2018,	2003,	1644,	2141,	2150,	1653,	2154,	1659,	2158,	2175,	2184,	2167,	2188,	2173,	2212,	2229,	2238,	2221,	2242,	2227,	2246,	295,	304,	287,	308,	293,	2406,	2255,	2264,	2415,	2268,	2421,	2312,	2275,	2272,	2301,	2286,	2283,	2294,	2303,	4788,	4771,	4762,	4779,	4758,	4773,	4754,	4881,	4872,	4889,	4868,	4883,	2742,	4745,	4736,	2733,	4732,	2727,	4728,	4711,	4702,	4719,	4698,	4713,	4674,	4657,	4648,	4665,	4644,	4659,	4640,	4091,	4082,	4099,	4078,	4093,	4480,	4631,	4622,	4471,	4618,	4465,	4574,	4611,	4614,	4585,	4600,	4603,	4592,	4583,	
2125,	2100,	2127,	2114,	2123,	2108,	2015,	2134,	2017,	2004,	2013,	1998,	2151,	1646,	2153,	1660,	2149,	1654,	2185,	2160,	2187,	2174,	2183,	2168,	2239,	2214,	2241,	2228,	2237,	2222,	305,	2248,	307,	294,	303,	288,	2265,	2408,	2267,	2422,	2263,	2416,	2271,	2310,	2313,	2274,	2293,	2302,	2291,	2284,	4761,	4786,	4759,	4772,	4763,	4778,	4871,	4752,	4869,	4882,	4873,	4888,	4735,	2740,	4733,	2726,	4737,	2732,	4701,	4726,	4699,	4712,	4703,	4718,	4647,	4672,	4645,	4658,	4649,	4664,	4081,	4638,	4079,	4092,	4083,	4098,	4621,	4478,	4619,	4464,	4623,	4470,	4615,	4576,	4573,	4612,	4593,	4584,	4595,	4602,	
1854,	1869,	1866,	1847,	1856,	1875,	1994,	1841,	1838,	1987,	1996,	1979,	1828,	1675,	1672,	1821,	1662,	1681,	1800,	1815,	1812,	1793,	1802,	1785,	144,	159,	156,	137,	146,	165,	284,	131,	128,	277,	286,	269,	118,	2437,	2434,	111,	2424,	2443,	2488,	2479,	2458,	2449,	2468,	2475,	2460,	2451,	2532,	2517,	2520,	2539,	2530,	2511,	4892,	2545,	2548,	4899,	4890,	4907,	2558,	2711,	2714,	2565,	2724,	2705,	2586,	2571,	2574,	2593,	2584,	2601,	4242,	4227,	4230,	4249,	4240,	4221,	4102,	4255,	4258,	4109,	4100,	4117,	4268,	4449,	4452,	4275,	4462,	4443,	4398,	4407,	4428,	4437,	4418,	4411,	4426,	4435,	
1867,	1848,	1855,	1876,	1865,	1846,	1839,	1988,	1995,	1980,	1837,	1986,	1673,	1822,	1661,	1682,	1671,	1820,	1813,	1794,	1801,	1786,	1811,	1792,	157,	138,	145,	166,	155,	136,	129,	278,	285,	270,	127,	276,	2435,	112,	2423,	2444,	2433,	110,	2457,	2448,	2487,	2478,	2459,	2450,	2467,	2476,	2519,	2538,	2531,	2510,	2521,	2540,	2547,	4898,	4891,	4906,	2549,	4900,	2713,	2564,	2725,	2704,	2715,	2566,	2573,	2592,	2585,	2600,	2575,	2594,	4229,	4248,	4241,	4220,	4231,	4250,	4257,	4108,	4101,	4116,	4259,	4110,	4451,	4274,	4463,	4442,	4453,	4276,	4429,	4438,	4399,	4408,	4427,	4436,	4419,	4410,	
1870,	1853,	1868,	1845,	1874,	1857,	1842,	1993,	1840,	1985,	1978,	1829,	1676,	1827,	1674,	1819,	1680,	1663,	1816,	1799,	1814,	1791,	1784,	1803,	160,	143,	158,	135,	164,	147,	132,	283,	130,	275,	268,	119,	2438,	117,	2436,	109,	2442,	2425,	2480,	2489,	2456,	2469,	2474,	2477,	2452,	2461,	2516,	2533,	2518,	2541,	2512,	2529,	2544,	4893,	2546,	4901,	4908,	2557,	2710,	2559,	2712,	2567,	2706,	2723,	2570,	2587,	2572,	2595,	2602,	2583,	4226,	4243,	4228,	4251,	4222,	4239,	4254,	4103,	4256,	4111,	4118,	4267,	4448,	4269,	4450,	4277,	4444,	4461,	4406,	4397,	4430,	4417,	4412,	4409,	4434,	4425,	
1849,	1860,	1851,	1864,	1877,	1844,	1989,	1832,	1991,	1836,	1981,	1984,	1823,	1666,	1825,	1670,	1683,	1818,	1795,	1806,	1797,	1810,	1787,	1790,	139,	150,	141,	154,	167,	134,	279,	122,	281,	126,	271,	274,	113,	2428,	115,	2432,	2445,	108,	2447,	2486,	2493,	2490,	2483,	2464,	2471,	2466,	2537,	2526,	2535,	2522,	2509,	2542,	4897,	2554,	4895,	2550,	4905,	4902,	2563,	2720,	2561,	2716,	2703,	2568,	2591,	2580,	2589,	2576,	2599,	2596,	4247,	4236,	4245,	4232,	4219,	4252,	4107,	4264,	4105,	4260,	4115,	4112,	4273,	4458,	4271,	4454,	4441,	4278,	4439,	4400,	4393,	4396,	4403,	4422,	4415,	4420,	
1852,	1871,	1862,	1879,	1858,	1873,	1992,	1843,	1834,	1983,	1830,	1977,	1826,	1677,	1668,	1685,	1664,	1679,	1798,	1817,	1808,	1789,	1804,	1783,	142,	161,	152,	169,	148,	163,	282,	133,	124,	273,	120,	267,	116,	2439,	2430,	107,	2426,	2441,	2492,	2481,	2484,	2455,	2470,	2473,	2462,	2453,	2534,	2515,	2524,	2507,	2528,	2513,	4894,	2543,	2552,	4903,	2556,	4909,	2560,	2709,	2718,	2701,	2722,	2707,	2588,	2569,	2578,	2597,	2582,	2603,	4244,	4225,	4234,	4217,	4238,	4223,	4104,	4253,	4262,	4113,	4266,	4119,	4270,	4447,	4456,	4279,	4460,	4445,	4394,	4405,	4402,	4431,	4416,	4413,	4424,	4433,	
1861,	1850,	1859,	1872,	1863,	1878,	1833,	1990,	1831,	1976,	1835,	1982,	1667,	1824,	1665,	1678,	1669,	1684,	1807,	1796,	1805,	1782,	1809,	1788,	151,	140,	149,	162,	153,	168,	123,	280,	121,	266,	125,	272,	2429,	114,	2427,	2440,	2431,	2446,	2485,	2494,	2491,	2482,	2463,	2454,	2465,	2472,	2525,	2536,	2527,	2514,	2523,	2508,	2553,	4896,	2555,	4910,	2551,	4904,	2719,	2562,	2721,	2708,	2717,	2702,	2579,	2590,	2581,	2604,	2577,	2598,	4235,	4246,	4237,	4224,	4233,	4218,	4263,	4106,	4265,	4120,	4261,	4114,	4457,	4272,	4459,	4446,	4455,	4440,	4401,	4392,	4395,	4404,	4423,	4432,	4421,	4414,	
1924,	1893,	1916,	1883,	1880,	1921,	1928,	1959,	1936,	1969,	1972,	1931,	1730,	1699,	1722,	1689,	1686,	1727,	1734,	1765,	1742,	1775,	1778,	1737,	214,	183,	206,	173,	170,	211,	218,	249,	226,	259,	262,	221,	62,		93,		70,		103,	106,	65,		36,		31,		50,		2495,	18,		7,		48,		2497,	4962,	4993,	4970,	2503,	2506,	4965,	4958,	4927,	4950,	4917,	4914,	4955,	2656,	2687,	2664,	2697,	2700,	2659,	2652,	2621,	2644,	2611,	2608,	2649,	4172,	4203,	4180,	4213,	4216,	4175,	4168,	4137,	4160,	4127,	4124,	4165,	4324,	4293,	4316,	4283,	4280,	4321,	4350,	4355,	4336,	4391,	4368,	4379,	4338,	4389,	
1915,	1884,	1925,	1922,	1917,	1882,	1937,	1968,	1975,	1930,	1935,	1970,	1721,	1690,	1731,	1728,	1723,	1688,	1743,	1774,	1781,	1736,	1741,	1776,	205,	174,	215,	212,	207,	172,	227,	258,	265,	220,	225,	260,	71,		102,	61,		64,		69,		104,	51,		58,		35,		30,		49,		2496,	9,		6,		4971,	2502,	4961,	4964,	4969,	2504,	4949,	4918,	4911,	4956,	4951,	4916,	2665,	2696,	2655,	2658,	2663,	2698,	2643,	2612,	2605,	2650,	2645,	2610,	4181,	4212,	4171,	4174,	4179,	4214,	4159,	4128,	4121,	4166,	4161,	4126,	4315,	4284,	4325,	4322,	4317,	4282,	4335,	4328,	4351,	4356,	4337,	4390,	4377,	4380,	
1894,	1923,	1892,	1881,	1920,	1927,	1958,	1929,	1960,	1971,	1932,	1973,	1700,	1729,	1698,	1687,	1726,	1733,	1764,	1735,	1766,	1777,	1738,	1779,	184,	213,	182,	171,	210,	217,	248,	219,	250,	261,	222,	263,	92,		63,		94,		105,	66,		59,		34,		37,		32,		17,		8,		19,		2498,	47,		4992,	4963,	4994,	2505,	4966,	4959,	4928,	4957,	4926,	4915,	4954,	4913,	2686,	2657,	2688,	2699,	2660,	2653,	2622,	2651,	2620,	2609,	2648,	2607,	4202,	4173,	4204,	4215,	4176,	4169,	4138,	4167,	4136,	4125,	4164,	4123,	4294,	4323,	4292,	4281,	4320,	4327,	4352,	4349,	4354,	4369,	4378,	4367,	4388,	4339,	
1885,	1914,	1905,	1926,	1891,	1918,	1967,	1938,	1947,	1974,	1961,	1934,	1691,	1720,	1711,	1732,	1697,	1724,	1773,	1744,	1753,	1780,	1767,	1740,	175,	204,	195,	216,	181,	208,	257,	228,	237,	264,	251,	224,	101,	72,		81,		60,		95,		68,		57,		52,		27,		20,		29,		22,		5,		10,		2501,	4972,	4981,	4960,	4995,	4968,	4919,	4948,	4939,	4912,	4925,	4952,	2695,	2666,	2675,	2654,	2689,	2662,	2613,	2642,	2633,	2606,	2619,	2646,	4211,	4182,	4191,	4170,	4205,	4178,	4129,	4158,	4149,	4122,	4135,	4162,	4285,	4314,	4305,	4326,	4291,	4318,	4329,	4334,	4359,	4366,	4357,	4364,	4381,	4376,	
1904,	1895,	1910,	1919,	1906,	1899,	1948,	1957,	1942,	1933,	1946,	1953,	1710,	1701,	1716,	1725,	1712,	1705,	1754,	1763,	1748,	1739,	1752,	1759,	194,	185,	200,	209,	196,	189,	238,	247,	232,	223,	236,	243,	82,		91,		76,		67,		80,		87,		38,		33,		56,		23,		16,		11,		46,		2499,	4982,	4991,	4976,	4967,	4980,	4987,	4938,	4929,	4944,	4953,	4940,	4933,	2676,	2685,	2670,	2661,	2674,	2681,	2632,	2623,	2638,	2647,	2634,	2627,	4192,	4201,	4186,	4177,	4190,	4197,	4148,	4139,	4154,	4163,	4150,	4143,	4304,	4295,	4310,	4319,	4306,	4299,	4348,	4353,	4330,	4363,	4370,	4375,	4340,	4387,	
1911,	1886,	1913,	1900,	1909,	1890,	1941,	1966,	1939,	1952,	1943,	1962,	1717,	1692,	1719,	1706,	1715,	1696,	1747,	1772,	1745,	1758,	1749,	1768,	201,	176,	203,	190,	199,	180,	231,	256,	229,	242,	233,	252,	75,		100,	73,		86,		77,		96,		53,		26,		15,		28,		21,		2,		43,		4,		4975,	2500,	4973,	4986,	4977,	4996,	4945,	4920,	4947,	4934,	4943,	4924,	2669,	2694,	2667,	2680,	2671,	2690,	2639,	2614,	2641,	2628,	2637,	2618,	4185,	4210,	4183,	4196,	4187,	4206,	4155,	4130,	4157,	4144,	4153,	4134,	4311,	4286,	4313,	4300,	4309,	4290,	4333,	4360,	4371,	4358,	4365,	4384,	4343,	4382,	
1896,	1903,	1888,	1907,	1898,	1901,	1956,	1949,	1964,	1945,	1954,	1951,	1702,	1709,	1694,	1713,	1704,	1707,	1762,	1755,	1770,	1751,	1760,	1757,	186,	193,	178,	197,	188,	191,	246,	239,	254,	235,	244,	241,	90,		83,		98,		79,		88,		85,		14,		39,		24,		55,		12,		41,		0,		45,		4990,	4983,	4998,	4979,	4988,	4985,	4930,	4937,	4922,	4941,	4932,	4935,	2684,	2677,	2692,	2673,	2682,	2679,	2624,	2631,	2616,	2635,	2626,	2629,	4200,	4193,	4208,	4189,	4198,	4195,	4140,	4147,	4132,	4151,	4142,	4145,	4296,	4303,	4288,	4307,	4298,	4301,	4372,	4347,	4362,	4331,	4374,	4345,	4386,	4341,	
1887,	1912,	1897,	1902,	1889,	1908,	1965,	1940,	1955,	1950,	1963,	1944,	1693,	1718,	1703,	1708,	1695,	1714,	1771,	1746,	1761,	1756,	1769,	1750,	177,	202,	187,	192,	179,	198,	255,	230,	245,	240,	253,	234,	99,		74,		89,		84,		97,		78,		25,		54,		13,		40,		1,		44,		3,		42,		4999,	4974,	4989,	4984,	4997,	4978,	4921,	4946,	4931,	4936,	4923,	4942,	2693,	2668,	2683,	2678,	2691,	2672,	2615,	2640,	2625,	2630,	2617,	2636,	4209,	4184,	4199,	4194,	4207,	4188,	4131,	4156,	4141,	4146,	4133,	4152,	4287,	4312,	4297,	4302,	4289,	4308,	4361,	4332,	4373,	4346,	4385,	4342,	4383,	4344,	
9448,	9433,	9436,	9455,	9446,	9427,	9476,	9461,	9464,	9483,	9474,	9491,	9278,	9263,	9266,	9285,	9276,	9257,	9306,	9291,	9294,	9313,	9304,	9321,	9846,	9861,	9858,	9839,	9848,	9867,	9818,	9833,	9830,	9811,	9820,	9803,	7540,	7555,	7552,	7533,	7542,	7561,	9988,	7527,	7506,	9997,	7516,	7523,	7508,	9999,	5012,	7497,	5000,	5019,	5010,	7491,	5040,	5025,	5028,	5047,	5038,	5055,	7342,	7327,	7330,	7349,	7340,	7321,	7370,	7355,	7358,	7377,	7368,	7385,	5410,	5425,	5422,	5403,	5412,	5431,	5382,	5397,	5394,	5375,	5384,	5367,	5604,	5619,	5616,	5597,	5606,	5625,	5552,	5591,	5570,	5561,	5580,	5587,	5572,	5563,	
9435,	9454,	9447,	9426,	9437,	9456,	9463,	9482,	9475,	9490,	9465,	9484,	9265,	9284,	9277,	9256,	9267,	9286,	9293,	9312,	9305,	9320,	9295,	9314,	9859,	9840,	9847,	9868,	9857,	9838,	9831,	9812,	9819,	9804,	9829,	9810,	7553,	7534,	7541,	7562,	7551,	7532,	7505,	9996,	9987,	7526,	7507,	9998,	7515,	7524,	7499,	5018,	5011,	7490,	5001,	5020,	5027,	5046,	5039,	5054,	5029,	5048,	7329,	7348,	7341,	7320,	7331,	7350,	7357,	7376,	7369,	7384,	7359,	7378,	5423,	5404,	5411,	5432,	5421,	5402,	5395,	5376,	5383,	5368,	5393,	5374,	5617,	5598,	5605,	5626,	5615,	5596,	5569,	5560,	5551,	5590,	5571,	5562,	5579,	5588,	
9432,	9449,	9434,	9457,	9428,	9445,	9460,	9477,	9462,	9485,	9492,	9473,	9262,	9279,	9264,	9287,	9258,	9275,	9290,	9307,	9292,	9315,	9322,	9303,	9862,	9845,	9860,	9837,	9866,	9849,	9834,	9817,	9832,	9809,	9802,	9821,	7556,	7539,	7554,	7531,	7560,	7543,	7528,	9989,	7504,	7517,	7522,	7525,	7500,	7509,	7496,	5013,	7498,	5021,	7492,	5009,	5024,	5041,	5026,	5049,	5056,	5037,	7326,	7343,	7328,	7351,	7322,	7339,	7354,	7371,	7356,	7379,	7386,	7367,	5426,	5409,	5424,	5401,	5430,	5413,	5398,	5381,	5396,	5373,	5366,	5385,	5620,	5603,	5618,	5595,	5624,	5607,	5592,	5553,	5568,	5581,	5586,	5589,	5564,	5573,	
9453,	9442,	9451,	9438,	9425,	9458,	9481,	9470,	9479,	9466,	9489,	9486,	9283,	9272,	9281,	9268,	9255,	9288,	9311,	9300,	9309,	9296,	9319,	9316,	9841,	9852,	9843,	9856,	9869,	9836,	9813,	9824,	9815,	9828,	9805,	9808,	7535,	7546,	7537,	7550,	7563,	7530,	9995,	9986,	9993,	9990,	9983,	7512,	7519,	7514,	5017,	5006,	5015,	5002,	7489,	5022,	5045,	5034,	5043,	5030,	5053,	5050,	7347,	7336,	7345,	7332,	7319,	7352,	7375,	7364,	7373,	7360,	7383,	7380,	5405,	5416,	5407,	5420,	5433,	5400,	5377,	5388,	5379,	5392,	5369,	5372,	5599,	5610,	5601,	5614,	5627,	5594,	5559,	5550,	5557,	5554,	5547,	5576,	5583,	5578,	
9450,	9431,	9440,	9423,	9444,	9429,	9478,	9459,	9468,	9487,	9472,	9493,	9280,	9261,	9270,	9253,	9274,	9259,	9308,	9289,	9298,	9317,	9302,	9323,	9844,	9863,	9854,	9871,	9850,	9865,	9816,	9835,	9826,	9807,	9822,	9801,	7538,	7557,	7548,	7565,	7544,	7559,	9992,	7529,	9984,	7503,	7518,	7521,	7510,	7501,	5014,	7495,	5004,	7487,	5008,	7493,	5042,	5023,	5032,	5051,	5036,	5057,	7344,	7325,	7334,	7317,	7338,	7323,	7372,	7353,	7362,	7381,	7366,	7387,	5408,	5427,	5418,	5435,	5414,	5429,	5380,	5399,	5390,	5371,	5386,	5365,	5602,	5621,	5612,	5629,	5608,	5623,	5556,	5593,	5548,	5567,	5582,	5585,	5574,	5565,	
9441,	9452,	9443,	9430,	9439,	9424,	9469,	9480,	9471,	9494,	9467,	9488,	9271,	9282,	9273,	9260,	9269,	9254,	9299,	9310,	9301,	9324,	9297,	9318,	9853,	9842,	9851,	9864,	9855,	9870,	9825,	9814,	9823,	9800,	9827,	9806,	7547,	7536,	7545,	7558,	7549,	7564,	9985,	9994,	9991,	9982,	7511,	7502,	7513,	7520,	5005,	5016,	5007,	7494,	5003,	7488,	5033,	5044,	5035,	5058,	5031,	5052,	7335,	7346,	7337,	7324,	7333,	7318,	7363,	7374,	7365,	7388,	7361,	7382,	5417,	5406,	5415,	5428,	5419,	5434,	5389,	5378,	5387,	5364,	5391,	5370,	5611,	5600,	5609,	5622,	5613,	5628,	5549,	5558,	5555,	5546,	5575,	5566,	5577,	5584,	
9420,	9399,	9396,	9413,	9422,	9405,	9386,	9509,	9506,	9379,	9496,	9515,	9250,	9373,	9370,	9243,	9252,	9235,	9360,	9339,	9336,	9353,	9326,	9345,	9874,	9895,	9898,	9881,	9872,	9889,	9908,	9785,	9788,	9915,	9798,	9779,	7568,	9921,	9924,	7575,	7566,	7583,	9980,	9941,	9962,	9971,	9952,	9945,	9960,	9969,	7484,	7463,	7460,	7477,	7486,	7469,	7450,	5073,	5070,	7443,	5060,	5079,	7314,	7437,	7434,	7307,	7316,	7299,	7424,	7403,	7400,	7417,	7390,	7409,	5438,	5459,	5462,	5445,	5436,	5453,	5472,	5349,	5352,	5479,	5362,	5343,	5632,	5485,	5488,	5639,	5630,	5647,	5544,	5505,	5526,	5535,	5516,	5509,	5524,	5533,	
9397,	9414,	9421,	9406,	9395,	9412,	9507,	9380,	9495,	9516,	9505,	9378,	9371,	9244,	9251,	9236,	9369,	9242,	9337,	9354,	9325,	9346,	9335,	9352,	9897,	9880,	9873,	9888,	9899,	9882,	9787,	9914,	9799,	9778,	9789,	9916,	9923,	7574,	7567,	7582,	9925,	7576,	9963,	9972,	9981,	9942,	9961,	9970,	9953,	9944,	7461,	7478,	7485,	7470,	7459,	7476,	5071,	7444,	5059,	5080,	5069,	7442,	7435,	7308,	7315,	7300,	7433,	7306,	7401,	7418,	7389,	7410,	7399,	7416,	5461,	5444,	5437,	5452,	5463,	5446,	5351,	5478,	5363,	5342,	5353,	5480,	5487,	5638,	5631,	5646,	5489,	5640,	5527,	5536,	5545,	5506,	5525,	5534,	5517,	5508,	
9400,	9419,	9398,	9411,	9404,	9387,	9510,	9385,	9508,	9377,	9514,	9497,	9374,	9249,	9372,	9241,	9234,	9361,	9340,	9359,	9338,	9351,	9344,	9327,	9894,	9875,	9896,	9883,	9890,	9907,	9784,	9909,	9786,	9917,	9780,	9797,	9920,	7569,	9922,	7577,	7584,	9933,	9940,	9979,	9964,	9951,	9946,	9943,	9968,	9959,	7464,	7483,	7462,	7475,	7468,	7451,	5074,	7449,	5072,	7441,	5078,	5061,	7438,	7313,	7436,	7305,	7298,	7425,	7404,	7423,	7402,	7415,	7408,	7391,	5458,	5439,	5460,	5447,	5454,	5471,	5348,	5473,	5350,	5481,	5344,	5361,	5484,	5633,	5486,	5641,	5648,	5497,	5504,	5543,	5528,	5515,	5510,	5507,	5532,	5523,	
9415,	9390,	9417,	9394,	9407,	9410,	9381,	9500,	9383,	9504,	9517,	9376,	9245,	9364,	9247,	9368,	9237,	9240,	9355,	9330,	9357,	9334,	9347,	9350,	9879,	9904,	9877,	9900,	9887,	9884,	9913,	9794,	9911,	9790,	9777,	9918,	7573,	9930,	7571,	9926,	7581,	7578,	9973,	9934,	9975,	9978,	9937,	9956,	9949,	9954,	7479,	7454,	7481,	7458,	7471,	7474,	7445,	5064,	7447,	5068,	5081,	7440,	7309,	7428,	7311,	7432,	7301,	7304,	7419,	7394,	7421,	7398,	7411,	7414,	5443,	5468,	5441,	5464,	5451,	5448,	5477,	5358,	5475,	5354,	5341,	5482,	5637,	5494,	5635,	5490,	5645,	5642,	5537,	5498,	5539,	5542,	5501,	5520,	5513,	5518,	
9418,	9401,	9392,	9409,	9388,	9403,	9384,	9511,	9502,	9519,	9498,	9513,	9248,	9375,	9366,	9239,	9362,	9233,	9358,	9341,	9332,	9349,	9328,	9343,	9876,	9893,	9902,	9885,	9906,	9891,	9910,	9783,	9792,	9775,	9796,	9781,	7570,	9919,	9928,	7579,	9932,	7585,	9976,	9939,	9936,	9965,	9950,	9947,	9958,	9967,	7482,	7465,	7456,	7473,	7452,	7467,	7448,	5075,	5066,	5083,	5062,	5077,	7312,	7439,	7430,	7303,	7426,	7297,	7422,	7405,	7396,	7413,	7392,	7407,	5440,	5457,	5466,	5449,	5470,	5455,	5474,	5347,	5356,	5339,	5360,	5345,	5634,	5483,	5492,	5643,	5496,	5649,	5540,	5503,	5500,	5529,	5514,	5511,	5522,	5531,	
9391,	9416,	9389,	9402,	9393,	9408,	9501,	9382,	9499,	9512,	9503,	9518,	9365,	9246,	9363,	9232,	9367,	9238,	9331,	9356,	9329,	9342,	9333,	9348,	9903,	9878,	9905,	9892,	9901,	9886,	9793,	9912,	9795,	9782,	9791,	9776,	9929,	7572,	9931,	7586,	9927,	7580,	9935,	9974,	9977,	9938,	9957,	9966,	9955,	9948,	7455,	7480,	7453,	7466,	7457,	7472,	5065,	7446,	5063,	5076,	5067,	5082,	7429,	7310,	7427,	7296,	7431,	7302,	7395,	7420,	7393,	7406,	7397,	7412,	5467,	5442,	5469,	5456,	5465,	5450,	5357,	5476,	5359,	5346,	5355,	5340,	5493,	5636,	5495,	5650,	5491,	5644,	5499,	5538,	5541,	5502,	5521,	5530,	5519,	5512,	
9638,	9623,	9626,	9645,	9636,	9617,	9522,	9651,	9654,	9529,	9520,	9537,	9664,	9217,	9220,	9671,	9230,	9211,	9692,	9677,	9680,	9699,	9690,	9707,	7780,	7795,	7792,	7773,	7782,	7801,	9772,	7767,	7764,	9765,	9774,	9757,	7754,	7601,	7598,	7747,	7588,	7607,	7702,	7741,	7720,	7711,	7730,	7737,	7722,	7713,	5202,	5187,	5190,	5209,	5200,	5181,	5086,	5215,	5218,	5093,	5084,	5101,	5228,	7281,	7284,	5235,	7294,	7275,	5256,	5241,	5244,	5263,	5254,	5271,	5844,	5859,	5856,	5837,	5846,	5865,	5336,	5831,	5828,	5329,	5338,	5321,	5818,	5665,	5662,	5811,	5652,	5671,	5766,	5805,	5784,	5775,	5794,	5801,	5786,	5777,	
9625,	9644,	9637,	9616,	9627,	9646,	9653,	9528,	9521,	9536,	9655,	9530,	9219,	9670,	9231,	9210,	9221,	9672,	9679,	9698,	9691,	9706,	9681,	9700,	7793,	7774,	7781,	7802,	7791,	7772,	7765,	9766,	9773,	9758,	7763,	9764,	7599,	7748,	7587,	7608,	7597,	7746,	7719,	7710,	7701,	7740,	7721,	7712,	7729,	7738,	5189,	5208,	5201,	5180,	5191,	5210,	5217,	5092,	5085,	5100,	5219,	5094,	7283,	5234,	7295,	7274,	7285,	5236,	5243,	5262,	5255,	5270,	5245,	5264,	5857,	5838,	5845,	5866,	5855,	5836,	5829,	5330,	5337,	5322,	5827,	5328,	5663,	5812,	5651,	5672,	5661,	5810,	5783,	5774,	5765,	5804,	5785,	5776,	5793,	5802,	
9622,	9639,	9624,	9647,	9618,	9635,	9650,	9523,	9652,	9531,	9538,	9663,	9216,	9665,	9218,	9673,	9212,	9229,	9676,	9693,	9678,	9701,	9708,	9689,	7796,	7779,	7794,	7771,	7800,	7783,	7768,	9771,	7766,	9763,	9756,	7755,	7602,	7753,	7600,	7745,	7606,	7589,	7742,	7703,	7718,	7731,	7736,	7739,	7714,	7723,	5186,	5203,	5188,	5211,	5182,	5199,	5214,	5087,	5216,	5095,	5102,	5227,	7280,	5229,	7282,	5237,	7276,	7293,	5240,	5257,	5242,	5265,	5272,	5253,	5860,	5843,	5858,	5835,	5864,	5847,	5832,	5335,	5830,	5327,	5320,	5819,	5666,	5817,	5664,	5809,	5670,	5653,	5806,	5767,	5782,	5795,	5800,	5803,	5778,	5787,	
9643,	9632,	9641,	9628,	9615,	9648,	9527,	9660,	9525,	9656,	9535,	9532,	9669,	9226,	9667,	9222,	9209,	9674,	9697,	9686,	9695,	9682,	9705,	9702,	7775,	7786,	7777,	7790,	7803,	7770,	9767,	7758,	9769,	7762,	9759,	9762,	7749,	7592,	7751,	7596,	7609,	7744,	7709,	7700,	7707,	7704,	7697,	7726,	7733,	7728,	5207,	5196,	5205,	5192,	5179,	5212,	5091,	5224,	5089,	5220,	5099,	5096,	5233,	7290,	5231,	7286,	7273,	5238,	5261,	5250,	5259,	5246,	5269,	5266,	5839,	5850,	5841,	5854,	5867,	5834,	5331,	5822,	5333,	5826,	5323,	5326,	5813,	5656,	5815,	5660,	5673,	5808,	5773,	5764,	5771,	5768,	5761,	5790,	5797,	5792,	
9640,	9621,	9630,	9613,	9634,	9619,	9524,	9649,	9658,	9533,	9662,	9539,	9666,	9215,	9224,	9207,	9228,	9213,	9694,	9675,	9684,	9703,	9688,	9709,	7778,	7797,	7788,	7805,	7784,	7799,	9770,	7769,	7760,	9761,	7756,	9755,	7752,	7603,	7594,	7611,	7590,	7605,	7706,	7743,	7698,	7717,	7732,	7735,	7724,	7715,	5204,	5185,	5194,	5177,	5198,	5183,	5088,	5213,	5222,	5097,	5226,	5103,	5230,	7279,	7288,	7271,	7292,	7277,	5258,	5239,	5248,	5267,	5252,	5273,	5842,	5861,	5852,	5869,	5848,	5863,	5334,	5833,	5824,	5325,	5820,	5319,	5816,	5667,	5658,	5675,	5654,	5669,	5770,	5807,	5762,	5781,	5796,	5799,	5788,	5779,	
9631,	9642,	9633,	9620,	9629,	9614,	9659,	9526,	9661,	9540,	9657,	9534,	9225,	9668,	9227,	9214,	9223,	9208,	9685,	9696,	9687,	9710,	9683,	9704,	7787,	7776,	7785,	7798,	7789,	7804,	7759,	9768,	7757,	9754,	7761,	9760,	7593,	7750,	7591,	7604,	7595,	7610,	7699,	7708,	7705,	7696,	7725,	7716,	7727,	7734,	5195,	5206,	5197,	5184,	5193,	5178,	5223,	5090,	5225,	5104,	5221,	5098,	7289,	5232,	7291,	7278,	7287,	7272,	5249,	5260,	5251,	5274,	5247,	5268,	5851,	5840,	5849,	5862,	5853,	5868,	5823,	5332,	5821,	5318,	5825,	5324,	5657,	5814,	5655,	5668,	5659,	5674,	5763,	5772,	5769,	5760,	5789,	5780,	5791,	5798,	
9610,	9589,	9586,	9603,	9612,	9595,	9576,	9555,	9552,	9569,	9542,	9561,	9204,	9183,	9180,	9197,	9206,	9189,	9170,	9149,	9146,	9163,	9712,	9155,	7808,	7829,	7832,	7815,	7806,	7823,	9718,	9739,	9742,	9725,	9752,	9733,	7614,	7635,	7638,	7621,	7612,	7629,	7694,	7655,	7676,	7685,	7666,	7659,	7674,	7683,	5174,	5153,	5150,	5167,	5176,	5159,	5140,	5119,	5116,	5133,	5106,	5125,	7268,	7247,	7244,	7261,	7270,	7253,	7234,	7213,	7210,	7227,	5276,	7219,	5872,	5893,	5896,	5879,	5870,	5887,	5282,	5303,	5306,	5289,	5316,	5297,	5678,	5699,	5702,	5685,	5676,	5693,	5758,	5719,	5740,	5749,	5730,	5723,	5738,	5747,	
9587,	9604,	9611,	9596,	9585,	9602,	9553,	9570,	9541,	9562,	9551,	9568,	9181,	9198,	9205,	9190,	9179,	9196,	9147,	9164,	9711,	9156,	9145,	9162,	7831,	7814,	7807,	7822,	7833,	7816,	9741,	9724,	9753,	9732,	9743,	9726,	7637,	7620,	7613,	7628,	7639,	7622,	7677,	7686,	7695,	7656,	7675,	7684,	7667,	7658,	5151,	5168,	5175,	5160,	5149,	5166,	5117,	5134,	5105,	5126,	5115,	5132,	7245,	7262,	7269,	7254,	7243,	7260,	7211,	7228,	5275,	7220,	7209,	7226,	5895,	5878,	5871,	5886,	5897,	5880,	5305,	5288,	5317,	5296,	5307,	5290,	5701,	5684,	5677,	5692,	5703,	5686,	5741,	5750,	5759,	5720,	5739,	5748,	5731,	5722,	
9590,	9609,	9588,	9601,	9594,	9577,	9556,	9575,	9554,	9567,	9560,	9543,	9184,	9203,	9182,	9195,	9188,	9171,	9150,	9169,	9148,	9161,	9154,	9713,	7828,	7809,	7830,	7817,	7824,	9717,	9738,	9719,	9740,	9727,	9734,	9751,	7634,	7615,	7636,	7623,	7630,	7647,	7654,	7693,	7678,	7665,	7660,	7657,	7682,	7673,	5154,	5173,	5152,	5165,	5158,	5141,	5120,	5139,	5118,	5131,	5124,	5107,	7248,	7267,	7246,	7259,	7252,	7235,	7214,	7233,	7212,	7225,	7218,	5277,	5892,	5873,	5894,	5881,	5888,	5281,	5302,	5283,	5304,	5291,	5298,	5315,	5698,	5679,	5700,	5687,	5694,	5711,	5718,	5757,	5742,	5729,	5724,	5721,	5746,	5737,	
9605,	9580,	9607,	9584,	9597,	9600,	9571,	9546,	9573,	9550,	9563,	9566,	9199,	9174,	9201,	9178,	9191,	9194,	9165,	9140,	9167,	9144,	9157,	9160,	7813,	9714,	7811,	7834,	7821,	7818,	9723,	9748,	9721,	9744,	9731,	9728,	7619,	7644,	7617,	7640,	7627,	7624,	7687,	7648,	7689,	7692,	7651,	7670,	7663,	7668,	5169,	5144,	5171,	5148,	5161,	5164,	5135,	5110,	5137,	5114,	5127,	5130,	7263,	7238,	7265,	7242,	7255,	7258,	7229,	7204,	7231,	7208,	7221,	7224,	5877,	5278,	5875,	5898,	5885,	5882,	5287,	5312,	5285,	5308,	5295,	5292,	5683,	5708,	5681,	5704,	5691,	5688,	5751,	5712,	5753,	5756,	5715,	5734,	5727,	5732,	
9608,	9591,	9582,	9599,	9578,	9593,	9574,	9557,	9548,	9565,	9544,	9559,	9202,	9185,	9176,	9193,	9172,	9187,	9168,	9151,	9142,	9159,	9138,	9153,	7810,	7827,	7836,	7819,	9716,	7825,	9720,	9737,	9746,	9729,	9750,	9735,	7616,	7633,	7642,	7625,	7646,	7631,	7690,	7653,	7650,	7679,	7664,	7661,	7672,	7681,	5172,	5155,	5146,	5163,	5142,	5157,	5138,	5121,	5112,	5129,	5108,	5123,	7266,	7249,	7240,	7257,	7236,	7251,	7232,	7215,	7206,	7223,	7202,	7217,	5874,	5891,	5900,	5883,	5280,	5889,	5284,	5301,	5310,	5293,	5314,	5299,	5680,	5697,	5706,	5689,	5710,	5695,	5754,	5717,	5714,	5743,	5728,	5725,	5736,	5745,	
9581,	9606,	9579,	9592,	9583,	9598,	9547,	9572,	9545,	9558,	9549,	9564,	9175,	9200,	9173,	9186,	9177,	9192,	9141,	9166,	9139,	9152,	9143,	9158,	7837,	7812,	9715,	7826,	7835,	7820,	9747,	9722,	9749,	9736,	9745,	9730,	7643,	7618,	7645,	7632,	7641,	7626,	7649,	7688,	7691,	7652,	7671,	7680,	7669,	7662,	5145,	5170,	5143,	5156,	5147,	5162,	5111,	5136,	5109,	5122,	5113,	5128,	7239,	7264,	7237,	7250,	7241,	7256,	7205,	7230,	7203,	7216,	7207,	7222,	5901,	5876,	5279,	5890,	5899,	5884,	5311,	5286,	5313,	5300,	5309,	5294,	5707,	5682,	5709,	5696,	5705,	5690,	5713,	5752,	5755,	5716,	5735,	5744,	5733,	5726,	
8640,	8625,	8628,	8647,	8638,	8619,	8668,	8653,	8656,	8675,	8666,	8683,	9094,	9079,	9082,	9101,	9092,	9073,	9122,	9107,	9110,	9129,	9120,	9137,	7850,	8511,	7838,	7857,	7848,	8505,	7878,	7863,	7866,	7885,	7876,	7893,	8332,	8317,	8320,	8339,	8330,	8311,	8384,	8345,	8366,	8375,	8356,	8349,	8364,	8373,	6704,	6689,	6692,	6711,	6702,	6683,	6732,	6717,	6720,	6739,	6730,	6747,	7158,	7143,	7146,	7165,	7156,	7137,	7186,	7171,	7174,	7193,	7184,	7201,	5914,	6575,	5902,	5921,	5912,	6569,	5942,	5927,	5930,	5949,	5940,	5957,	6396,	6381,	6384,	6403,	6394,	6375,	6448,	6409,	6430,	6439,	6420,	6413,	6428,	6437,	
8627,	8646,	8639,	8618,	8629,	8648,	8655,	8674,	8667,	8682,	8657,	8676,	9081,	9100,	9093,	9072,	9083,	9102,	9109,	9128,	9121,	9136,	9111,	9130,	8513,	7856,	7849,	8504,	7839,	7858,	7865,	7884,	7877,	7892,	7867,	7886,	8319,	8338,	8331,	8310,	8321,	8340,	8367,	8376,	8385,	8346,	8365,	8374,	8357,	8348,	6691,	6710,	6703,	6682,	6693,	6712,	6719,	6738,	6731,	6746,	6721,	6740,	7145,	7164,	7157,	7136,	7147,	7166,	7173,	7192,	7185,	7200,	7175,	7194,	6577,	5920,	5913,	6568,	5903,	5922,	5929,	5948,	5941,	5956,	5931,	5950,	6383,	6402,	6395,	6374,	6385,	6404,	6431,	6440,	6449,	6410,	6429,	6438,	6421,	6412,	
8624,	8641,	8626,	8649,	8620,	8637,	8652,	8669,	8654,	8677,	8684,	8665,	9078,	9095,	9080,	9103,	9074,	9091,	9106,	9123,	9108,	9131,	8514,	9119,	8510,	7851,	8512,	7859,	8506,	7847,	7862,	7879,	7864,	7887,	7894,	7875,	8316,	8333,	8318,	8341,	8312,	8329,	8344,	8383,	8368,	8355,	8350,	8347,	8372,	8363,	6688,	6705,	6690,	6713,	6684,	6701,	6716,	6733,	6718,	6741,	6748,	6729,	7142,	7159,	7144,	7167,	7138,	7155,	7170,	7187,	7172,	7195,	6578,	7183,	6574,	5915,	6576,	5923,	6570,	5911,	5926,	5943,	5928,	5951,	5958,	5939,	6380,	6397,	6382,	6405,	6376,	6393,	6408,	6447,	6432,	6419,	6414,	6411,	6436,	6427,	
8645,	8634,	8643,	8630,	8617,	8650,	8673,	8662,	8671,	8658,	8681,	8678,	9099,	9088,	9097,	9084,	9071,	9104,	9127,	9116,	9125,	9112,	9135,	9132,	7855,	7844,	7853,	7840,	8503,	7860,	7883,	7872,	7881,	7868,	7891,	7888,	8337,	8326,	8335,	8322,	8309,	8342,	8377,	8386,	8379,	8382,	8389,	8360,	8353,	8358,	6709,	6698,	6707,	6694,	6681,	6714,	6737,	6726,	6735,	6722,	6745,	6742,	7163,	7152,	7161,	7148,	7135,	7168,	7191,	7180,	7189,	7176,	7199,	7196,	5919,	5908,	5917,	5904,	6567,	5924,	5947,	5936,	5945,	5932,	5955,	5952,	6401,	6390,	6399,	6386,	6373,	6406,	6441,	6450,	6443,	6446,	6453,	6424,	6417,	6422,	
8642,	8623,	8632,	8615,	8636,	8621,	8670,	8651,	8660,	8679,	8664,	8685,	9096,	9077,	9086,	9069,	9090,	9075,	9124,	9105,	9114,	9133,	9118,	8515,	7852,	8509,	7842,	8501,	7846,	8507,	7880,	7861,	7870,	7889,	7874,	7895,	8334,	8315,	8324,	8307,	8328,	8313,	8380,	8343,	8388,	8369,	8354,	8351,	8362,	8371,	6706,	6687,	6696,	6679,	6700,	6685,	6734,	6715,	6724,	6743,	6728,	6749,	7160,	7141,	7150,	7133,	7154,	7139,	7188,	7169,	7178,	7197,	7182,	6579,	5916,	6573,	5906,	6565,	5910,	6571,	5944,	5925,	5934,	5953,	5938,	5959,	6398,	6379,	6388,	6371,	6392,	6377,	6444,	6407,	6452,	6433,	6418,	6415,	6426,	6435,	
8633,	8644,	8635,	8622,	8631,	8616,	8661,	8672,	8663,	8686,	8659,	8680,	9087,	9098,	9089,	9076,	9085,	9070,	9115,	9126,	9117,	8516,	9113,	9134,	7843,	7854,	7845,	8508,	7841,	8502,	7871,	7882,	7873,	7896,	7869,	7890,	8325,	8336,	8327,	8314,	8323,	8308,	8387,	8378,	8381,	8390,	8361,	8370,	8359,	8352,	6697,	6708,	6699,	6686,	6695,	6680,	6725,	6736,	6727,	6750,	6723,	6744,	7151,	7162,	7153,	7140,	7149,	7134,	7179,	7190,	7181,	6580,	7177,	7198,	5907,	5918,	5909,	6572,	5905,	6566,	5935,	5946,	5937,	5960,	5933,	5954,	6389,	6400,	6391,	6378,	6387,	6372,	6451,	6442,	6445,	6454,	6425,	6434,	6423,	6416,	
8612,	8591,	8588,	8605,	8614,	8597,	8578,	8701,	8698,	8571,	8688,	8707,	9066,	8565,	8562,	9059,	9068,	9051,	8552,	8531,	8528,	8545,	8518,	8537,	8498,	8477,	8474,	8491,	8500,	8483,	8464,	7911,	7908,	8457,	7898,	7917,	8304,	8451,	8448,	8297,	8306,	8289,	8392,	8431,	8410,	8401,	8420,	8427,	8412,	8403,	6676,	6655,	6652,	6669,	6678,	6661,	6642,	6765,	6762,	6635,	6752,	6771,	7130,	6629,	6626,	7123,	7132,	7115,	6616,	6595,	6592,	6609,	6582,	6601,	6562,	6541,	6538,	6555,	6564,	6547,	6528,	5975,	5972,	6521,	5962,	5981,	6368,	6515,	6512,	6361,	6370,	6353,	6456,	6495,	6474,	6465,	6484,	6491,	6476,	6467,	
8589,	8606,	8613,	8598,	8587,	8604,	8699,	8572,	8687,	8708,	8697,	8570,	8563,	9060,	9067,	9052,	8561,	9058,	8529,	8546,	8517,	8538,	8527,	8544,	8475,	8492,	8499,	8484,	8473,	8490,	7909,	8458,	7897,	7918,	7907,	8456,	8449,	8298,	8305,	8290,	8447,	8296,	8409,	8400,	8391,	8430,	8411,	8402,	8419,	8428,	6653,	6670,	6677,	6662,	6651,	6668,	6763,	6636,	6751,	6772,	6761,	6634,	6627,	7124,	7131,	7116,	6625,	7122,	6593,	6610,	6581,	6602,	6591,	6608,	6539,	6556,	6563,	6548,	6537,	6554,	5973,	6522,	5961,	5982,	5971,	6520,	6513,	6362,	6369,	6354,	6511,	6360,	6473,	6464,	6455,	6494,	6475,	6466,	6483,	6492,	
8592,	8611,	8590,	8603,	8596,	8579,	8702,	8577,	8700,	8569,	8706,	8689,	8566,	9065,	8564,	9057,	9050,	8553,	8532,	8551,	8530,	8543,	8536,	8519,	8478,	8497,	8476,	8489,	8482,	8465,	7912,	8463,	7910,	8455,	7916,	7899,	8452,	8303,	8450,	8295,	8288,	8439,	8432,	8393,	8408,	8421,	8426,	8429,	8404,	8413,	6656,	6675,	6654,	6667,	6660,	6643,	6766,	6641,	6764,	6633,	6770,	6753,	6630,	7129,	6628,	7121,	7114,	6617,	6596,	6615,	6594,	6607,	6600,	6583,	6542,	6561,	6540,	6553,	6546,	6529,	5976,	6527,	5974,	6519,	5980,	5963,	6516,	6367,	6514,	6359,	6352,	6503,	6496,	6457,	6472,	6485,	6490,	6493,	6468,	6477,	
8607,	8582,	8609,	8586,	8599,	8602,	8573,	8692,	8575,	8696,	8709,	8568,	9061,	8556,	9063,	8560,	9053,	9056,	8547,	8522,	8549,	8526,	8539,	8542,	8493,	8468,	8495,	8472,	8485,	8488,	8459,	7902,	8461,	7906,	7919,	8454,	8299,	8442,	8301,	8446,	8291,	8294,	8399,	8438,	8397,	8394,	8435,	8416,	8423,	8418,	6671,	6646,	6673,	6650,	6663,	6666,	6637,	6756,	6639,	6760,	6773,	6632,	7125,	6620,	7127,	6624,	7117,	7120,	6611,	6586,	6613,	6590,	6603,	6606,	6557,	6532,	6559,	6536,	6549,	6552,	6523,	5966,	6525,	5970,	5983,	6518,	6363,	6506,	6365,	6510,	6355,	6358,	6463,	6502,	6461,	6458,	6499,	6480,	6487,	6482,	
8610,	8593,	8584,	8601,	8580,	8595,	8576,	8703,	8694,	8711,	8690,	8705,	9064,	8567,	8558,	9055,	8554,	9049,	8550,	8533,	8524,	8541,	8520,	8535,	8496,	8479,	8470,	8487,	8466,	8481,	8462,	7913,	7904,	7921,	7900,	7915,	8302,	8453,	8444,	8293,	8440,	8287,	8396,	8433,	8436,	8407,	8422,	8425,	8414,	8405,	6674,	6657,	6648,	6665,	6644,	6659,	6640,	6767,	6758,	6775,	6754,	6769,	7128,	6631,	6622,	7119,	6618,	7113,	6614,	6597,	6588,	6605,	6584,	6599,	6560,	6543,	6534,	6551,	6530,	6545,	6526,	5977,	5968,	5985,	5964,	5979,	6366,	6517,	6508,	6357,	6504,	6351,	6460,	6497,	6500,	6471,	6486,	6489,	6478,	6469,	
8583,	8608,	8581,	8594,	8585,	8600,	8693,	8574,	8691,	8704,	8695,	8710,	8557,	9062,	8555,	9048,	8559,	9054,	8523,	8548,	8521,	8534,	8525,	8540,	8469,	8494,	8467,	8480,	8471,	8486,	7903,	8460,	7901,	7914,	7905,	7920,	8443,	8300,	8441,	8286,	8445,	8292,	8437,	8398,	8395,	8434,	8415,	8406,	8417,	8424,	6647,	6672,	6645,	6658,	6649,	6664,	6757,	6638,	6755,	6768,	6759,	6774,	6621,	7126,	6619,	7112,	6623,	7118,	6587,	6612,	6585,	6598,	6589,	6604,	6533,	6558,	6531,	6544,	6535,	6550,	5967,	6524,	5965,	5978,	5969,	5984,	6507,	6364,	6505,	6350,	6509,	6356,	6501,	6462,	6459,	6498,	6479,	6470,	6481,	6488,	
8854,	8839,	8842,	8861,	8852,	8833,	8714,	8867,	8870,	8721,	8712,	8729,	8880,	9033,	9036,	8887,	9046,	9027,	8908,	8893,	8896,	8915,	8906,	8923,	8064,	8049,	8052,	8071,	8062,	8043,	7924,	8077,	8080,	7931,	7922,	7939,	8090,	8271,	8274,	8097,	8284,	8265,	8220,	8229,	8250,	8259,	8240,	8233,	8248,	8257,	6918,	6903,	6906,	6925,	6916,	6897,	6778,	6931,	6934,	6785,	6776,	6793,	6944,	7097,	7100,	6951,	7110,	7091,	6972,	6957,	6960,	6979,	6970,	6987,	6128,	6113,	6116,	6135,	6126,	6107,	5988,	6141,	6144,	5995,	5986,	6003,	6154,	6335,	6338,	6161,	6348,	6329,	6284,	6293,	6314,	6323,	6304,	6297,	6312,	6321,	
8841,	8860,	8853,	8832,	8843,	8862,	8869,	8720,	8713,	8728,	8871,	8722,	9035,	8886,	9047,	9026,	9037,	8888,	8895,	8914,	8907,	8922,	8897,	8916,	8051,	8070,	8063,	8042,	8053,	8072,	8079,	7930,	7923,	7938,	8081,	7932,	8273,	8096,	8285,	8264,	8275,	8098,	8251,	8260,	8221,	8230,	8249,	8258,	8241,	8232,	6905,	6924,	6917,	6896,	6907,	6926,	6933,	6784,	6777,	6792,	6935,	6786,	7099,	6950,	7111,	7090,	7101,	6952,	6959,	6978,	6971,	6986,	6961,	6980,	6115,	6134,	6127,	6106,	6117,	6136,	6143,	5994,	5987,	6002,	6145,	5996,	6337,	6160,	6349,	6328,	6339,	6162,	6315,	6324,	6285,	6294,	6313,	6322,	6305,	6296,	
8838,	8855,	8840,	8863,	8834,	8851,	8866,	8715,	8868,	8723,	8730,	8879,	9032,	8881,	9034,	8889,	9028,	9045,	8892,	8909,	8894,	8917,	8924,	8905,	8048,	8065,	8050,	8073,	8044,	8061,	8076,	7925,	8078,	7933,	7940,	8089,	8270,	8091,	8272,	8099,	8266,	8283,	8228,	8219,	8252,	8239,	8234,	8231,	8256,	8247,	6902,	6919,	6904,	6927,	6898,	6915,	6930,	6779,	6932,	6787,	6794,	6943,	7096,	6945,	7098,	6953,	7092,	7109,	6956,	6973,	6958,	6981,	6988,	6969,	6112,	6129,	6114,	6137,	6108,	6125,	6140,	5989,	6142,	5997,	6004,	6153,	6334,	6155,	6336,	6163,	6330,	6347,	6292,	6283,	6316,	6303,	6298,	6295,	6320,	6311,	
8859,	8848,	8857,	8844,	8831,	8864,	8719,	8876,	8717,	8872,	8727,	8724,	8885,	9042,	8883,	9038,	9025,	8890,	8913,	8902,	8911,	8898,	8921,	8918,	8069,	8058,	8067,	8054,	8041,	8074,	7929,	8086,	7927,	8082,	7937,	7934,	8095,	8280,	8093,	8276,	8263,	8100,	8261,	8222,	8215,	8218,	8225,	8244,	8237,	8242,	6923,	6912,	6921,	6908,	6895,	6928,	6783,	6940,	6781,	6936,	6791,	6788,	6949,	7106,	6947,	7102,	7089,	6954,	6977,	6966,	6975,	6962,	6985,	6982,	6133,	6122,	6131,	6118,	6105,	6138,	5993,	6150,	5991,	6146,	6001,	5998,	6159,	6344,	6157,	6340,	6327,	6164,	6325,	6286,	6279,	6282,	6289,	6308,	6301,	6306,	
8856,	8837,	8846,	8829,	8850,	8835,	8716,	8865,	8874,	8725,	8878,	8731,	8882,	9031,	9040,	9023,	9044,	9029,	8910,	8891,	8900,	8919,	8904,	8925,	8066,	8047,	8056,	8039,	8060,	8045,	7926,	8075,	8084,	7935,	8088,	7941,	8092,	8269,	8278,	8101,	8282,	8267,	8216,	8227,	8224,	8253,	8238,	8235,	8246,	8255,	6920,	6901,	6910,	6893,	6914,	6899,	6780,	6929,	6938,	6789,	6942,	6795,	6946,	7095,	7104,	7087,	7108,	7093,	6974,	6955,	6964,	6983,	6968,	6989,	6130,	6111,	6120,	6103,	6124,	6109,	5990,	6139,	6148,	5999,	6152,	6005,	6156,	6333,	6342,	6165,	6346,	6331,	6280,	6291,	6288,	6317,	6302,	6299,	6310,	6319,	
8847,	8858,	8849,	8836,	8845,	8830,	8875,	8718,	8877,	8732,	8873,	8726,	9041,	8884,	9043,	9030,	9039,	9024,	8901,	8912,	8903,	8926,	8899,	8920,	8057,	8068,	8059,	8046,	8055,	8040,	8085,	7928,	8087,	7942,	8083,	7936,	8279,	8094,	8281,	8268,	8277,	8262,	8223,	8214,	8217,	8226,	8245,	8254,	8243,	8236,	6911,	6922,	6913,	6900,	6909,	6894,	6939,	6782,	6941,	6796,	6937,	6790,	7105,	6948,	7107,	7094,	7103,	7088,	6965,	6976,	6967,	6990,	6963,	6984,	6121,	6132,	6123,	6110,	6119,	6104,	6149,	5992,	6151,	6006,	6147,	6000,	6343,	6158,	6345,	6332,	6341,	6326,	6287,	6278,	6281,	6290,	6309,	6318,	6307,	6300,	
8784,	8815,	8792,	8825,	8828,	8787,	8780,	8749,	8772,	8739,	8736,	8777,	8978,	9009,	8986,	9019,	9022,	8981,	8974,	8943,	8966,	8933,	8930,	8971,	7994,	8025,	8002,	8035,	8038,	7997,	7990,	7959,	7982,	7949,	7946,	7987,	8146,	8115,	8138,	8105,	8102,	8143,	8172,	8177,	8158,	8213,	8190,	8201,	8160,	8211,	6848,	6879,	6856,	6889,	6892,	6851,	6844,	6813,	6836,	6803,	6800,	6841,	7042,	7073,	7050,	7083,	7086,	7045,	7038,	7007,	7030,	6997,	6994,	7035,	6058,	6089,	6066,	6099,	6102,	6061,	6054,	6023,	6046,	6013,	6010,	6051,	6210,	6179,	6202,	6169,	6166,	6207,	6236,	6241,	6222,	6277,	6254,	6265,	6224,	6275,	
8793,	8824,	8783,	8786,	8791,	8826,	8771,	8740,	8733,	8778,	8773,	8738,	8987,	9018,	8977,	8980,	8985,	9020,	8965,	8934,	8927,	8972,	8967,	8932,	8003,	8034,	7993,	7996,	8001,	8036,	7981,	7950,	7943,	7988,	7983,	7948,	8137,	8106,	8147,	8144,	8139,	8104,	8157,	8150,	8173,	8178,	8159,	8212,	8199,	8202,	6857,	6888,	6847,	6850,	6855,	6890,	6835,	6804,	6797,	6842,	6837,	6802,	7051,	7082,	7041,	7044,	7049,	7084,	7029,	6998,	6991,	7036,	7031,	6996,	6067,	6098,	6057,	6060,	6065,	6100,	6045,	6014,	6007,	6052,	6047,	6012,	6201,	6170,	6211,	6208,	6203,	6168,	6221,	6214,	6237,	6242,	6223,	6276,	6263,	6266,	
8814,	8785,	8816,	8827,	8788,	8781,	8750,	8779,	8748,	8737,	8776,	8735,	9008,	8979,	9010,	9021,	8982,	8975,	8944,	8973,	8942,	8931,	8970,	8929,	8024,	7995,	8026,	8037,	7998,	7991,	7960,	7989,	7958,	7947,	7986,	7945,	8116,	8145,	8114,	8103,	8142,	8149,	8174,	8171,	8176,	8191,	8200,	8189,	8210,	8161,	6878,	6849,	6880,	6891,	6852,	6845,	6814,	6843,	6812,	6801,	6840,	6799,	7072,	7043,	7074,	7085,	7046,	7039,	7008,	7037,	7006,	6995,	7034,	6993,	6088,	6059,	6090,	6101,	6062,	6055,	6024,	6053,	6022,	6011,	6050,	6009,	6180,	6209,	6178,	6167,	6206,	6213,	6238,	6235,	6240,	6255,	6264,	6253,	6274,	6225,	
8823,	8794,	8803,	8782,	8817,	8790,	8741,	8770,	8761,	8734,	8747,	8774,	9017,	8988,	8997,	8976,	9011,	8984,	8935,	8964,	8955,	8928,	8941,	8968,	8033,	8004,	8013,	7992,	8027,	8000,	7951,	7980,	7971,	7944,	7957,	7984,	8107,	8136,	8127,	8148,	8113,	8140,	8151,	8156,	8181,	8188,	8179,	8186,	8203,	8198,	6887,	6858,	6867,	6846,	6881,	6854,	6805,	6834,	6825,	6798,	6811,	6838,	7081,	7052,	7061,	7040,	7075,	7048,	6999,	7028,	7019,	6992,	7005,	7032,	6097,	6068,	6077,	6056,	6091,	6064,	6015,	6044,	6035,	6008,	6021,	6048,	6171,	6200,	6191,	6212,	6177,	6204,	6215,	6220,	6245,	6252,	6243,	6250,	6267,	6262,	
8804,	8813,	8798,	8789,	8802,	8809,	8760,	8751,	8766,	8775,	8762,	8755,	8998,	9007,	8992,	8983,	8996,	9003,	8954,	8945,	8960,	8969,	8956,	8949,	8014,	8023,	8008,	7999,	8012,	8019,	7970,	7961,	7976,	7985,	7972,	7965,	8126,	8117,	8132,	8141,	8128,	8121,	8170,	8175,	8152,	8185,	8192,	8197,	8162,	8209,	6868,	6877,	6862,	6853,	6866,	6873,	6824,	6815,	6830,	6839,	6826,	6819,	7062,	7071,	7056,	7047,	7060,	7067,	7018,	7009,	7024,	7033,	7020,	7013,	6078,	6087,	6072,	6063,	6076,	6083,	6034,	6025,	6040,	6049,	6036,	6029,	6190,	6181,	6196,	6205,	6192,	6185,	6234,	6239,	6216,	6249,	6256,	6261,	6226,	6273,	
8797,	8822,	8795,	8808,	8799,	8818,	8767,	8742,	8769,	8756,	8765,	8746,	8991,	9016,	8989,	9002,	8993,	9012,	8961,	8936,	8963,	8950,	8959,	8940,	8007,	8032,	8005,	8018,	8009,	8028,	7977,	7952,	7979,	7966,	7975,	7956,	8133,	8108,	8135,	8122,	8131,	8112,	8155,	8182,	8193,	8180,	8187,	8206,	8165,	8204,	6861,	6886,	6859,	6872,	6863,	6882,	6831,	6806,	6833,	6820,	6829,	6810,	7055,	7080,	7053,	7066,	7057,	7076,	7025,	7000,	7027,	7014,	7023,	7004,	6071,	6096,	6069,	6082,	6073,	6092,	6041,	6016,	6043,	6030,	6039,	6020,	6197,	6172,	6199,	6186,	6195,	6176,	6219,	6246,	6257,	6244,	6251,	6270,	6229,	6268,	
8812,	8805,	8820,	8801,	8810,	8807,	8752,	8759,	8744,	8763,	8754,	8757,	9006,	8999,	9014,	8995,	9004,	9001,	8946,	8953,	8938,	8957,	8948,	8951,	8022,	8015,	8030,	8011,	8020,	8017,	7962,	7969,	7954,	7973,	7964,	7967,	8118,	8125,	8110,	8129,	8120,	8123,	8194,	8169,	8184,	8153,	8196,	8167,	8208,	8163,	6876,	6869,	6884,	6865,	6874,	6871,	6816,	6823,	6808,	6827,	6818,	6821,	7070,	7063,	7078,	7059,	7068,	7065,	7010,	7017,	7002,	7021,	7012,	7015,	6086,	6079,	6094,	6075,	6084,	6081,	6026,	6033,	6018,	6037,	6028,	6031,	6182,	6189,	6174,	6193,	6184,	6187,	6258,	6233,	6248,	6217,	6260,	6231,	6272,	6227,	
8821,	8796,	8811,	8806,	8819,	8800,	8743,	8768,	8753,	8758,	8745,	8764,	9015,	8990,	9005,	9000,	9013,	8994,	8937,	8962,	8947,	8952,	8939,	8958,	8031,	8006,	8021,	8016,	8029,	8010,	7953,	7978,	7963,	7968,	7955,	7974,	8109,	8134,	8119,	8124,	8111,	8130,	8183,	8154,	8195,	8168,	8207,	8164,	8205,	8166,	6885,	6860,	6875,	6870,	6883,	6864,	6807,	6832,	6817,	6822,	6809,	6828,	7079,	7054,	7069,	7064,	7077,	7058,	7001,	7026,	7011,	7016,	7003,	7022,	6095,	6070,	6085,	6080,	6093,	6074,	6017,	6042,	6027,	6032,	6019,	6038,	6173,	6198,	6183,	6188,	6175,	6194,	6247,	6218,	6259,	6232,	6271,	6228,	6269,	6230,	
