1260,	1275,	1272,	1253,	1262,	1281,	1232,	1247,	1244,	1225,	1234,	1217,	1430,	1445,	1442,	1423,	1432,	1451,	1402,	1417,	1414,	1395,	1404,	1387,	862,	847,	850,	869,	860,	841,	890,	875,	878,	897,	888,	905,	668,	653,	656,	675,	666,	647,	720,	681,	702,	711,	692,	685,	700,	709,	3160,	3145,	3148,	3167,	3158,	3139,	3188,	3173,	3176,	3195,	3186,	3203,	2966,	2951,	2954,	2973,	2964,	2945,	3018,	2979,	3000,	3009,	2990,	2983,	2998,	3007,	3582,	3597,	3594,	3575,	3584,	3603,	3554,	3569,	3566,	3547,	3556,	3539,	3776,	3791,	3788,	3769,	3778,	3797,	3724,	3763,	3742,	3733,	3752,	3759,	3744,	3735,	
1273,	1254,	1261,	1282,	1271,	1252,	1245,	1226,	1233,	1218,	1243,	1224,	1443,	1424,	1431,	1452,	1441,	1422,	1415,	1396,	1403,	1388,	1413,	1394,	849,	868,	861,	840,	851,	870,	877,	896,	889,	904,	879,	898,	655,	674,	667,	646,	657,	676,	703,	712,	721,	682,	701,	710,	693,	684,	3147,	3166,	3159,	3138,	3149,	3168,	3175,	3194,	3187,	3202,	3177,	3196,	2953,	2972,	2965,	2944,	2955,	2974,	3001,	3010,	3019,	2980,	2999,	3008,	2991,	2982,	3595,	3576,	3583,	3604,	3593,	3574,	3567,	3548,	3555,	3540,	3565,	3546,	3789,	3770,	3777,	3798,	3787,	3768,	3741,	3732,	3723,	3762,	3743,	3734,	3751,	3760,	
1276,	1259,	1274,	1251,	1280,	1263,	1248,	1231,	1246,	1223,	1216,	1235,	1446,	1429,	1444,	1421,	1450,	1433,	1418,	1401,	1416,	1393,	1386,	1405,	846,	863,	848,	871,	842,	859,	874,	891,	876,	899,	906,	887,	652,	669,	654,	677,	648,	665,	680,	719,	704,	691,	686,	683,	708,	699,	3144,	3161,	3146,	3169,	3140,	3157,	3172,	3189,	3174,	3197,	3204,	3185,	2950,	2967,	2952,	2975,	2946,	2963,	2978,	3017,	3002,	2989,	2984,	2981,	3006,	2997,	3598,	3581,	3596,	3573,	3602,	3585,	3570,	3553,	3568,	3545,	3538,	3557,	3792,	3775,	3790,	3767,	3796,	3779,	3764,	3725,	3740,	3753,	3758,	3761,	3736,	3745,	
1255,	1266,	1257,	1270,	1283,	1250,	1227,	1238,	1229,	1242,	1219,	1222,	1425,	1436,	1427,	1440,	1453,	1420,	1397,	1408,	1399,	1412,	1389,	1392,	867,	856,	865,	852,	839,	872,	895,	884,	893,	880,	903,	900,	673,	662,	671,	658,	645,	678,	713,	722,	715,	718,	725,	696,	689,	694,	3165,	3154,	3163,	3150,	3137,	3170,	3193,	3182,	3191,	3178,	3201,	3198,	2971,	2960,	2969,	2956,	2943,	2976,	3011,	3020,	3013,	3016,	3023,	2994,	2987,	2992,	3577,	3588,	3579,	3592,	3605,	3572,	3549,	3560,	3551,	3564,	3541,	3544,	3771,	3782,	3773,	3786,	3799,	3766,	3731,	3722,	3729,	3726,	3719,	3748,	3755,	3750,	
1258,	1277,	1268,	1285,	1264,	1279,	1230,	1249,	1240,	1221,	1236,	1215,	1428,	1447,	1438,	1455,	1434,	1449,	1400,	1419,	1410,	1391,	1406,	1385,	864,	845,	854,	837,	858,	843,	892,	873,	882,	901,	886,	907,	670,	651,	660,	643,	664,	649,	716,	679,	724,	705,	690,	687,	698,	707,	3162,	3143,	3152,	3135,	3156,	3141,	3190,	3171,	3180,	3199,	3184,	3205,	2968,	2949,	2958,	2941,	2962,	2947,	3014,	2977,	3022,	3003,	2988,	2985,	2996,	3005,	3580,	3599,	3590,	3607,	3586,	3601,	3552,	3571,	3562,	3543,	3558,	3537,	3774,	3793,	3784,	3801,	3780,	3795,	3728,	3765,	3720,	3739,	3754,	3757,	3746,	3737,	
1267,	1256,	1265,	1278,	1269,	1284,	1239,	1228,	1237,	1214,	1241,	1220,	1437,	1426,	1435,	1448,	1439,	1454,	1409,	1398,	1407,	1384,	1411,	1390,	855,	866,	857,	844,	853,	838,	883,	894,	885,	908,	881,	902,	661,	672,	663,	650,	659,	644,	723,	714,	717,	726,	697,	706,	695,	688,	3153,	3164,	3155,	3142,	3151,	3136,	3181,	3192,	3183,	3206,	3179,	3200,	2959,	2970,	2961,	2948,	2957,	2942,	3021,	3012,	3015,	3024,	2995,	3004,	2993,	2986,	3589,	3578,	3587,	3600,	3591,	3606,	3561,	3550,	3559,	3536,	3563,	3542,	3783,	3772,	3781,	3794,	3785,	3800,	3721,	3730,	3727,	3718,	3747,	3738,	3749,	3756,	
1288,	1309,	1312,	1295,	1286,	1303,	1322,	1199,	1202,	1329,	1212,	1193,	1458,	1335,	1338,	1465,	1456,	1473,	1348,	1369,	1372,	1355,	1382,	1363,	834,	813,	810,	827,	836,	819,	800,	923,	920,	793,	910,	929,	640,	787,	784,	633,	642,	625,	728,	767,	746,	737,	756,	763,	748,	739,	3132,	3111,	3108,	3125,	3134,	3117,	3098,	3221,	3218,	3091,	3208,	3227,	2938,	3085,	3082,	2931,	2940,	2923,	3026,	3065,	3044,	3035,	3054,	3061,	3046,	3037,	3610,	3631,	3634,	3617,	3608,	3625,	3644,	3521,	3524,	3651,	3534,	3515,	3804,	3657,	3660,	3811,	3802,	3819,	3716,	3677,	3698,	3707,	3688,	3681,	3696,	3705,	
1311,	1294,	1287,	1302,	1313,	1296,	1201,	1328,	1213,	1192,	1203,	1330,	1337,	1464,	1457,	1472,	1339,	1466,	1371,	1354,	1383,	1362,	1373,	1356,	811,	828,	835,	820,	809,	826,	921,	794,	909,	930,	919,	792,	785,	634,	641,	626,	783,	632,	745,	736,	727,	766,	747,	738,	755,	764,	3109,	3126,	3133,	3118,	3107,	3124,	3219,	3092,	3207,	3228,	3217,	3090,	3083,	2932,	2939,	2924,	3081,	2930,	3043,	3034,	3025,	3064,	3045,	3036,	3053,	3062,	3633,	3616,	3609,	3624,	3635,	3618,	3523,	3650,	3535,	3514,	3525,	3652,	3659,	3810,	3803,	3818,	3661,	3812,	3699,	3708,	3717,	3678,	3697,	3706,	3689,	3680,	
1308,	1289,	1310,	1297,	1304,	1321,	1198,	1323,	1200,	1331,	1194,	1211,	1334,	1459,	1336,	1467,	1474,	1347,	1368,	1349,	1370,	1357,	1364,	1381,	814,	833,	812,	825,	818,	801,	924,	799,	922,	791,	928,	911,	788,	639,	786,	631,	624,	775,	768,	729,	744,	757,	762,	765,	740,	749,	3112,	3131,	3110,	3123,	3116,	3099,	3222,	3097,	3220,	3089,	3226,	3209,	3086,	2937,	3084,	2929,	2922,	3073,	3066,	3027,	3042,	3055,	3060,	3063,	3038,	3047,	3630,	3611,	3632,	3619,	3626,	3643,	3520,	3645,	3522,	3653,	3516,	3533,	3656,	3805,	3658,	3813,	3820,	3669,	3676,	3715,	3700,	3687,	3682,	3679,	3704,	3695,	
1293,	1318,	1291,	1314,	1301,	1298,	1327,	1208,	1325,	1204,	1191,	1332,	1463,	1344,	1461,	1340,	1471,	1468,	1353,	1378,	1351,	1374,	1361,	1358,	829,	804,	831,	808,	821,	824,	795,	914,	797,	918,	931,	790,	635,	778,	637,	782,	627,	630,	735,	774,	733,	730,	771,	752,	759,	754,	3127,	3102,	3129,	3106,	3119,	3122,	3093,	3212,	3095,	3216,	3229,	3088,	2933,	3076,	2935,	3080,	2925,	2928,	3033,	3072,	3031,	3028,	3069,	3050,	3057,	3052,	3615,	3640,	3613,	3636,	3623,	3620,	3649,	3530,	3647,	3526,	3513,	3654,	3809,	3666,	3807,	3662,	3817,	3814,	3709,	3670,	3711,	3714,	3673,	3692,	3685,	3690,	
1290,	1307,	1316,	1299,	1320,	1305,	1324,	1197,	1206,	1189,	1210,	1195,	1460,	1333,	1342,	1469,	1346,	1475,	1350,	1367,	1376,	1359,	1380,	1365,	832,	815,	806,	823,	802,	817,	798,	925,	916,	933,	912,	927,	638,	789,	780,	629,	776,	623,	732,	769,	772,	743,	758,	761,	750,	741,	3130,	3113,	3104,	3121,	3100,	3115,	3096,	3223,	3214,	3231,	3210,	3225,	2936,	3087,	3078,	2927,	3074,	2921,	3030,	3067,	3070,	3041,	3056,	3059,	3048,	3039,	3612,	3629,	3638,	3621,	3642,	3627,	3646,	3519,	3528,	3511,	3532,	3517,	3806,	3655,	3664,	3815,	3668,	3821,	3712,	3675,	3672,	3701,	3686,	3683,	3694,	3703,	
1317,	1292,	1319,	1306,	1315,	1300,	1207,	1326,	1209,	1196,	1205,	1190,	1343,	1462,	1345,	1476,	1341,	1470,	1377,	1352,	1379,	1366,	1375,	1360,	805,	830,	803,	816,	807,	822,	915,	796,	913,	926,	917,	932,	779,	636,	777,	622,	781,	628,	773,	734,	731,	770,	751,	742,	753,	760,	3103,	3128,	3101,	3114,	3105,	3120,	3213,	3094,	3211,	3224,	3215,	3230,	3077,	2934,	3075,	2920,	3079,	2926,	3071,	3032,	3029,	3068,	3049,	3040,	3051,	3058,	3639,	3614,	3641,	3628,	3637,	3622,	3529,	3648,	3531,	3518,	3527,	3512,	3665,	3808,	3667,	3822,	3663,	3816,	3671,	3710,	3713,	3674,	3693,	3702,	3691,	3684,	
1070,	1085,	1082,	1063,	1072,	1091,	1186,	1057,	1054,	1179,	1188,	1171,	1044,	1491,	1488,	1037,	1478,	1497,	1016,	1031,	1028,	1009,	1018,	1001,	428,	413,	416,	435,	426,	407,	936,	441,	444,	943,	934,	951,	454,	607,	610,	461,	620,	601,	506,	467,	488,	497,	478,	471,	486,	495,	3350,	3335,	3338,	3357,	3348,	3329,	3234,	3363,	3366,	3241,	3232,	3249,	3376,	2905,	2908,	3383,	2918,	2899,	3428,	3389,	3410,	3419,	3400,	3393,	3408,	3417,	4016,	4031,	4028,	4009,	4018,	4037,	3508,	4003,	4000,	3501,	3510,	3493,	3990,	3837,	3834,	3983,	3824,	3843,	3938,	3977,	3956,	3947,	3966,	3973,	3958,	3949,	
1083,	1064,	1071,	1092,	1081,	1062,	1055,	1180,	1187,	1172,	1053,	1178,	1489,	1038,	1477,	1498,	1487,	1036,	1029,	1010,	1017,	1002,	1027,	1008,	415,	434,	427,	406,	417,	436,	443,	942,	935,	950,	445,	944,	609,	460,	621,	600,	611,	462,	489,	498,	507,	468,	487,	496,	479,	470,	3337,	3356,	3349,	3328,	3339,	3358,	3365,	3240,	3233,	3248,	3367,	3242,	2907,	3382,	2919,	2898,	2909,	3384,	3411,	3420,	3429,	3390,	3409,	3418,	3401,	3392,	4029,	4010,	4017,	4038,	4027,	4008,	4001,	3502,	3509,	3494,	3999,	3500,	3835,	3984,	3823,	3844,	3833,	3982,	3955,	3946,	3937,	3976,	3957,	3948,	3965,	3974,	
1086,	1069,	1084,	1061,	1090,	1073,	1058,	1185,	1056,	1177,	1170,	1045,	1492,	1043,	1490,	1035,	1496,	1479,	1032,	1015,	1030,	1007,	1000,	1019,	412,	429,	414,	437,	408,	425,	440,	937,	442,	945,	952,	453,	606,	455,	608,	463,	602,	619,	466,	505,	490,	477,	472,	469,	494,	485,	3334,	3351,	3336,	3359,	3330,	3347,	3362,	3235,	3364,	3243,	3250,	3375,	2904,	3377,	2906,	3385,	2900,	2917,	3388,	3427,	3412,	3399,	3394,	3391,	3416,	3407,	4032,	4015,	4030,	4007,	4036,	4019,	4004,	3507,	4002,	3499,	3492,	3991,	3838,	3989,	3836,	3981,	3842,	3825,	3978,	3939,	3954,	3967,	3972,	3975,	3950,	3959,	
1065,	1076,	1067,	1080,	1093,	1060,	1181,	1048,	1183,	1052,	1173,	1176,	1039,	1482,	1041,	1486,	1499,	1034,	1011,	1022,	1013,	1026,	1003,	1006,	433,	422,	431,	418,	405,	438,	941,	450,	939,	446,	949,	946,	459,	616,	457,	612,	599,	464,	499,	508,	501,	504,	511,	482,	475,	480,	3355,	3344,	3353,	3340,	3327,	3360,	3239,	3372,	3237,	3368,	3247,	3244,	3381,	2914,	3379,	2910,	2897,	3386,	3421,	3430,	3423,	3426,	3433,	3404,	3397,	3402,	4011,	4022,	4013,	4026,	4039,	4006,	3503,	3994,	3505,	3998,	3495,	3498,	3985,	3828,	3987,	3832,	3845,	3980,	3945,	3936,	3943,	3940,	3933,	3962,	3969,	3964,	
1068,	1087,	1078,	1095,	1074,	1089,	1184,	1059,	1050,	1175,	1046,	1169,	1042,	1493,	1484,	1501,	1480,	1495,	1014,	1033,	1024,	1005,	1020,	999,	430,	411,	420,	403,	424,	409,	938,	439,	448,	947,	452,	953,	456,	605,	614,	597,	618,	603,	502,	465,	510,	491,	476,	473,	484,	493,	3352,	3333,	3342,	3325,	3346,	3331,	3236,	3361,	3370,	3245,	3374,	3251,	3378,	2903,	2912,	2895,	2916,	2901,	3424,	3387,	3432,	3413,	3398,	3395,	3406,	3415,	4014,	4033,	4024,	4041,	4020,	4035,	3506,	4005,	3996,	3497,	3992,	3491,	3988,	3839,	3830,	3847,	3826,	3841,	3942,	3979,	3934,	3953,	3968,	3971,	3960,	3951,	
1077,	1066,	1075,	1088,	1079,	1094,	1049,	1182,	1047,	1168,	1051,	1174,	1483,	1040,	1481,	1494,	1485,	1500,	1023,	1012,	1021,	998,	1025,	1004,	421,	432,	423,	410,	419,	404,	449,	940,	451,	954,	447,	948,	615,	458,	617,	604,	613,	598,	509,	500,	503,	512,	483,	492,	481,	474,	3343,	3354,	3345,	3332,	3341,	3326,	3371,	3238,	3373,	3252,	3369,	3246,	2913,	3380,	2915,	2902,	2911,	2896,	3431,	3422,	3425,	3434,	3405,	3414,	3403,	3396,	4023,	4012,	4021,	4034,	4025,	4040,	3995,	3504,	3993,	3490,	3997,	3496,	3829,	3986,	3827,	3840,	3831,	3846,	3935,	3944,	3941,	3932,	3961,	3952,	3963,	3970,	
1098,	1119,	1122,	1105,	1096,	1113,	1132,	1153,	1156,	1139,	1166,	1147,	1504,	1525,	1528,	1511,	1502,	1519,	1538,	1559,	1562,	1545,	996,	1553,	400,	379,	376,	393,	402,	385,	990,	969,	966,	983,	956,	975,	594,	573,	570,	587,	596,	579,	514,	553,	532,	523,	542,	549,	534,	525,	3322,	3301,	3298,	3315,	3324,	3307,	3288,	3267,	3264,	3281,	3254,	3273,	2892,	2871,	2868,	2885,	2894,	2877,	3436,	2851,	2830,	3445,	2840,	2847,	2832,	3447,	4044,	4065,	4068,	4051,	4042,	4059,	3454,	3475,	3478,	3461,	3488,	3469,	3850,	3871,	3874,	3857,	3848,	3865,	3930,	3891,	3912,	3921,	3902,	3895,	3910,	3919,	
1121,	1104,	1097,	1112,	1123,	1106,	1155,	1138,	1167,	1146,	1157,	1140,	1527,	1510,	1503,	1518,	1529,	1512,	1561,	1544,	997,	1552,	1563,	1546,	377,	394,	401,	386,	375,	392,	967,	984,	955,	976,	965,	982,	571,	588,	595,	580,	569,	586,	531,	522,	513,	552,	533,	524,	541,	550,	3299,	3316,	3323,	3308,	3297,	3314,	3265,	3282,	3253,	3274,	3263,	3280,	2869,	2886,	2893,	2878,	2867,	2884,	2829,	3444,	3435,	2850,	2831,	3446,	2839,	2848,	4067,	4050,	4043,	4058,	4069,	4052,	3477,	3460,	3489,	3468,	3479,	3462,	3873,	3856,	3849,	3864,	3875,	3858,	3913,	3922,	3931,	3892,	3911,	3920,	3903,	3894,	
1118,	1099,	1120,	1107,	1114,	1131,	1152,	1133,	1154,	1141,	1148,	1165,	1524,	1505,	1526,	1513,	1520,	1537,	1558,	1539,	1560,	1547,	1554,	995,	380,	399,	378,	391,	384,	991,	970,	989,	968,	981,	974,	957,	574,	593,	572,	585,	578,	561,	554,	515,	530,	543,	548,	551,	526,	535,	3302,	3321,	3300,	3313,	3306,	3289,	3268,	3287,	3266,	3279,	3272,	3255,	2872,	2891,	2870,	2883,	2876,	2859,	2852,	3437,	2828,	2841,	2846,	2849,	3448,	2833,	4064,	4045,	4066,	4053,	4060,	3453,	3474,	3455,	3476,	3463,	3470,	3487,	3870,	3851,	3872,	3859,	3866,	3883,	3890,	3929,	3914,	3901,	3896,	3893,	3918,	3909,	
1103,	1128,	1101,	1124,	1111,	1108,	1137,	1162,	1135,	1158,	1145,	1142,	1509,	1534,	1507,	1530,	1517,	1514,	1543,	1568,	1541,	1564,	1551,	1548,	395,	994,	397,	374,	387,	390,	985,	960,	987,	964,	977,	980,	589,	564,	591,	568,	581,	584,	521,	560,	519,	516,	557,	538,	545,	540,	3317,	3292,	3319,	3296,	3309,	3312,	3283,	3258,	3285,	3262,	3275,	3278,	2887,	2862,	2889,	2866,	2879,	2882,	3443,	2858,	3441,	3438,	2855,	2836,	2843,	2838,	4049,	3450,	4047,	4070,	4057,	4054,	3459,	3484,	3457,	3480,	3467,	3464,	3855,	3880,	3853,	3876,	3863,	3860,	3923,	3884,	3925,	3928,	3887,	3906,	3899,	3904,	
1100,	1117,	1126,	1109,	1130,	1115,	1134,	1151,	1160,	1143,	1164,	1149,	1506,	1523,	1532,	1515,	1536,	1521,	1540,	1557,	1566,	1549,	1570,	1555,	398,	381,	372,	389,	992,	383,	988,	971,	962,	979,	958,	973,	592,	575,	566,	583,	562,	577,	518,	555,	558,	529,	544,	547,	536,	527,	3320,	3303,	3294,	3311,	3290,	3305,	3286,	3269,	3260,	3277,	3256,	3271,	2890,	2873,	2864,	2881,	2860,	2875,	3440,	2853,	2856,	2827,	2842,	2845,	2834,	3449,	4046,	4063,	4072,	4055,	3452,	4061,	3456,	3473,	3482,	3465,	3486,	3471,	3852,	3869,	3878,	3861,	3882,	3867,	3926,	3889,	3886,	3915,	3900,	3897,	3908,	3917,	
1127,	1102,	1129,	1116,	1125,	1110,	1161,	1136,	1163,	1150,	1159,	1144,	1533,	1508,	1535,	1522,	1531,	1516,	1567,	1542,	1569,	1556,	1565,	1550,	371,	396,	993,	382,	373,	388,	961,	986,	959,	972,	963,	978,	565,	590,	563,	576,	567,	582,	559,	520,	517,	556,	537,	528,	539,	546,	3293,	3318,	3291,	3304,	3295,	3310,	3259,	3284,	3257,	3270,	3261,	3276,	2863,	2888,	2861,	2874,	2865,	2880,	2857,	3442,	3439,	2854,	2835,	2826,	2837,	2844,	4073,	4048,	3451,	4062,	4071,	4056,	3483,	3458,	3485,	3472,	3481,	3466,	3879,	3854,	3881,	3868,	3877,	3862,	3885,	3924,	3927,	3888,	3907,	3916,	3905,	3898,	
2068,	2083,	2080,	2061,	2070,	2089,	2040,	2055,	2052,	2033,	2042,	2025,	1614,	1629,	1626,	1607,	1616,	1635,	1586,	1601,	1598,	1579,	1588,	1571,	358,	2197,	370,	351,	360,	2203,	330,	345,	342,	323,	332,	315,	2376,	2391,	2388,	2369,	2378,	2397,	2324,	2363,	2342,	2333,	2352,	2359,	2344,	2335,	4918,	4903,	4906,	4925,	4916,	4897,	4946,	4931,	4934,	4953,	4944,	4961,	2800,	2785,	2788,	2807,	2798,	2779,	4776,	2813,	4758,	4767,	2824,	2817,	4756,	4765,	4086,	4747,	4074,	4093,	4084,	4741,	4114,	4099,	4102,	4121,	4112,	4129,	4568,	4553,	4556,	4575,	4566,	4547,	4620,	4581,	4602,	4611,	4592,	4585,	4600,	4609,	
2081,	2062,	2069,	2090,	2079,	2060,	2053,	2034,	2041,	2026,	2051,	2032,	1627,	1608,	1615,	1636,	1625,	1606,	1599,	1580,	1587,	1572,	1597,	1578,	2195,	352,	359,	2204,	369,	350,	343,	324,	331,	316,	341,	322,	2389,	2370,	2377,	2398,	2387,	2368,	2341,	2332,	2323,	2362,	2343,	2334,	2351,	2360,	4905,	4924,	4917,	4896,	4907,	4926,	4933,	4952,	4945,	4960,	4935,	4954,	2787,	2806,	2799,	2778,	2789,	2808,	4759,	4768,	4777,	2814,	4757,	4766,	2825,	2816,	4749,	4092,	4085,	4740,	4075,	4094,	4101,	4120,	4113,	4128,	4103,	4122,	4555,	4574,	4567,	4546,	4557,	4576,	4603,	4612,	4621,	4582,	4601,	4610,	4593,	4584,	
2084,	2067,	2082,	2059,	2088,	2071,	2056,	2039,	2054,	2031,	2024,	2043,	1630,	1613,	1628,	1605,	1634,	1617,	1602,	1585,	1600,	1577,	2194,	1589,	2198,	357,	2196,	349,	2202,	361,	346,	329,	344,	321,	314,	333,	2392,	2375,	2390,	2367,	2396,	2379,	2364,	2325,	2340,	2353,	2358,	2361,	2336,	2345,	4902,	4919,	4904,	4927,	4898,	4915,	4930,	4947,	4932,	4955,	4962,	4943,	2784,	2801,	2786,	2809,	2780,	2797,	2812,	4775,	4760,	2823,	2818,	2815,	4764,	4755,	4746,	4087,	4748,	4095,	4742,	4083,	4098,	4115,	4100,	4123,	4130,	4111,	4552,	4569,	4554,	4577,	4548,	4565,	4580,	4619,	4604,	4591,	4586,	4583,	4608,	4599,	
2063,	2074,	2065,	2078,	2091,	2058,	2035,	2046,	2037,	2050,	2027,	2030,	1609,	1620,	1611,	1624,	1637,	1604,	1581,	1592,	1583,	1596,	1573,	1576,	353,	364,	355,	368,	2205,	348,	325,	336,	327,	340,	317,	320,	2371,	2382,	2373,	2386,	2399,	2366,	2331,	2322,	2329,	2326,	2319,	2348,	2355,	2350,	4923,	4912,	4921,	4908,	4895,	4928,	4951,	4940,	4949,	4936,	4959,	4956,	2805,	2794,	2803,	2790,	2777,	2810,	4769,	4778,	4771,	4774,	4781,	4752,	2821,	4750,	4091,	4080,	4089,	4076,	4739,	4096,	4119,	4108,	4117,	4104,	4127,	4124,	4573,	4562,	4571,	4558,	4545,	4578,	4613,	4622,	4615,	4618,	4625,	4596,	4589,	4594,	
2066,	2085,	2076,	2093,	2072,	2087,	2038,	2057,	2048,	2029,	2044,	2023,	1612,	1631,	1622,	1639,	1618,	1633,	1584,	1603,	1594,	1575,	1590,	2193,	356,	2199,	366,	2207,	362,	2201,	328,	347,	338,	319,	334,	313,	2374,	2393,	2384,	2401,	2380,	2395,	2328,	2365,	2320,	2339,	2354,	2357,	2346,	2337,	4920,	4901,	4910,	4893,	4914,	4899,	4948,	4929,	4938,	4957,	4942,	4963,	2802,	2783,	2792,	2775,	2796,	2781,	4772,	2811,	4780,	4761,	2822,	2819,	4754,	4763,	4088,	4745,	4078,	4737,	4082,	4743,	4116,	4097,	4106,	4125,	4110,	4131,	4570,	4551,	4560,	4543,	4564,	4549,	4616,	4579,	4624,	4605,	4590,	4587,	4598,	4607,	
2075,	2064,	2073,	2086,	2077,	2092,	2047,	2036,	2045,	2022,	2049,	2028,	1621,	1610,	1619,	1632,	1623,	1638,	1593,	1582,	1591,	2192,	1595,	1574,	365,	354,	363,	2200,	367,	2206,	337,	326,	335,	312,	339,	318,	2383,	2372,	2381,	2394,	2385,	2400,	2321,	2330,	2327,	2318,	2347,	2338,	2349,	2356,	4911,	4922,	4913,	4900,	4909,	4894,	4939,	4950,	4941,	4964,	4937,	4958,	2793,	2804,	2795,	2782,	2791,	2776,	4779,	4770,	4773,	4782,	4753,	4762,	4751,	2820,	4079,	4090,	4081,	4744,	4077,	4738,	4107,	4118,	4109,	4132,	4105,	4126,	4561,	4572,	4563,	4550,	4559,	4544,	4623,	4614,	4617,	4626,	4597,	4606,	4595,	4588,	
2096,	2117,	2120,	2103,	2094,	2111,	2130,	2007,	2010,	2137,	2020,	2001,	1642,	2143,	2146,	1649,	1640,	1657,	2156,	2177,	2180,	2163,	2190,	2171,	2210,	2231,	2234,	2217,	2208,	2225,	2244,	297,	300,	2251,	310,	291,	2404,	2257,	2260,	2411,	2402,	2419,	2316,	2277,	2298,	2307,	2288,	2281,	2296,	2305,	4890,	4869,	4866,	4883,	4892,	4875,	4856,	4979,	4976,	4849,	4966,	4985,	2772,	4843,	4840,	2765,	2774,	2757,	4784,	4823,	4802,	4793,	4812,	4819,	4804,	4795,	4734,	4713,	4710,	4727,	4736,	4719,	4700,	4147,	4144,	4693,	4134,	4153,	4540,	4687,	4684,	4533,	4542,	4525,	4628,	4667,	4646,	4637,	4656,	4663,	4648,	4639,	
2119,	2102,	2095,	2110,	2121,	2104,	2009,	2136,	2021,	2000,	2011,	2138,	2145,	1648,	1641,	1656,	2147,	1650,	2179,	2162,	2191,	2170,	2181,	2164,	2233,	2216,	2209,	2224,	2235,	2218,	299,	2250,	311,	290,	301,	2252,	2259,	2410,	2403,	2418,	2261,	2412,	2299,	2308,	2317,	2278,	2297,	2306,	2289,	2280,	4867,	4884,	4891,	4876,	4865,	4882,	4977,	4850,	4965,	4986,	4975,	4848,	4841,	2766,	2773,	2758,	4839,	2764,	4801,	4792,	4783,	4822,	4803,	4794,	4811,	4820,	4711,	4728,	4735,	4720,	4709,	4726,	4145,	4694,	4133,	4154,	4143,	4692,	4685,	4534,	4541,	4526,	4683,	4532,	4645,	4636,	4627,	4666,	4647,	4638,	4655,	4664,	
2116,	2097,	2118,	2105,	2112,	2129,	2006,	2131,	2008,	2139,	2002,	2019,	2142,	1643,	2144,	1651,	1658,	2155,	2176,	2157,	2178,	2165,	2172,	2189,	2230,	2211,	2232,	2219,	2226,	2243,	296,	2245,	298,	2253,	292,	309,	2256,	2405,	2258,	2413,	2420,	2269,	2276,	2315,	2300,	2287,	2282,	2279,	2304,	2295,	4870,	4889,	4868,	4881,	4874,	4857,	4980,	4855,	4978,	4847,	4984,	4967,	4844,	2771,	4842,	2763,	2756,	4831,	4824,	4785,	4800,	4813,	4818,	4821,	4796,	4805,	4714,	4733,	4712,	4725,	4718,	4701,	4148,	4699,	4146,	4691,	4152,	4135,	4688,	4539,	4686,	4531,	4524,	4675,	4668,	4629,	4644,	4657,	4662,	4665,	4640,	4649,	
2101,	2126,	2099,	2122,	2109,	2106,	2135,	2016,	2133,	2012,	1999,	2140,	1647,	2152,	1645,	2148,	1655,	1652,	2161,	2186,	2159,	2182,	2169,	2166,	2215,	2240,	2213,	2236,	2223,	2220,	2249,	306,	2247,	302,	289,	2254,	2409,	2266,	2407,	2262,	2417,	2414,	2309,	2270,	2311,	2314,	2273,	2292,	2285,	2290,	4885,	4860,	4887,	4864,	4877,	4880,	4851,	4970,	4853,	4974,	4987,	4846,	2767,	4834,	2769,	4838,	2759,	2762,	4791,	4830,	4789,	4786,	4827,	4808,	4815,	4810,	4729,	4704,	4731,	4708,	4721,	4724,	4695,	4138,	4697,	4142,	4155,	4690,	4535,	4678,	4537,	4682,	4527,	4530,	4635,	4674,	4633,	4630,	4671,	4652,	4659,	4654,	
2098,	2115,	2124,	2107,	2128,	2113,	2132,	2005,	2014,	1997,	2018,	2003,	1644,	2141,	2150,	1653,	2154,	1659,	2158,	2175,	2184,	2167,	2188,	2173,	2212,	2229,	2238,	2221,	2242,	2227,	2246,	295,	304,	287,	308,	293,	2406,	2255,	2264,	2415,	2268,	2421,	2312,	2275,	2272,	2301,	2286,	2283,	2294,	2303,	4888,	4871,	4862,	4879,	4858,	4873,	4854,	4981,	4972,	4989,	4968,	4983,	2770,	4845,	4836,	2761,	4832,	2755,	4788,	4825,	4828,	4799,	4814,	4817,	4806,	4797,	4732,	4715,	4706,	4723,	4702,	4717,	4698,	4149,	4140,	4157,	4136,	4151,	4538,	4689,	4680,	4529,	4676,	4523,	4632,	4669,	4672,	4643,	4658,	4661,	4650,	4641,	
2125,	2100,	2127,	2114,	2123,	2108,	2015,	2134,	2017,	2004,	2013,	1998,	2151,	1646,	2153,	1660,	2149,	1654,	2185,	2160,	2187,	2174,	2183,	2168,	2239,	2214,	2241,	2228,	2237,	2222,	305,	2248,	307,	294,	303,	288,	2265,	2408,	2267,	2422,	2263,	2416,	2271,	2310,	2313,	2274,	2293,	2302,	2291,	2284,	4861,	4886,	4859,	4872,	4863,	4878,	4971,	4852,	4969,	4982,	4973,	4988,	4835,	2768,	4833,	2754,	4837,	2760,	4829,	4790,	4787,	4826,	4807,	4798,	4809,	4816,	4705,	4730,	4703,	4716,	4707,	4722,	4139,	4696,	4137,	4150,	4141,	4156,	4679,	4536,	4677,	4522,	4681,	4528,	4673,	4634,	4631,	4670,	4651,	4642,	4653,	4660,	
1854,	1869,	1866,	1847,	1856,	1875,	1994,	1841,	1838,	1987,	1996,	1979,	1828,	1675,	1672,	1821,	1662,	1681,	1800,	1815,	1812,	1793,	1802,	1785,	144,	159,	156,	137,	146,	165,	284,	131,	128,	277,	286,	269,	118,	2437,	2434,	111,	2424,	2443,	2488,	2479,	2458,	2449,	2468,	2475,	2460,	2451,	2532,	2517,	2520,	2539,	2530,	2511,	4992,	2545,	2548,	4999,	4990,	5007,	2558,	2739,	2742,	2565,	2752,	2733,	2688,	2697,	2718,	2727,	2708,	2701,	2716,	2725,	4300,	4285,	4288,	4307,	4298,	4279,	4160,	4313,	4316,	4167,	4158,	4175,	4326,	4507,	4510,	4333,	4520,	4501,	4456,	4465,	4486,	4495,	4476,	4469,	4484,	4493,	
1867,	1848,	1855,	1876,	1865,	1846,	1839,	1988,	1995,	1980,	1837,	1986,	1673,	1822,	1661,	1682,	1671,	1820,	1813,	1794,	1801,	1786,	1811,	1792,	157,	138,	145,	166,	155,	136,	129,	278,	285,	270,	127,	276,	2435,	112,	2423,	2444,	2433,	110,	2457,	2448,	2487,	2478,	2459,	2450,	2467,	2476,	2519,	2538,	2531,	2510,	2521,	2540,	2547,	4998,	4991,	5006,	2549,	5000,	2741,	2564,	2753,	2732,	2743,	2566,	2719,	2728,	2689,	2698,	2717,	2726,	2709,	2700,	4287,	4306,	4299,	4278,	4289,	4308,	4315,	4166,	4159,	4174,	4317,	4168,	4509,	4332,	4521,	4500,	4511,	4334,	4487,	4496,	4457,	4466,	4485,	4494,	4477,	4468,	
1870,	1853,	1868,	1845,	1874,	1857,	1842,	1993,	1840,	1985,	1978,	1829,	1676,	1827,	1674,	1819,	1680,	1663,	1816,	1799,	1814,	1791,	1784,	1803,	160,	143,	158,	135,	164,	147,	132,	283,	130,	275,	268,	119,	2438,	117,	2436,	109,	2442,	2425,	2480,	2489,	2456,	2469,	2474,	2477,	2452,	2461,	2516,	2533,	2518,	2541,	2512,	2529,	2544,	4993,	2546,	5001,	5008,	2557,	2738,	2559,	2740,	2567,	2734,	2751,	2696,	2687,	2720,	2707,	2702,	2699,	2724,	2715,	4284,	4301,	4286,	4309,	4280,	4297,	4312,	4161,	4314,	4169,	4176,	4325,	4506,	4327,	4508,	4335,	4502,	4519,	4464,	4455,	4488,	4475,	4470,	4467,	4492,	4483,	
1849,	1860,	1851,	1864,	1877,	1844,	1989,	1832,	1991,	1836,	1981,	1984,	1823,	1666,	1825,	1670,	1683,	1818,	1795,	1806,	1797,	1810,	1787,	1790,	139,	150,	141,	154,	167,	134,	279,	122,	281,	126,	271,	274,	113,	2428,	115,	2432,	2445,	108,	2447,	2486,	2493,	2490,	2483,	2464,	2471,	2466,	2537,	2526,	2535,	2522,	2509,	2542,	4997,	2554,	4995,	2550,	5005,	5002,	2563,	2748,	2561,	2744,	2731,	2568,	2729,	2690,	2683,	2686,	2693,	2712,	2705,	2710,	4305,	4294,	4303,	4290,	4277,	4310,	4165,	4322,	4163,	4318,	4173,	4170,	4331,	4516,	4329,	4512,	4499,	4336,	4497,	4458,	4451,	4454,	4461,	4480,	4473,	4478,	
1852,	1871,	1862,	1879,	1858,	1873,	1992,	1843,	1834,	1983,	1830,	1977,	1826,	1677,	1668,	1685,	1664,	1679,	1798,	1817,	1808,	1789,	1804,	1783,	142,	161,	152,	169,	148,	163,	282,	133,	124,	273,	120,	267,	116,	2439,	2430,	107,	2426,	2441,	2492,	2481,	2484,	2455,	2470,	2473,	2462,	2453,	2534,	2515,	2524,	2507,	2528,	2513,	4994,	2543,	2552,	5003,	2556,	5009,	2560,	2737,	2746,	2569,	2750,	2735,	2684,	2695,	2692,	2721,	2706,	2703,	2714,	2723,	4302,	4283,	4292,	4275,	4296,	4281,	4162,	4311,	4320,	4171,	4324,	4177,	4328,	4505,	4514,	4337,	4518,	4503,	4452,	4463,	4460,	4489,	4474,	4471,	4482,	4491,	
1861,	1850,	1859,	1872,	1863,	1878,	1833,	1990,	1831,	1976,	1835,	1982,	1667,	1824,	1665,	1678,	1669,	1684,	1807,	1796,	1805,	1782,	1809,	1788,	151,	140,	149,	162,	153,	168,	123,	280,	121,	266,	125,	272,	2429,	114,	2427,	2440,	2431,	2446,	2485,	2494,	2491,	2482,	2463,	2454,	2465,	2472,	2525,	2536,	2527,	2514,	2523,	2508,	2553,	4996,	2555,	5010,	2551,	5004,	2747,	2562,	2749,	2736,	2745,	2730,	2691,	2682,	2685,	2694,	2713,	2722,	2711,	2704,	4293,	4304,	4295,	4282,	4291,	4276,	4321,	4164,	4323,	4178,	4319,	4172,	4515,	4330,	4517,	4504,	4513,	4498,	4459,	4450,	4453,	4462,	4481,	4490,	4479,	4472,	
1924,	1893,	1916,	1883,	1880,	1921,	1928,	1959,	1936,	1969,	1972,	1931,	1730,	1699,	1722,	1689,	1686,	1727,	1734,	1765,	1742,	1775,	1778,	1737,	214,	183,	206,	173,	170,	211,	218,	249,	226,	259,	262,	221,	62,		93,		70,		103,	106,	65,		36,		31,		50,		2495,	18,		7,		48,		2497,	5062,	5093,	5070,	2503,	2506,	5065,	5058,	5027,	5050,	5017,	5014,	5055,	2614,	2583,	2606,	2573,	2570,	2611,	2640,	2645,	2626,	2681,	2658,	2669,	2628,	2679,	4230,	4261,	4238,	4271,	4274,	4233,	4226,	4195,	4218,	4185,	4182,	4223,	4382,	4351,	4374,	4341,	4338,	4379,	4408,	4413,	4394,	4449,	4426,	4437,	4396,	4447,	
1915,	1884,	1925,	1922,	1917,	1882,	1937,	1968,	1975,	1930,	1935,	1970,	1721,	1690,	1731,	1728,	1723,	1688,	1743,	1774,	1781,	1736,	1741,	1776,	205,	174,	215,	212,	207,	172,	227,	258,	265,	220,	225,	260,	71,		102,	61,		64,		69,		104,	51,		58,		35,		30,		49,		2496,	9,		6,		5071,	2502,	5061,	5064,	5069,	2504,	5049,	5018,	5011,	5056,	5051,	5016,	2605,	2574,	2615,	2612,	2607,	2572,	2625,	2618,	2641,	2646,	2627,	2680,	2667,	2670,	4239,	4270,	4229,	4232,	4237,	4272,	4217,	4186,	4179,	4224,	4219,	4184,	4373,	4342,	4383,	4380,	4375,	4340,	4393,	4386,	4409,	4414,	4395,	4448,	4435,	4438,	
1894,	1923,	1892,	1881,	1920,	1927,	1958,	1929,	1960,	1971,	1932,	1973,	1700,	1729,	1698,	1687,	1726,	1733,	1764,	1735,	1766,	1777,	1738,	1779,	184,	213,	182,	171,	210,	217,	248,	219,	250,	261,	222,	263,	92,		63,		94,		105,	66,		59,		34,		37,		32,		17,		8,		19,		2498,	47,		5092,	5063,	5094,	2505,	5066,	5059,	5028,	5057,	5026,	5015,	5054,	5013,	2584,	2613,	2582,	2571,	2610,	2617,	2642,	2639,	2644,	2659,	2668,	2657,	2678,	2629,	4260,	4231,	4262,	4273,	4234,	4227,	4196,	4225,	4194,	4183,	4222,	4181,	4352,	4381,	4350,	4339,	4378,	4385,	4410,	4407,	4412,	4427,	4436,	4425,	4446,	4397,	
1885,	1914,	1905,	1926,	1891,	1918,	1967,	1938,	1947,	1974,	1961,	1934,	1691,	1720,	1711,	1732,	1697,	1724,	1773,	1744,	1753,	1780,	1767,	1740,	175,	204,	195,	216,	181,	208,	257,	228,	237,	264,	251,	224,	101,	72,		81,		60,		95,		68,		57,		52,		27,		20,		29,		22,		5,		10,		2501,	5072,	5081,	5060,	5095,	5068,	5019,	5048,	5039,	5012,	5025,	5052,	2575,	2604,	2595,	2616,	2581,	2608,	2619,	2624,	2649,	2656,	2647,	2654,	2671,	2666,	4269,	4240,	4249,	4228,	4263,	4236,	4187,	4216,	4207,	4180,	4193,	4220,	4343,	4372,	4363,	4384,	4349,	4376,	4387,	4392,	4417,	4424,	4415,	4422,	4439,	4434,	
1904,	1895,	1910,	1919,	1906,	1899,	1948,	1957,	1942,	1933,	1946,	1953,	1710,	1701,	1716,	1725,	1712,	1705,	1754,	1763,	1748,	1739,	1752,	1759,	194,	185,	200,	209,	196,	189,	238,	247,	232,	223,	236,	243,	82,		91,		76,		67,		80,		87,		38,		33,		56,		23,		16,		11,		46,		2499,	5082,	5091,	5076,	5067,	5080,	5087,	5038,	5029,	5044,	5053,	5040,	5033,	2594,	2585,	2600,	2609,	2596,	2589,	2638,	2643,	2620,	2653,	2660,	2665,	2630,	2677,	4250,	4259,	4244,	4235,	4248,	4255,	4206,	4197,	4212,	4221,	4208,	4201,	4362,	4353,	4368,	4377,	4364,	4357,	4406,	4411,	4388,	4421,	4428,	4433,	4398,	4445,	
1911,	1886,	1913,	1900,	1909,	1890,	1941,	1966,	1939,	1952,	1943,	1962,	1717,	1692,	1719,	1706,	1715,	1696,	1747,	1772,	1745,	1758,	1749,	1768,	201,	176,	203,	190,	199,	180,	231,	256,	229,	242,	233,	252,	75,		100,	73,		86,		77,		96,		53,		26,		15,		28,		21,		2,		43,		4,		5075,	2500,	5073,	5086,	5077,	5096,	5045,	5020,	5047,	5034,	5043,	5024,	2601,	2576,	2603,	2590,	2599,	2580,	2623,	2650,	2661,	2648,	2655,	2674,	2633,	2672,	4243,	4268,	4241,	4254,	4245,	4264,	4213,	4188,	4215,	4202,	4211,	4192,	4369,	4344,	4371,	4358,	4367,	4348,	4391,	4418,	4429,	4416,	4423,	4442,	4401,	4440,	
1896,	1903,	1888,	1907,	1898,	1901,	1956,	1949,	1964,	1945,	1954,	1951,	1702,	1709,	1694,	1713,	1704,	1707,	1762,	1755,	1770,	1751,	1760,	1757,	186,	193,	178,	197,	188,	191,	246,	239,	254,	235,	244,	241,	90,		83,		98,		79,		88,		85,		14,		39,		24,		55,		12,		41,		0,		45,		5090,	5083,	5098,	5079,	5088,	5085,	5030,	5037,	5022,	5041,	5032,	5035,	2586,	2593,	2578,	2597,	2588,	2591,	2662,	2637,	2652,	2621,	2664,	2635,	2676,	2631,	4258,	4251,	4266,	4247,	4256,	4253,	4198,	4205,	4190,	4209,	4200,	4203,	4354,	4361,	4346,	4365,	4356,	4359,	4430,	4405,	4420,	4389,	4432,	4403,	4444,	4399,	
1887,	1912,	1897,	1902,	1889,	1908,	1965,	1940,	1955,	1950,	1963,	1944,	1693,	1718,	1703,	1708,	1695,	1714,	1771,	1746,	1761,	1756,	1769,	1750,	177,	202,	187,	192,	179,	198,	255,	230,	245,	240,	253,	234,	99,		74,		89,		84,		97,		78,		25,		54,		13,		40,		1,		44,		3,		42,		5099,	5074,	5089,	5084,	5097,	5078,	5021,	5046,	5031,	5036,	5023,	5042,	2577,	2602,	2587,	2592,	2579,	2598,	2651,	2622,	2663,	2636,	2675,	2632,	2673,	2634,	4267,	4242,	4257,	4252,	4265,	4246,	4189,	4214,	4199,	4204,	4191,	4210,	4345,	4370,	4355,	4360,	4347,	4366,	4419,	4390,	4431,	4404,	4443,	4400,	4441,	4402,	
8462,	8447,	8450,	8469,	8460,	8441,	8490,	8475,	8478,	8497,	8488,	8505,	8292,	8277,	8280,	8299,	8290,	8271,	8320,	8305,	8308,	8327,	8318,	8335,	10250,	10265,	10262,	10243,	10252,	10271,	10222,	10237,	10234,	10215,	10224,	10207,	7844,	7859,	7856,	7837,	7846,	7865,	10392,	7831,	7810,	10401,	7820,	7827,	7812,	10403,	5112,	7801,	5100,	5119,	5110,	7795,	5140,	5125,	5128,	5147,	5138,	5155,	7622,	7607,	7610,	7629,	7620,	7601,	7674,	7635,	7656,	7665,	7646,	7639,	7654,	7663,	5944,	5929,	5932,	5951,	5942,	5923,	5972,	5957,	5960,	5979,	5970,	5987,	5750,	5735,	5738,	5757,	5748,	5729,	5802,	5763,	5784,	5793,	5774,	5767,	5782,	5791,	
8449,	8468,	8461,	8440,	8451,	8470,	8477,	8496,	8489,	8504,	8479,	8498,	8279,	8298,	8291,	8270,	8281,	8300,	8307,	8326,	8319,	8334,	8309,	8328,	10263,	10244,	10251,	10272,	10261,	10242,	10235,	10216,	10223,	10208,	10233,	10214,	7857,	7838,	7845,	7866,	7855,	7836,	7809,	10400,	10391,	7830,	7811,	10402,	7819,	7828,	7803,	5118,	5111,	7794,	5101,	5120,	5127,	5146,	5139,	5154,	5129,	5148,	7609,	7628,	7621,	7600,	7611,	7630,	7657,	7666,	7675,	7636,	7655,	7664,	7647,	7638,	5931,	5950,	5943,	5922,	5933,	5952,	5959,	5978,	5971,	5986,	5961,	5980,	5737,	5756,	5749,	5728,	5739,	5758,	5785,	5794,	5803,	5764,	5783,	5792,	5775,	5766,	
8446,	8463,	8448,	8471,	8442,	8459,	8474,	8491,	8476,	8499,	8506,	8487,	8276,	8293,	8278,	8301,	8272,	8289,	8304,	8321,	8306,	8329,	8336,	8317,	10266,	10249,	10264,	10241,	10270,	10253,	10238,	10221,	10236,	10213,	10206,	10225,	7860,	7843,	7858,	7835,	7864,	7847,	7832,	10393,	7808,	7821,	7826,	7829,	7804,	7813,	7800,	5113,	7802,	5121,	7796,	5109,	5124,	5141,	5126,	5149,	5156,	5137,	7606,	7623,	7608,	7631,	7602,	7619,	7634,	7673,	7658,	7645,	7640,	7637,	7662,	7653,	5928,	5945,	5930,	5953,	5924,	5941,	5956,	5973,	5958,	5981,	5988,	5969,	5734,	5751,	5736,	5759,	5730,	5747,	5762,	5801,	5786,	5773,	5768,	5765,	5790,	5781,	
8467,	8456,	8465,	8452,	8439,	8472,	8495,	8484,	8493,	8480,	8503,	8500,	8297,	8286,	8295,	8282,	8269,	8302,	8325,	8314,	8323,	8310,	8333,	8330,	10245,	10256,	10247,	10260,	10273,	10240,	10217,	10228,	10219,	10232,	10209,	10212,	7839,	7850,	7841,	7854,	7867,	7834,	10399,	10390,	10397,	10394,	10387,	7816,	7823,	7818,	5117,	5106,	5115,	5102,	7793,	5122,	5145,	5134,	5143,	5130,	5153,	5150,	7627,	7616,	7625,	7612,	7599,	7632,	7667,	7676,	7669,	7672,	7679,	7650,	7643,	7648,	5949,	5938,	5947,	5934,	5921,	5954,	5977,	5966,	5975,	5962,	5985,	5982,	5755,	5744,	5753,	5740,	5727,	5760,	5795,	5804,	5797,	5800,	5807,	5778,	5771,	5776,	
8464,	8445,	8454,	8437,	8458,	8443,	8492,	8473,	8482,	8501,	8486,	8507,	8294,	8275,	8284,	8267,	8288,	8273,	8322,	8303,	8312,	8331,	8316,	8337,	10248,	10267,	10258,	10275,	10254,	10269,	10220,	10239,	10230,	10211,	10226,	10205,	7842,	7861,	7852,	7869,	7848,	7863,	10396,	7833,	10388,	7807,	7822,	7825,	7814,	7805,	5114,	7799,	5104,	7791,	5108,	7797,	5142,	5123,	5132,	5151,	5136,	5157,	7624,	7605,	7614,	7597,	7618,	7603,	7670,	7633,	7678,	7659,	7644,	7641,	7652,	7661,	5946,	5927,	5936,	5919,	5940,	5925,	5974,	5955,	5964,	5983,	5968,	5989,	5752,	5733,	5742,	5725,	5746,	5731,	5798,	5761,	5806,	5787,	5772,	5769,	5780,	5789,	
8455,	8466,	8457,	8444,	8453,	8438,	8483,	8494,	8485,	8508,	8481,	8502,	8285,	8296,	8287,	8274,	8283,	8268,	8313,	8324,	8315,	8338,	8311,	8332,	10257,	10246,	10255,	10268,	10259,	10274,	10229,	10218,	10227,	10204,	10231,	10210,	7851,	7840,	7849,	7862,	7853,	7868,	10389,	10398,	10395,	10386,	7815,	7806,	7817,	7824,	5105,	5116,	5107,	7798,	5103,	7792,	5133,	5144,	5135,	5158,	5131,	5152,	7615,	7626,	7617,	7604,	7613,	7598,	7677,	7668,	7671,	7680,	7651,	7660,	7649,	7642,	5937,	5948,	5939,	5926,	5935,	5920,	5965,	5976,	5967,	5990,	5963,	5984,	5743,	5754,	5745,	5732,	5741,	5726,	5805,	5796,	5799,	5808,	5779,	5788,	5777,	5770,	
8434,	8413,	8410,	8427,	8436,	8419,	8400,	8523,	8520,	8393,	8510,	8529,	8264,	8387,	8384,	8257,	8266,	8249,	8374,	8353,	8350,	8367,	8340,	8359,	10278,	10299,	10302,	10285,	10276,	10293,	10312,	10189,	10192,	10319,	10202,	10183,	7872,	10325,	10328,	7879,	7870,	7887,	10384,	10345,	10366,	10375,	10356,	10349,	10364,	10373,	7788,	7767,	7764,	7781,	7790,	7773,	7754,	5173,	5170,	7747,	5160,	5179,	7594,	7741,	7738,	7587,	7596,	7579,	7682,	7721,	7700,	7691,	7710,	7717,	7702,	7693,	5916,	5895,	5892,	5909,	5918,	5901,	5882,	6005,	6002,	5875,	5992,	6011,	5722,	5869,	5866,	5715,	5724,	5707,	5810,	5849,	5828,	5819,	5838,	5845,	5830,	5821,	
8411,	8428,	8435,	8420,	8409,	8426,	8521,	8394,	8509,	8530,	8519,	8392,	8385,	8258,	8265,	8250,	8383,	8256,	8351,	8368,	8339,	8360,	8349,	8366,	10301,	10284,	10277,	10292,	10303,	10286,	10191,	10318,	10203,	10182,	10193,	10320,	10327,	7878,	7871,	7886,	10329,	7880,	10367,	10376,	10385,	10346,	10365,	10374,	10357,	10348,	7765,	7782,	7789,	7774,	7763,	7780,	5171,	7748,	5159,	5180,	5169,	7746,	7739,	7588,	7595,	7580,	7737,	7586,	7699,	7690,	7681,	7720,	7701,	7692,	7709,	7718,	5893,	5910,	5917,	5902,	5891,	5908,	6003,	5876,	5991,	6012,	6001,	5874,	5867,	5716,	5723,	5708,	5865,	5714,	5827,	5818,	5809,	5848,	5829,	5820,	5837,	5846,	
8414,	8433,	8412,	8425,	8418,	8401,	8524,	8399,	8522,	8391,	8528,	8511,	8388,	8263,	8386,	8255,	8248,	8375,	8354,	8373,	8352,	8365,	8358,	8341,	10298,	10279,	10300,	10287,	10294,	10311,	10188,	10313,	10190,	10321,	10184,	10201,	10324,	7873,	10326,	7881,	7888,	10337,	10344,	10383,	10368,	10355,	10350,	10347,	10372,	10363,	7768,	7787,	7766,	7779,	7772,	7755,	5174,	7753,	5172,	7745,	5178,	5161,	7742,	7593,	7740,	7585,	7578,	7729,	7722,	7683,	7698,	7711,	7716,	7719,	7694,	7703,	5896,	5915,	5894,	5907,	5900,	5883,	6006,	5881,	6004,	5873,	6010,	5993,	5870,	5721,	5868,	5713,	5706,	5857,	5850,	5811,	5826,	5839,	5844,	5847,	5822,	5831,	
8429,	8404,	8431,	8408,	8421,	8424,	8395,	8514,	8397,	8518,	8531,	8390,	8259,	8378,	8261,	8382,	8251,	8254,	8369,	8344,	8371,	8348,	8361,	8364,	10283,	10308,	10281,	10304,	10291,	10288,	10317,	10198,	10315,	10194,	10181,	10322,	7877,	10334,	7875,	10330,	7885,	7882,	10377,	10338,	10379,	10382,	10341,	10360,	10353,	10358,	7783,	7758,	7785,	7762,	7775,	7778,	7749,	5164,	7751,	5168,	5181,	7744,	7589,	7732,	7591,	7736,	7581,	7584,	7689,	7728,	7687,	7684,	7725,	7706,	7713,	7708,	5911,	5886,	5913,	5890,	5903,	5906,	5877,	5996,	5879,	6000,	6013,	5872,	5717,	5860,	5719,	5864,	5709,	5712,	5817,	5856,	5815,	5812,	5853,	5834,	5841,	5836,	
8432,	8415,	8406,	8423,	8402,	8417,	8398,	8525,	8516,	8533,	8512,	8527,	8262,	8389,	8380,	8253,	8376,	8247,	8372,	8355,	8346,	8363,	8342,	8357,	10280,	10297,	10306,	10289,	10310,	10295,	10314,	10187,	10196,	10179,	10200,	10185,	7874,	10323,	10332,	7883,	10336,	7889,	10380,	10343,	10340,	10369,	10354,	10351,	10362,	10371,	7786,	7769,	7760,	7777,	7756,	7771,	7752,	5175,	5166,	5183,	5162,	5177,	7592,	7743,	7734,	7583,	7730,	7577,	7686,	7723,	7726,	7697,	7712,	7715,	7704,	7695,	5914,	5897,	5888,	5905,	5884,	5899,	5880,	6007,	5998,	6015,	5994,	6009,	5720,	5871,	5862,	5711,	5858,	5705,	5814,	5851,	5854,	5825,	5840,	5843,	5832,	5823,	
8405,	8430,	8403,	8416,	8407,	8422,	8515,	8396,	8513,	8526,	8517,	8532,	8379,	8260,	8377,	8246,	8381,	8252,	8345,	8370,	8343,	8356,	8347,	8362,	10307,	10282,	10309,	10296,	10305,	10290,	10197,	10316,	10199,	10186,	10195,	10180,	10333,	7876,	10335,	7890,	10331,	7884,	10339,	10378,	10381,	10342,	10361,	10370,	10359,	10352,	7759,	7784,	7757,	7770,	7761,	7776,	5165,	7750,	5163,	5176,	5167,	5182,	7733,	7590,	7731,	7576,	7735,	7582,	7727,	7688,	7685,	7724,	7705,	7696,	7707,	7714,	5887,	5912,	5885,	5898,	5889,	5904,	5997,	5878,	5995,	6008,	5999,	6014,	5861,	5718,	5859,	5704,	5863,	5710,	5855,	5816,	5813,	5852,	5833,	5824,	5835,	5842,	
8676,	8661,	8664,	8683,	8674,	8655,	8536,	8689,	8692,	8543,	8534,	8551,	8702,	8231,	8234,	8709,	8244,	8225,	8730,	8715,	8718,	8737,	8728,	8745,	8112,	8127,	8124,	8105,	8114,	8133,	10176,	8099,	8096,	10169,	10178,	10161,	8086,	7905,	7902,	8079,	7892,	7911,	7956,	7947,	7926,	7917,	7936,	7943,	7928,	7919,	5326,	5311,	5314,	5333,	5324,	5305,	5186,	5339,	5342,	5193,	5184,	5201,	5352,	7561,	7564,	5359,	7574,	7555,	7510,	7519,	7540,	7549,	7530,	7523,	7538,	7547,	5482,	5467,	5470,	5489,	5480,	5461,	6018,	5495,	5498,	6025,	6016,	6033,	5508,	5689,	5692,	5515,	5702,	5683,	5638,	5647,	5668,	5677,	5658,	5651,	5666,	5675,	
8663,	8682,	8675,	8654,	8665,	8684,	8691,	8542,	8535,	8550,	8693,	8544,	8233,	8708,	8245,	8224,	8235,	8710,	8717,	8736,	8729,	8744,	8719,	8738,	8125,	8106,	8113,	8134,	8123,	8104,	8097,	10170,	10177,	10162,	8095,	10168,	7903,	8080,	7891,	7912,	7901,	8078,	7925,	7916,	7955,	7946,	7927,	7918,	7935,	7944,	5313,	5332,	5325,	5304,	5315,	5334,	5341,	5192,	5185,	5200,	5343,	5194,	7563,	5358,	7575,	7554,	7565,	5360,	7541,	7550,	7511,	7520,	7539,	7548,	7531,	7522,	5469,	5488,	5481,	5460,	5471,	5490,	5497,	6024,	6017,	6032,	5499,	6026,	5691,	5514,	5703,	5682,	5693,	5516,	5669,	5678,	5639,	5648,	5667,	5676,	5659,	5650,	
8660,	8677,	8662,	8685,	8656,	8673,	8688,	8537,	8690,	8545,	8552,	8701,	8230,	8703,	8232,	8711,	8226,	8243,	8714,	8731,	8716,	8739,	8746,	8727,	8128,	8111,	8126,	8103,	8132,	8115,	8100,	10175,	8098,	10167,	10160,	8087,	7906,	8085,	7904,	8077,	7910,	7893,	7948,	7957,	7924,	7937,	7942,	7945,	7920,	7929,	5310,	5327,	5312,	5335,	5306,	5323,	5338,	5187,	5340,	5195,	5202,	5351,	7560,	5353,	7562,	5361,	7556,	7573,	7518,	7509,	7542,	7529,	7524,	7521,	7546,	7537,	5466,	5483,	5468,	5491,	5462,	5479,	5494,	6019,	5496,	6027,	6034,	5507,	5688,	5509,	5690,	5517,	5684,	5701,	5646,	5637,	5670,	5657,	5652,	5649,	5674,	5665,	
8681,	8670,	8679,	8666,	8653,	8686,	8541,	8698,	8539,	8694,	8549,	8546,	8707,	8240,	8705,	8236,	8223,	8712,	8735,	8724,	8733,	8720,	8743,	8740,	8107,	8118,	8109,	8122,	8135,	8102,	10171,	8090,	10173,	8094,	10163,	10166,	8081,	7896,	8083,	7900,	7913,	8076,	7915,	7954,	7961,	7958,	7951,	7932,	7939,	7934,	5331,	5320,	5329,	5316,	5303,	5336,	5191,	5348,	5189,	5344,	5199,	5196,	5357,	7570,	5355,	7566,	7553,	5362,	7551,	7512,	7505,	7508,	7515,	7534,	7527,	7532,	5487,	5476,	5485,	5472,	5459,	5492,	6023,	5504,	6021,	5500,	6031,	6028,	5513,	5698,	5511,	5694,	5681,	5518,	5679,	5640,	5633,	5636,	5643,	5662,	5655,	5660,	
8678,	8659,	8668,	8651,	8672,	8657,	8538,	8687,	8696,	8547,	8700,	8553,	8704,	8229,	8238,	8221,	8242,	8227,	8732,	8713,	8722,	8741,	8726,	8747,	8110,	8129,	8120,	8137,	8116,	8131,	10174,	8101,	8092,	10165,	8088,	10159,	8084,	7907,	7898,	8075,	7894,	7909,	7960,	7949,	7952,	7923,	7938,	7941,	7930,	7921,	5328,	5309,	5318,	5301,	5322,	5307,	5188,	5337,	5346,	5197,	5350,	5203,	5354,	7559,	7568,	5363,	7572,	7557,	7506,	7517,	7514,	7543,	7528,	7525,	7536,	7545,	5484,	5465,	5474,	5457,	5478,	5463,	6020,	5493,	5502,	6029,	5506,	6035,	5510,	5687,	5696,	5519,	5700,	5685,	5634,	5645,	5642,	5671,	5656,	5653,	5664,	5673,	
8669,	8680,	8671,	8658,	8667,	8652,	8697,	8540,	8699,	8554,	8695,	8548,	8239,	8706,	8241,	8228,	8237,	8222,	8723,	8734,	8725,	8748,	8721,	8742,	8119,	8108,	8117,	8130,	8121,	8136,	8091,	10172,	8089,	10158,	8093,	10164,	7897,	8082,	7895,	7908,	7899,	7914,	7953,	7962,	7959,	7950,	7931,	7922,	7933,	7940,	5319,	5330,	5321,	5308,	5317,	5302,	5347,	5190,	5349,	5204,	5345,	5198,	7569,	5356,	7571,	7558,	7567,	7552,	7513,	7504,	7507,	7516,	7535,	7544,	7533,	7526,	5475,	5486,	5477,	5464,	5473,	5458,	5503,	6022,	5505,	6036,	5501,	6030,	5697,	5512,	5699,	5686,	5695,	5680,	5641,	5632,	5635,	5644,	5663,	5672,	5661,	5654,	
8606,	8637,	8614,	8647,	8650,	8609,	8602,	8571,	8594,	8561,	8558,	8599,	8176,	8207,	8184,	8217,	8220,	8179,	8172,	8765,	8164,	8755,	8752,	8169,	10106,	10075,	10098,	8141,	8138,	10103,	10110,	10141,	10118,	10151,	10154,	10113,	8030,	8061,	8038,	8071,	8074,	8033,	8004,	7999,	8018,	7963,	7986,	7975,	8016,	7965,	5256,	5287,	5264,	5297,	5300,	5259,	5252,	5221,	5244,	5211,	5208,	5249,	5408,	5377,	5400,	5367,	5364,	5405,	7462,	7467,	5420,	7503,	7480,	7491,	5422,	7501,	6088,	5443,	6096,	5453,	5456,	6091,	6084,	6053,	6076,	6043,	6040,	6081,	5564,	5533,	5556,	5523,	5520,	5561,	5590,	5595,	5576,	5631,	5608,	5619,	5578,	5629,	
8615,	8646,	8605,	8608,	8613,	8648,	8593,	8562,	8555,	8600,	8595,	8560,	8185,	8216,	8175,	8178,	8183,	8218,	8163,	8756,	8749,	8170,	8165,	8754,	10097,	8142,	10107,	10104,	10099,	8140,	10119,	10150,	10157,	10112,	10117,	10152,	8039,	8070,	8029,	8032,	8037,	8072,	8019,	8026,	8003,	7998,	8017,	7964,	7977,	7974,	5265,	5296,	5255,	5258,	5263,	5298,	5243,	5212,	5205,	5250,	5245,	5210,	5399,	5368,	5409,	5406,	5401,	5366,	5419,	5412,	7463,	7468,	5421,	7502,	7489,	7492,	6097,	5452,	6087,	6090,	6095,	5454,	6075,	6044,	6037,	6082,	6077,	6042,	5555,	5524,	5565,	5562,	5557,	5522,	5575,	5568,	5591,	5596,	5577,	5630,	5617,	5620,	
8636,	8607,	8638,	8649,	8610,	8603,	8572,	8601,	8570,	8559,	8598,	8557,	8206,	8177,	8208,	8219,	8180,	8173,	8766,	8171,	8764,	8753,	8168,	8751,	10076,	10105,	10074,	8139,	10102,	10109,	10140,	10111,	10142,	10153,	10114,	10155,	8060,	8031,	8062,	8073,	8034,	8027,	8002,	8005,	8000,	7985,	7976,	7987,	7966,	8015,	5286,	5257,	5288,	5299,	5260,	5253,	5222,	5251,	5220,	5209,	5248,	5207,	5378,	5407,	5376,	5365,	5404,	5411,	7464,	7461,	7466,	7481,	7490,	7479,	7500,	5423,	5442,	6089,	5444,	5455,	6092,	6085,	6054,	6083,	6052,	6041,	6080,	6039,	5534,	5563,	5532,	5521,	5560,	5567,	5592,	5589,	5594,	5609,	5618,	5607,	5628,	5579,	
8645,	8616,	8625,	8604,	8639,	8612,	8563,	8592,	8583,	8556,	8569,	8596,	8215,	8186,	8195,	8174,	8209,	8182,	8757,	8162,	8153,	8750,	8763,	8166,	8143,	10096,	10087,	10108,	10073,	10100,	10149,	10120,	10129,	10156,	10143,	10116,	8069,	8040,	8049,	8028,	8063,	8036,	8025,	8020,	7995,	7988,	7997,	7990,	7973,	7978,	5295,	5266,	5275,	5254,	5289,	5262,	5213,	5242,	5233,	5206,	5219,	5246,	5369,	5398,	5389,	5410,	5375,	5402,	5413,	5418,	7471,	7478,	7469,	7476,	7493,	7488,	5451,	6098,	5431,	6086,	5445,	6094,	6045,	6074,	6065,	6038,	6051,	6078,	5525,	5554,	5545,	5566,	5531,	5558,	5569,	5574,	5599,	5606,	5597,	5604,	5621,	5616,	
8626,	8635,	8620,	8611,	8624,	8631,	8582,	8573,	8588,	8597,	8584,	8577,	8196,	8205,	8190,	8181,	8194,	8201,	8152,	8767,	8158,	8167,	8154,	8147,	10086,	10077,	10092,	10101,	10088,	10081,	10130,	10139,	10124,	10115,	10128,	10135,	8050,	8059,	8044,	8035,	8048,	8055,	8006,	8001,	8024,	7991,	7984,	7979,	8014,	7967,	5276,	5285,	5270,	5261,	5274,	5281,	5232,	5223,	5238,	5247,	5234,	5227,	5388,	5379,	5394,	5403,	5390,	5383,	7460,	7465,	5414,	7475,	7482,	7487,	5424,	7499,	5432,	5441,	5426,	6093,	5430,	5437,	6064,	6055,	6070,	6079,	6066,	6059,	5544,	5535,	5550,	5559,	5546,	5539,	5588,	5593,	5570,	5603,	5610,	5615,	5580,	5627,	
8619,	8644,	8617,	8630,	8621,	8640,	8589,	8564,	8591,	8578,	8587,	8568,	8189,	8214,	8187,	8200,	8191,	8210,	8159,	8758,	8161,	8148,	8157,	8762,	10093,	8144,	10095,	10082,	10091,	10072,	10123,	10148,	10121,	10134,	10125,	10144,	8043,	8068,	8041,	8054,	8045,	8064,	8021,	7994,	7983,	7996,	7989,	7970,	8011,	7972,	5269,	5294,	5267,	5280,	5271,	5290,	5239,	5214,	5241,	5228,	5237,	5218,	5395,	5370,	5397,	5384,	5393,	5374,	5417,	7472,	7483,	7470,	7477,	7496,	7455,	7494,	5425,	5450,	6099,	5436,	5427,	5446,	6071,	6046,	6073,	6060,	6069,	6050,	5551,	5526,	5553,	5540,	5549,	5530,	5573,	5600,	5611,	5598,	5605,	5624,	5583,	5622,	
8634,	8627,	8642,	8623,	8632,	8629,	8574,	8581,	8566,	8585,	8576,	8579,	8204,	8197,	8212,	8193,	8202,	8199,	8768,	8151,	8760,	8155,	8146,	8149,	10078,	10085,	10070,	10089,	10080,	10083,	10138,	10131,	10146,	10127,	10136,	10133,	8058,	8051,	8066,	8047,	8056,	8053,	7982,	8007,	7992,	8023,	7980,	8009,	7968,	8013,	5284,	5277,	5292,	5273,	5282,	5279,	5224,	5231,	5216,	5235,	5226,	5229,	5380,	5387,	5372,	5391,	5382,	5385,	7484,	7459,	7474,	5415,	7486,	7457,	7498,	7453,	5440,	5433,	5448,	5429,	5438,	5435,	6056,	6063,	6048,	6067,	6058,	6061,	5536,	5543,	5528,	5547,	5538,	5541,	5612,	5587,	5602,	5571,	5614,	5585,	5626,	5581,	
8643,	8618,	8633,	8628,	8641,	8622,	8565,	8590,	8575,	8580,	8567,	8586,	8213,	8188,	8203,	8198,	8211,	8192,	8759,	8160,	8769,	8150,	8761,	8156,	8145,	10094,	10079,	10084,	10071,	10090,	10147,	10122,	10137,	10132,	10145,	10126,	8067,	8042,	8057,	8052,	8065,	8046,	7993,	8022,	7981,	8008,	7969,	8012,	7971,	8010,	5293,	5268,	5283,	5278,	5291,	5272,	5215,	5240,	5225,	5230,	5217,	5236,	5371,	5396,	5381,	5386,	5373,	5392,	7473,	5416,	7485,	7458,	7497,	7454,	7495,	7456,	5449,	6100,	5439,	5434,	5447,	5428,	6047,	6072,	6057,	6062,	6049,	6068,	5527,	5552,	5537,	5542,	5529,	5548,	5601,	5572,	5613,	5586,	5625,	5582,	5623,	5584,	
8914,	8899,	8902,	8921,	8912,	8893,	8942,	8927,	8930,	8949,	8940,	8957,	9368,	9353,	9356,	9375,	9366,	9347,	8772,	9381,	9384,	8779,	8770,	8787,	9400,	9415,	9412,	10069,	9402,	9421,	10048,	10063,	10060,	10041,	10050,	10033,	9594,	9609,	9606,	9587,	9596,	9615,	9542,	9581,	9560,	9551,	9570,	9577,	9562,	9553,	7290,	7305,	7302,	7283,	7292,	7311,	7262,	7277,	7274,	7255,	7264,	7247,	6808,	6823,	6820,	6801,	6810,	6829,	7432,	6795,	7450,	7441,	6784,	6791,	7452,	7443,	6770,	6755,	6758,	6101,	6768,	6749,	6122,	6107,	6110,	6129,	6120,	6137,	6576,	6561,	6564,	6583,	6574,	6555,	6628,	6589,	6610,	6619,	6600,	6593,	6608,	6617,	
8901,	8920,	8913,	8892,	8903,	8922,	8929,	8948,	8941,	8956,	8931,	8950,	9355,	9374,	9367,	9346,	9357,	9376,	9383,	8778,	8771,	8786,	9385,	8780,	9413,	9394,	9401,	9422,	9411,	10068,	10061,	10042,	10049,	10034,	10059,	10040,	9607,	9588,	9595,	9616,	9605,	9586,	9559,	9550,	9541,	9580,	9561,	9552,	9569,	9578,	7303,	7284,	7291,	7312,	7301,	7282,	7275,	7256,	7263,	7248,	7273,	7254,	6821,	6802,	6809,	6830,	6819,	6800,	7449,	7440,	7431,	6794,	7451,	7442,	6783,	6792,	6757,	6776,	6769,	6748,	6759,	6102,	6109,	6128,	6121,	6136,	6111,	6130,	6563,	6582,	6575,	6554,	6565,	6584,	6611,	6620,	6629,	6590,	6609,	6618,	6601,	6592,	
8898,	8915,	8900,	8923,	8894,	8911,	8926,	8943,	8928,	8951,	8958,	8939,	9352,	9369,	9354,	9377,	9348,	9365,	9380,	8773,	9382,	8781,	8788,	9393,	9416,	9399,	9414,	10067,	9420,	9403,	10064,	10047,	10062,	10039,	10032,	10051,	9610,	9593,	9608,	9585,	9614,	9597,	9582,	9543,	9558,	9571,	9576,	9579,	9554,	9563,	7306,	7289,	7304,	7281,	7310,	7293,	7278,	7261,	7276,	7253,	7246,	7265,	6824,	6807,	6822,	6799,	6828,	6811,	6796,	7433,	7448,	6785,	6790,	6793,	7444,	6777,	6754,	6771,	6756,	6103,	6750,	6767,	6106,	6123,	6108,	6131,	6138,	6119,	6560,	6577,	6562,	6585,	6556,	6573,	6588,	6627,	6612,	6599,	6594,	6591,	6616,	6607,	
8919,	8908,	8917,	8904,	8891,	8924,	8947,	8936,	8945,	8932,	8955,	8952,	9373,	9362,	9371,	9358,	9345,	9378,	8777,	9390,	8775,	9386,	8785,	8782,	9395,	9406,	9397,	9410,	9423,	10066,	10043,	10054,	10045,	10058,	10035,	10038,	9589,	9600,	9591,	9604,	9617,	9584,	9549,	9540,	9547,	9544,	9537,	9566,	9573,	9568,	7285,	7296,	7287,	7300,	7313,	7280,	7257,	7268,	7259,	7272,	7249,	7252,	6803,	6814,	6805,	6818,	6831,	6798,	7439,	7430,	7437,	7434,	7427,	6780,	6787,	6782,	6775,	6764,	6773,	6760,	6747,	6104,	6127,	6116,	6125,	6112,	6135,	6132,	6581,	6570,	6579,	6566,	6553,	6586,	6621,	6630,	6623,	6626,	6633,	6604,	6597,	6602,	
8916,	8897,	8906,	8889,	8910,	8895,	8944,	8925,	8934,	8953,	8938,	8959,	9370,	9351,	9360,	9343,	9364,	9349,	8774,	9379,	9388,	8783,	9392,	8789,	9398,	9417,	9408,	9425,	9404,	9419,	10046,	10065,	10056,	10037,	10052,	10031,	9592,	9611,	9602,	9619,	9598,	9613,	9546,	9583,	9538,	9557,	9572,	9575,	9564,	9555,	7288,	7307,	7298,	7315,	7294,	7309,	7260,	7279,	7270,	7251,	7266,	7245,	6806,	6825,	6816,	6833,	6812,	6827,	7436,	6797,	7428,	7447,	6786,	6789,	6778,	7445,	6772,	6753,	6762,	6745,	6766,	6751,	6124,	6105,	6114,	6133,	6118,	6139,	6578,	6559,	6568,	6551,	6572,	6557,	6624,	6587,	6632,	6613,	6598,	6595,	6606,	6615,	
8907,	8918,	8909,	8896,	8905,	8890,	8935,	8946,	8937,	8960,	8933,	8954,	9361,	9372,	9363,	9350,	9359,	9344,	9389,	8776,	9391,	8790,	9387,	8784,	9407,	9396,	9405,	9418,	9409,	9424,	10055,	10044,	10053,	10030,	10057,	10036,	9601,	9590,	9599,	9612,	9603,	9618,	9539,	9548,	9545,	9536,	9565,	9556,	9567,	9574,	7297,	7286,	7295,	7308,	7299,	7314,	7269,	7258,	7267,	7244,	7271,	7250,	6815,	6804,	6813,	6826,	6817,	6832,	7429,	7438,	7435,	7426,	6779,	7446,	6781,	6788,	6763,	6774,	6765,	6752,	6761,	6746,	6115,	6126,	6117,	6140,	6113,	6134,	6569,	6580,	6571,	6558,	6567,	6552,	6631,	6622,	6625,	6634,	6605,	6614,	6603,	6596,	
8886,	8865,	8862,	8879,	8888,	8871,	8852,	8975,	8972,	8845,	8962,	8981,	9340,	8839,	8836,	9333,	9342,	9325,	8826,	8805,	8802,	8819,	8792,	8811,	9428,	9449,	9452,	9435,	9426,	9443,	9462,	10015,	10018,	9469,	10028,	10009,	9622,	9475,	9478,	9629,	9620,	9637,	9534,	9495,	9516,	9525,	9506,	9499,	9514,	9523,	7318,	7339,	7342,	7325,	7316,	7333,	7352,	7229,	7232,	7359,	7242,	7223,	6836,	7365,	7368,	6843,	6834,	6851,	7424,	7385,	7406,	7415,	7396,	7389,	7404,	7413,	6742,	6721,	6718,	6735,	6744,	6727,	6708,	6155,	6152,	6701,	6142,	6161,	6548,	6695,	6692,	6541,	6550,	6533,	6636,	6675,	6654,	6645,	6664,	6671,	6656,	6647,	
8863,	8880,	8887,	8872,	8861,	8878,	8973,	8846,	8961,	8982,	8971,	8844,	8837,	9334,	9341,	9326,	8835,	9332,	8803,	8820,	8791,	8812,	8801,	8818,	9451,	9434,	9427,	9442,	9453,	9436,	10017,	9468,	10029,	10008,	10019,	9470,	9477,	9628,	9621,	9636,	9479,	9630,	9517,	9526,	9535,	9496,	9515,	9524,	9507,	9498,	7341,	7324,	7317,	7332,	7343,	7326,	7231,	7358,	7243,	7222,	7233,	7360,	7367,	6842,	6835,	6850,	7369,	6844,	7407,	7416,	7425,	7386,	7405,	7414,	7397,	7388,	6719,	6736,	6743,	6728,	6717,	6734,	6153,	6702,	6141,	6162,	6151,	6700,	6693,	6542,	6549,	6534,	6691,	6540,	6653,	6644,	6635,	6674,	6655,	6646,	6663,	6672,	
8866,	8885,	8864,	8877,	8870,	8853,	8976,	8851,	8974,	8843,	8980,	8963,	8840,	9339,	8838,	9331,	9324,	8827,	8806,	8825,	8804,	8817,	8810,	8793,	9448,	9429,	9450,	9437,	9444,	9461,	10014,	9463,	10016,	9471,	10010,	10027,	9474,	9623,	9476,	9631,	9638,	9487,	9494,	9533,	9518,	9505,	9500,	9497,	9522,	9513,	7338,	7319,	7340,	7327,	7334,	7351,	7228,	7353,	7230,	7361,	7224,	7241,	7364,	6837,	7366,	6845,	6852,	7377,	7384,	7423,	7408,	7395,	7390,	7387,	7412,	7403,	6722,	6741,	6720,	6733,	6726,	6709,	6156,	6707,	6154,	6699,	6160,	6143,	6696,	6547,	6694,	6539,	6532,	6683,	6676,	6637,	6652,	6665,	6670,	6673,	6648,	6657,	
8881,	8856,	8883,	8860,	8873,	8876,	8847,	8966,	8849,	8970,	8983,	8842,	9335,	8830,	9337,	8834,	9327,	9330,	8821,	8796,	8823,	8800,	8813,	8816,	9433,	9458,	9431,	9454,	9441,	9438,	9467,	10024,	9465,	10020,	10007,	9472,	9627,	9484,	9625,	9480,	9635,	9632,	9527,	9488,	9529,	9532,	9491,	9510,	9503,	9508,	7323,	7348,	7321,	7344,	7331,	7328,	7357,	7238,	7355,	7234,	7221,	7362,	6841,	7374,	6839,	7370,	6849,	6846,	7417,	7378,	7419,	7422,	7381,	7400,	7393,	7398,	6737,	6712,	6739,	6716,	6729,	6732,	6703,	6146,	6705,	6150,	6163,	6698,	6543,	6686,	6545,	6690,	6535,	6538,	6643,	6682,	6641,	6638,	6679,	6660,	6667,	6662,	
8884,	8867,	8858,	8875,	8854,	8869,	8850,	8977,	8968,	8985,	8964,	8979,	9338,	8841,	8832,	9329,	8828,	9323,	8824,	8807,	8798,	8815,	8794,	8809,	9430,	9447,	9456,	9439,	9460,	9445,	9464,	10013,	10022,	10005,	10026,	10011,	9624,	9473,	9482,	9633,	9486,	9639,	9530,	9493,	9490,	9519,	9504,	9501,	9512,	9521,	7320,	7337,	7346,	7329,	7350,	7335,	7354,	7227,	7236,	7219,	7240,	7225,	6838,	7363,	7372,	6847,	7376,	6853,	7420,	7383,	7380,	7409,	7394,	7391,	7402,	7411,	6740,	6723,	6714,	6731,	6710,	6725,	6706,	6157,	6148,	6165,	6144,	6159,	6546,	6697,	6688,	6537,	6684,	6531,	6640,	6677,	6680,	6651,	6666,	6669,	6658,	6649,	
8857,	8882,	8855,	8868,	8859,	8874,	8967,	8848,	8965,	8978,	8969,	8984,	8831,	9336,	8829,	9322,	8833,	9328,	8797,	8822,	8795,	8808,	8799,	8814,	9457,	9432,	9459,	9446,	9455,	9440,	10023,	9466,	10025,	10012,	10021,	10006,	9483,	9626,	9485,	9640,	9481,	9634,	9489,	9528,	9531,	9492,	9511,	9520,	9509,	9502,	7347,	7322,	7349,	7336,	7345,	7330,	7237,	7356,	7239,	7226,	7235,	7220,	7373,	6840,	7375,	6854,	7371,	6848,	7379,	7418,	7421,	7382,	7401,	7410,	7399,	7392,	6713,	6738,	6711,	6724,	6715,	6730,	6147,	6704,	6145,	6158,	6149,	6164,	6687,	6544,	6685,	6530,	6689,	6536,	6681,	6642,	6639,	6678,	6659,	6650,	6661,	6668,	
9128,	9113,	9116,	9135,	9126,	9107,	8988,	9141,	9144,	8995,	8986,	9003,	9154,	9307,	9310,	9161,	9320,	9301,	9182,	9167,	9170,	9189,	9180,	9197,	9862,	9877,	9874,	9855,	9864,	9883,	10002,	9849,	9846,	9995,	10004,	9987,	9836,	9655,	9652,	9829,	9642,	9661,	9706,	9697,	9676,	9667,	9686,	9693,	9678,	9669,	7076,	7091,	7088,	7069,	7078,	7097,	7216,	7063,	7060,	7209,	7218,	7201,	7050,	6869,	6866,	7043,	6856,	6875,	6920,	6911,	6890,	6881,	6900,	6907,	6892,	6883,	6308,	6293,	6296,	6315,	6306,	6287,	6168,	6321,	6324,	6175,	6166,	6183,	6334,	6515,	6518,	6341,	6528,	6509,	6464,	6473,	6494,	6503,	6484,	6477,	6492,	6501,	
9115,	9134,	9127,	9106,	9117,	9136,	9143,	8994,	8987,	9002,	9145,	8996,	9309,	9160,	9321,	9300,	9311,	9162,	9169,	9188,	9181,	9196,	9171,	9190,	9875,	9856,	9863,	9884,	9873,	9854,	9847,	9996,	10003,	9988,	9845,	9994,	9653,	9830,	9641,	9662,	9651,	9828,	9675,	9666,	9705,	9696,	9677,	9668,	9685,	9694,	7089,	7070,	7077,	7098,	7087,	7068,	7061,	7210,	7217,	7202,	7059,	7208,	6867,	7044,	6855,	6876,	6865,	7042,	6889,	6880,	6919,	6910,	6891,	6882,	6899,	6908,	6295,	6314,	6307,	6286,	6297,	6316,	6323,	6174,	6167,	6182,	6325,	6176,	6517,	6340,	6529,	6508,	6519,	6342,	6495,	6504,	6465,	6474,	6493,	6502,	6485,	6476,	
9112,	9129,	9114,	9137,	9108,	9125,	9140,	8989,	9142,	8997,	9004,	9153,	9306,	9155,	9308,	9163,	9302,	9319,	9166,	9183,	9168,	9191,	9198,	9179,	9878,	9861,	9876,	9853,	9882,	9865,	9850,	10001,	9848,	9993,	9986,	9837,	9656,	9835,	9654,	9827,	9660,	9643,	9698,	9707,	9674,	9687,	9692,	9695,	9670,	9679,	7092,	7075,	7090,	7067,	7096,	7079,	7064,	7215,	7062,	7207,	7200,	7051,	6870,	7049,	6868,	7041,	6874,	6857,	6912,	6921,	6888,	6901,	6906,	6909,	6884,	6893,	6292,	6309,	6294,	6317,	6288,	6305,	6320,	6169,	6322,	6177,	6184,	6333,	6514,	6335,	6516,	6343,	6510,	6527,	6472,	6463,	6496,	6483,	6478,	6475,	6500,	6491,	
9133,	9122,	9131,	9118,	9105,	9138,	8993,	9150,	8991,	9146,	9001,	8998,	9159,	9316,	9157,	9312,	9299,	9164,	9187,	9176,	9185,	9172,	9195,	9192,	9857,	9868,	9859,	9872,	9885,	9852,	9997,	9840,	9999,	9844,	9989,	9992,	9831,	9646,	9833,	9650,	9663,	9826,	9665,	9704,	9711,	9708,	9701,	9682,	9689,	9684,	7071,	7082,	7073,	7086,	7099,	7066,	7211,	7054,	7213,	7058,	7203,	7206,	7045,	6860,	7047,	6864,	6877,	7040,	6879,	6918,	6925,	6922,	6915,	6896,	6903,	6898,	6313,	6302,	6311,	6298,	6285,	6318,	6173,	6330,	6171,	6326,	6181,	6178,	6339,	6524,	6337,	6520,	6507,	6344,	6505,	6466,	6459,	6462,	6469,	6488,	6481,	6486,	
9130,	9111,	9120,	9103,	9124,	9109,	8990,	9139,	9148,	8999,	9152,	9005,	9156,	9305,	9314,	9297,	9318,	9303,	9184,	9165,	9174,	9193,	9178,	9199,	9860,	9879,	9870,	9887,	9866,	9881,	10000,	9851,	9842,	9991,	9838,	9985,	9834,	9657,	9648,	9825,	9644,	9659,	9710,	9699,	9702,	9673,	9688,	9691,	9680,	9671,	7074,	7093,	7084,	7101,	7080,	7095,	7214,	7065,	7056,	7205,	7052,	7199,	7048,	6871,	6862,	7039,	6858,	6873,	6924,	6913,	6916,	6887,	6902,	6905,	6894,	6885,	6310,	6291,	6300,	6283,	6304,	6289,	6170,	6319,	6328,	6179,	6332,	6185,	6336,	6513,	6522,	6345,	6526,	6511,	6460,	6471,	6468,	6497,	6482,	6479,	6490,	6499,	
9121,	9132,	9123,	9110,	9119,	9104,	9149,	8992,	9151,	9006,	9147,	9000,	9315,	9158,	9317,	9304,	9313,	9298,	9175,	9186,	9177,	9200,	9173,	9194,	9869,	9858,	9867,	9880,	9871,	9886,	9841,	9998,	9839,	9984,	9843,	9990,	9647,	9832,	9645,	9658,	9649,	9664,	9703,	9712,	9709,	9700,	9681,	9672,	9683,	9690,	7083,	7072,	7081,	7094,	7085,	7100,	7055,	7212,	7053,	7198,	7057,	7204,	6861,	7046,	6859,	6872,	6863,	6878,	6917,	6926,	6923,	6914,	6895,	6886,	6897,	6904,	6301,	6312,	6303,	6290,	6299,	6284,	6329,	6172,	6331,	6186,	6327,	6180,	6523,	6338,	6525,	6512,	6521,	6506,	6467,	6458,	6461,	6470,	6489,	6498,	6487,	6480,	
9058,	9089,	9066,	9099,	9102,	9061,	9054,	9023,	9046,	9013,	9010,	9051,	9252,	9283,	9260,	9293,	9296,	9255,	9248,	9217,	9240,	9207,	9204,	9245,	9932,	9901,	9924,	9891,	9888,	9929,	9936,	9967,	9944,	9977,	9980,	9939,	9780,	9811,	9788,	9821,	9824,	9783,	9754,	9749,	9768,	9713,	9736,	9725,	9766,	9715,	7146,	7115,	7138,	7105,	7102,	7143,	7150,	7181,	7158,	7191,	7194,	7153,	6994,	7025,	7002,	7035,	7038,	6997,	6968,	6963,	6982,	6927,	6950,	6939,	6980,	6929,	6238,	6269,	6246,	6279,	6282,	6241,	6234,	6203,	6226,	6193,	6190,	6231,	6390,	6359,	6382,	6349,	6346,	6387,	6416,	6421,	6402,	6457,	6434,	6445,	6404,	6455,	
9067,	9098,	9057,	9060,	9065,	9100,	9045,	9014,	9007,	9052,	9047,	9012,	9261,	9292,	9251,	9254,	9259,	9294,	9239,	9208,	9201,	9246,	9241,	9206,	9923,	9892,	9933,	9930,	9925,	9890,	9945,	9976,	9983,	9938,	9943,	9978,	9789,	9820,	9779,	9782,	9787,	9822,	9769,	9776,	9753,	9748,	9767,	9714,	9727,	9724,	7137,	7106,	7147,	7144,	7139,	7104,	7159,	7190,	7197,	7152,	7157,	7192,	7003,	7034,	6993,	6996,	7001,	7036,	6983,	6990,	6967,	6962,	6981,	6928,	6941,	6938,	6247,	6278,	6237,	6240,	6245,	6280,	6225,	6194,	6187,	6232,	6227,	6192,	6381,	6350,	6391,	6388,	6383,	6348,	6401,	6394,	6417,	6422,	6403,	6456,	6443,	6446,	
9088,	9059,	9090,	9101,	9062,	9055,	9024,	9053,	9022,	9011,	9050,	9009,	9282,	9253,	9284,	9295,	9256,	9249,	9218,	9247,	9216,	9205,	9244,	9203,	9902,	9931,	9900,	9889,	9928,	9935,	9966,	9937,	9968,	9979,	9940,	9981,	9810,	9781,	9812,	9823,	9784,	9777,	9752,	9755,	9750,	9735,	9726,	9737,	9716,	9765,	7116,	7145,	7114,	7103,	7142,	7149,	7180,	7151,	7182,	7193,	7154,	7195,	7024,	6995,	7026,	7037,	6998,	6991,	6966,	6969,	6964,	6949,	6940,	6951,	6930,	6979,	6268,	6239,	6270,	6281,	6242,	6235,	6204,	6233,	6202,	6191,	6230,	6189,	6360,	6389,	6358,	6347,	6386,	6393,	6418,	6415,	6420,	6435,	6444,	6433,	6454,	6405,	
9097,	9068,	9077,	9056,	9091,	9064,	9015,	9044,	9035,	9008,	9021,	9048,	9291,	9262,	9271,	9250,	9285,	9258,	9209,	9238,	9229,	9202,	9215,	9242,	9893,	9922,	9913,	9934,	9899,	9926,	9975,	9946,	9955,	9982,	9969,	9942,	9819,	9790,	9799,	9778,	9813,	9786,	9775,	9770,	9745,	9738,	9747,	9740,	9723,	9728,	7107,	7136,	7127,	7148,	7113,	7140,	7189,	7160,	7169,	7196,	7183,	7156,	7033,	7004,	7013,	6992,	7027,	7000,	6989,	6984,	6959,	6952,	6961,	6954,	6937,	6942,	6277,	6248,	6257,	6236,	6271,	6244,	6195,	6224,	6215,	6188,	6201,	6228,	6351,	6380,	6371,	6392,	6357,	6384,	6395,	6400,	6425,	6432,	6423,	6430,	6447,	6442,	
9078,	9087,	9072,	9063,	9076,	9083,	9034,	9025,	9040,	9049,	9036,	9029,	9272,	9281,	9266,	9257,	9270,	9277,	9228,	9219,	9234,	9243,	9230,	9223,	9912,	9903,	9918,	9927,	9914,	9907,	9956,	9965,	9950,	9941,	9954,	9961,	9800,	9809,	9794,	9785,	9798,	9805,	9756,	9751,	9774,	9741,	9734,	9729,	9764,	9717,	7126,	7117,	7132,	7141,	7128,	7121,	7170,	7179,	7164,	7155,	7168,	7175,	7014,	7023,	7008,	6999,	7012,	7019,	6970,	6965,	6988,	6955,	6948,	6943,	6978,	6931,	6258,	6267,	6252,	6243,	6256,	6263,	6214,	6205,	6220,	6229,	6216,	6209,	6370,	6361,	6376,	6385,	6372,	6365,	6414,	6419,	6396,	6429,	6436,	6441,	6406,	6453,	
9071,	9096,	9069,	9082,	9073,	9092,	9041,	9016,	9043,	9030,	9039,	9020,	9265,	9290,	9263,	9276,	9267,	9286,	9235,	9210,	9237,	9224,	9233,	9214,	9919,	9894,	9921,	9908,	9917,	9898,	9949,	9974,	9947,	9960,	9951,	9970,	9793,	9818,	9791,	9804,	9795,	9814,	9771,	9744,	9733,	9746,	9739,	9720,	9761,	9722,	7133,	7108,	7135,	7122,	7131,	7112,	7163,	7188,	7161,	7174,	7165,	7184,	7007,	7032,	7005,	7018,	7009,	7028,	6985,	6958,	6947,	6960,	6953,	6934,	6975,	6936,	6251,	6276,	6249,	6262,	6253,	6272,	6221,	6196,	6223,	6210,	6219,	6200,	6377,	6352,	6379,	6366,	6375,	6356,	6399,	6426,	6437,	6424,	6431,	6450,	6409,	6448,	
9086,	9079,	9094,	9075,	9084,	9081,	9026,	9033,	9018,	9037,	9028,	9031,	9280,	9273,	9288,	9269,	9278,	9275,	9220,	9227,	9212,	9231,	9222,	9225,	9904,	9911,	9896,	9915,	9906,	9909,	9964,	9957,	9972,	9953,	9962,	9959,	9808,	9801,	9816,	9797,	9806,	9803,	9732,	9757,	9742,	9773,	9730,	9759,	9718,	9763,	7118,	7125,	7110,	7129,	7120,	7123,	7178,	7171,	7186,	7167,	7176,	7173,	7022,	7015,	7030,	7011,	7020,	7017,	6946,	6971,	6956,	6987,	6944,	6973,	6932,	6977,	6266,	6259,	6274,	6255,	6264,	6261,	6206,	6213,	6198,	6217,	6208,	6211,	6362,	6369,	6354,	6373,	6364,	6367,	6438,	6413,	6428,	6397,	6440,	6411,	6452,	6407,	
9095,	9070,	9085,	9080,	9093,	9074,	9017,	9042,	9027,	9032,	9019,	9038,	9289,	9264,	9279,	9274,	9287,	9268,	9211,	9236,	9221,	9226,	9213,	9232,	9895,	9920,	9905,	9910,	9897,	9916,	9973,	9948,	9963,	9958,	9971,	9952,	9817,	9792,	9807,	9802,	9815,	9796,	9743,	9772,	9731,	9758,	9719,	9762,	9721,	9760,	7109,	7134,	7119,	7124,	7111,	7130,	7187,	7162,	7177,	7172,	7185,	7166,	7031,	7006,	7021,	7016,	7029,	7010,	6957,	6986,	6945,	6972,	6933,	6976,	6935,	6974,	6275,	6250,	6265,	6260,	6273,	6254,	6197,	6222,	6207,	6212,	6199,	6218,	6353,	6378,	6363,	6368,	6355,	6374,	6427,	6398,	6439,	6412,	6451,	6408,	6449,	6410,	
