1340,	1355,	1352,	1333,	1342,	1361,	1312,	1327,	1324,	1305,	1314,	1297,	1534,	1549,	1546,	1527,	1536,	1555,	1482,	1521,	1500,	1491,	1510,	1517,	1502,	1493,	508,	523,	520,	501,	510,	529,	480,	495,	492,	473,	482,	465,	702,	717,	714,	695,	704,	723,	650,	689,	668,	659,	678,	685,	670,	661,	4700,	4715,	4712,	4693,	4702,	4721,	4672,	4687,	4684,	4665,	4674,	4657,	4894,	4909,	4906,	4887,	4896,	4915,	4842,	4881,	4860,	4851,	4870,	4877,	4862,	4853,	3868,	3883,	3880,	3861,	3870,	3889,	3840,	3855,	3852,	3833,	3842,	3825,	4062,	4077,	4074,	4055,	4064,	4083,	4010,	4049,	4028,	4019,	4038,	4045,	4030,	4021,	
1353,	1334,	1341,	1362,	1351,	1332,	1325,	1306,	1313,	1298,	1323,	1304,	1547,	1528,	1535,	1556,	1545,	1526,	1499,	1490,	1481,	1520,	1501,	1492,	1509,	1518,	521,	502,	509,	530,	519,	500,	493,	474,	481,	466,	491,	472,	715,	696,	703,	724,	713,	694,	667,	658,	649,	688,	669,	660,	677,	686,	4713,	4694,	4701,	4722,	4711,	4692,	4685,	4666,	4673,	4658,	4683,	4664,	4907,	4888,	4895,	4916,	4905,	4886,	4859,	4850,	4841,	4880,	4861,	4852,	4869,	4878,	3881,	3862,	3869,	3890,	3879,	3860,	3853,	3834,	3841,	3826,	3851,	3832,	4075,	4056,	4063,	4084,	4073,	4054,	4027,	4018,	4009,	4048,	4029,	4020,	4037,	4046,	
1356,	1339,	1354,	1331,	1360,	1343,	1328,	1311,	1326,	1303,	1296,	1315,	1550,	1533,	1548,	1525,	1554,	1537,	1522,	1483,	1498,	1511,	1516,	1519,	1494,	1503,	524,	507,	522,	499,	528,	511,	496,	479,	494,	471,	464,	483,	718,	701,	716,	693,	722,	705,	690,	651,	666,	679,	684,	687,	662,	671,	4716,	4699,	4714,	4691,	4720,	4703,	4688,	4671,	4686,	4663,	4656,	4675,	4910,	4893,	4908,	4885,	4914,	4897,	4882,	4843,	4858,	4871,	4876,	4879,	4854,	4863,	3884,	3867,	3882,	3859,	3888,	3871,	3856,	3839,	3854,	3831,	3824,	3843,	4078,	4061,	4076,	4053,	4082,	4065,	4050,	4011,	4026,	4039,	4044,	4047,	4022,	4031,	
1335,	1346,	1337,	1350,	1363,	1330,	1307,	1318,	1309,	1322,	1299,	1302,	1529,	1540,	1531,	1544,	1557,	1524,	1489,	1480,	1487,	1484,	1477,	1506,	1513,	1508,	503,	514,	505,	518,	531,	498,	475,	486,	477,	490,	467,	470,	697,	708,	699,	712,	725,	692,	657,	648,	655,	652,	645,	674,	681,	676,	4695,	4706,	4697,	4710,	4723,	4690,	4667,	4678,	4669,	4682,	4659,	4662,	4889,	4900,	4891,	4904,	4917,	4884,	4849,	4840,	4847,	4844,	4837,	4866,	4873,	4868,	3863,	3874,	3865,	3878,	3891,	3858,	3835,	3846,	3837,	3850,	3827,	3830,	4057,	4068,	4059,	4072,	4085,	4052,	4017,	4008,	4015,	4012,	4005,	4034,	4041,	4036,	
1338,	1357,	1348,	1365,	1344,	1359,	1310,	1329,	1320,	1301,	1316,	1295,	1532,	1551,	1542,	1559,	1538,	1553,	1486,	1523,	1478,	1497,	1512,	1515,	1504,	1495,	506,	525,	516,	533,	512,	527,	478,	497,	488,	469,	484,	463,	700,	719,	710,	727,	706,	721,	654,	691,	646,	665,	680,	683,	672,	663,	4698,	4717,	4708,	4725,	4704,	4719,	4670,	4689,	4680,	4661,	4676,	4655,	4892,	4911,	4902,	4919,	4898,	4913,	4846,	4883,	4838,	4857,	4872,	4875,	4864,	4855,	3866,	3885,	3876,	3893,	3872,	3887,	3838,	3857,	3848,	3829,	3844,	3823,	4060,	4079,	4070,	4087,	4066,	4081,	4014,	4051,	4006,	4025,	4040,	4043,	4032,	4023,	
1347,	1336,	1345,	1358,	1349,	1364,	1319,	1308,	1317,	1294,	1321,	1300,	1541,	1530,	1539,	1552,	1543,	1558,	1479,	1488,	1485,	1476,	1505,	1496,	1507,	1514,	515,	504,	513,	526,	517,	532,	487,	476,	485,	462,	489,	468,	709,	698,	707,	720,	711,	726,	647,	656,	653,	644,	673,	664,	675,	682,	4707,	4696,	4705,	4718,	4709,	4724,	4679,	4668,	4677,	4654,	4681,	4660,	4901,	4890,	4899,	4912,	4903,	4918,	4839,	4848,	4845,	4836,	4865,	4856,	4867,	4874,	3875,	3864,	3873,	3886,	3877,	3892,	3847,	3836,	3845,	3822,	3849,	3828,	4069,	4058,	4067,	4080,	4071,	4086,	4007,	4016,	4013,	4004,	4033,	4024,	4035,	4042,	
1368,	1389,	1392,	1375,	1366,	1383,	1402,	1279,	1282,	1409,	1292,	1273,	1562,	1415,	1418,	1569,	1560,	1577,	1474,	1435,	1456,	1465,	1446,	1439,	1454,	1463,	536,	557,	560,	543,	534,	551,	570,	447,	450,	577,	460,	441,	730,	583,	586,	737,	728,	745,	642,	603,	624,	633,	614,	607,	622,	631,	4728,	4749,	4752,	4735,	4726,	4743,	4762,	4639,	4642,	4769,	4652,	4633,	4922,	4775,	4778,	4929,	4920,	4937,	4834,	4795,	4816,	4825,	4806,	4799,	4814,	4823,	3896,	3917,	3920,	3903,	3894,	3911,	3930,	3807,	3810,	3937,	3820,	3801,	4090,	3943,	3946,	4097,	4088,	4105,	4002,	3963,	3984,	3993,	3974,	3967,	3982,	3991,	
1391,	1374,	1367,	1382,	1393,	1376,	1281,	1408,	1293,	1272,	1283,	1410,	1417,	1568,	1561,	1576,	1419,	1570,	1457,	1466,	1475,	1436,	1455,	1464,	1447,	1438,	559,	542,	535,	550,	561,	544,	449,	576,	461,	440,	451,	578,	585,	736,	729,	744,	587,	738,	625,	634,	643,	604,	623,	632,	615,	606,	4751,	4734,	4727,	4742,	4753,	4736,	4641,	4768,	4653,	4632,	4643,	4770,	4777,	4928,	4921,	4936,	4779,	4930,	4817,	4826,	4835,	4796,	4815,	4824,	4807,	4798,	3919,	3902,	3895,	3910,	3921,	3904,	3809,	3936,	3821,	3800,	3811,	3938,	3945,	4096,	4089,	4104,	3947,	4098,	3985,	3994,	4003,	3964,	3983,	3992,	3975,	3966,	
1388,	1369,	1390,	1377,	1384,	1401,	1278,	1403,	1280,	1411,	1274,	1291,	1414,	1563,	1416,	1571,	1578,	1427,	1434,	1473,	1458,	1445,	1440,	1437,	1462,	1453,	556,	537,	558,	545,	552,	569,	446,	571,	448,	579,	442,	459,	582,	731,	584,	739,	746,	595,	602,	641,	626,	613,	608,	605,	630,	621,	4748,	4729,	4750,	4737,	4744,	4761,	4638,	4763,	4640,	4771,	4634,	4651,	4774,	4923,	4776,	4931,	4938,	4787,	4794,	4833,	4818,	4805,	4800,	4797,	4822,	4813,	3916,	3897,	3918,	3905,	3912,	3929,	3806,	3931,	3808,	3939,	3802,	3819,	3942,	4091,	3944,	4099,	4106,	3955,	3962,	4001,	3986,	3973,	3968,	3965,	3990,	3981,	
1373,	1398,	1371,	1394,	1381,	1378,	1407,	1288,	1405,	1284,	1271,	1412,	1567,	1424,	1565,	1420,	1575,	1572,	1467,	1428,	1469,	1472,	1431,	1450,	1443,	1448,	541,	566,	539,	562,	549,	546,	575,	456,	573,	452,	439,	580,	735,	592,	733,	588,	743,	740,	635,	596,	637,	640,	599,	618,	611,	616,	4733,	4758,	4731,	4754,	4741,	4738,	4767,	4648,	4765,	4644,	4631,	4772,	4927,	4784,	4925,	4780,	4935,	4932,	4827,	4788,	4829,	4832,	4791,	4810,	4803,	4808,	3901,	3926,	3899,	3922,	3909,	3906,	3935,	3816,	3933,	3812,	3799,	3940,	4095,	3952,	4093,	3948,	4103,	4100,	3995,	3956,	3997,	4000,	3959,	3978,	3971,	3976,	
1370,	1387,	1396,	1379,	1400,	1385,	1404,	1277,	1286,	1269,	1290,	1275,	1564,	1413,	1422,	1573,	1426,	1579,	1470,	1433,	1430,	1459,	1444,	1441,	1452,	1461,	538,	555,	564,	547,	568,	553,	572,	445,	454,	437,	458,	443,	732,	581,	590,	741,	594,	747,	638,	601,	598,	627,	612,	609,	620,	629,	4730,	4747,	4756,	4739,	4760,	4745,	4764,	4637,	4646,	4629,	4650,	4635,	4924,	4773,	4782,	4933,	4786,	4939,	4830,	4793,	4790,	4819,	4804,	4801,	4812,	4821,	3898,	3915,	3924,	3907,	3928,	3913,	3932,	3805,	3814,	3797,	3818,	3803,	4092,	3941,	3950,	4101,	3954,	4107,	3998,	3961,	3958,	3987,	3972,	3969,	3980,	3989,	
1397,	1372,	1399,	1386,	1395,	1380,	1287,	1406,	1289,	1276,	1285,	1270,	1423,	1566,	1425,	1580,	1421,	1574,	1429,	1468,	1471,	1432,	1451,	1460,	1449,	1442,	565,	540,	567,	554,	563,	548,	455,	574,	457,	444,	453,	438,	591,	734,	593,	748,	589,	742,	597,	636,	639,	600,	619,	628,	617,	610,	4757,	4732,	4759,	4746,	4755,	4740,	4647,	4766,	4649,	4636,	4645,	4630,	4783,	4926,	4785,	4940,	4781,	4934,	4789,	4828,	4831,	4792,	4811,	4820,	4809,	4802,	3925,	3900,	3927,	3914,	3923,	3908,	3815,	3934,	3817,	3804,	3813,	3798,	3951,	4094,	3953,	4108,	3949,	4102,	3957,	3996,	3999,	3960,	3979,	3988,	3977,	3970,	
1126,	1141,	1138,	1119,	1128,	1147,	1266,	1113,	1110,	1259,	1268,	1251,	1100,	1595,	1592,	1093,	1582,	1601,	1646,	1637,	1616,	1607,	1626,	1633,	1618,	1609,	970,	985,	982,	963,	972,	991,	434,	957,	954,	427,	436,	419,	944,	763,	760,	937,	750,	769,	814,	805,	784,	775,	794,	801,	786,	777,	4486,	4501,	4498,	4479,	4488,	4507,	4626,	4473,	4470,	4619,	4628,	4611,	4460,	4955,	4952,	4453,	4942,	4961,	5006,	4997,	4976,	4967,	4986,	4993,	4978,	4969,	4330,	4345,	4342,	4323,	4332,	4351,	3794,	4317,	4314,	3787,	3796,	3779,	4304,	4123,	4120,	4297,	4110,	4129,	4174,	4165,	4144,	4135,	4154,	4161,	4146,	4137,	
1139,	1120,	1127,	1148,	1137,	1118,	1111,	1260,	1267,	1252,	1109,	1258,	1593,	1094,	1581,	1602,	1591,	1092,	1615,	1606,	1645,	1636,	1617,	1608,	1625,	1634,	983,	964,	971,	992,	981,	962,	955,	428,	435,	420,	953,	426,	761,	938,	749,	770,	759,	936,	783,	774,	813,	804,	785,	776,	793,	802,	4499,	4480,	4487,	4508,	4497,	4478,	4471,	4620,	4627,	4612,	4469,	4618,	4953,	4454,	4941,	4962,	4951,	4452,	4975,	4966,	5005,	4996,	4977,	4968,	4985,	4994,	4343,	4324,	4331,	4352,	4341,	4322,	4315,	3788,	3795,	3780,	4313,	3786,	4121,	4298,	4109,	4130,	4119,	4296,	4143,	4134,	4173,	4164,	4145,	4136,	4153,	4162,	
1142,	1125,	1140,	1117,	1146,	1129,	1114,	1265,	1112,	1257,	1250,	1101,	1596,	1099,	1594,	1091,	1600,	1583,	1638,	1647,	1614,	1627,	1632,	1635,	1610,	1619,	986,	969,	984,	961,	990,	973,	958,	433,	956,	425,	418,	945,	764,	943,	762,	935,	768,	751,	806,	815,	782,	795,	800,	803,	778,	787,	4502,	4485,	4500,	4477,	4506,	4489,	4474,	4625,	4472,	4617,	4610,	4461,	4956,	4459,	4954,	4451,	4960,	4943,	4998,	5007,	4974,	4987,	4992,	4995,	4970,	4979,	4346,	4329,	4344,	4321,	4350,	4333,	4318,	3793,	4316,	3785,	3778,	4305,	4124,	4303,	4122,	4295,	4128,	4111,	4166,	4175,	4142,	4155,	4160,	4163,	4138,	4147,	
1121,	1132,	1123,	1136,	1149,	1116,	1261,	1104,	1263,	1108,	1253,	1256,	1095,	1586,	1097,	1590,	1603,	1090,	1605,	1644,	1651,	1648,	1641,	1622,	1629,	1624,	965,	976,	967,	980,	993,	960,	429,	948,	431,	952,	421,	424,	939,	754,	941,	758,	771,	934,	773,	812,	819,	816,	809,	790,	797,	792,	4481,	4492,	4483,	4496,	4509,	4476,	4621,	4464,	4623,	4468,	4613,	4616,	4455,	4946,	4457,	4950,	4963,	4450,	4965,	5004,	5011,	5008,	5001,	4982,	4989,	4984,	4325,	4336,	4327,	4340,	4353,	4320,	3789,	4308,	3791,	4312,	3781,	3784,	4299,	4114,	4301,	4118,	4131,	4294,	4133,	4172,	4179,	4176,	4169,	4150,	4157,	4152,	
1124,	1143,	1134,	1151,	1130,	1145,	1264,	1115,	1106,	1255,	1102,	1249,	1098,	1597,	1588,	1089,	1584,	1599,	1650,	1639,	1642,	1613,	1628,	1631,	1620,	1611,	968,	987,	978,	995,	974,	989,	432,	959,	950,	423,	946,	417,	942,	765,	756,	933,	752,	767,	818,	807,	810,	781,	796,	799,	788,	779,	4484,	4503,	4494,	4511,	4490,	4505,	4624,	4475,	4466,	4615,	4462,	4609,	4458,	4957,	4948,	4449,	4944,	4959,	5010,	4999,	5002,	4973,	4988,	4991,	4980,	4971,	4328,	4347,	4338,	4355,	4334,	4349,	3792,	4319,	4310,	3783,	4306,	3777,	4302,	4125,	4116,	4293,	4112,	4127,	4178,	4167,	4170,	4141,	4156,	4159,	4148,	4139,	
1133,	1122,	1131,	1144,	1135,	1150,	1105,	1262,	1103,	1248,	1107,	1254,	1587,	1096,	1585,	1598,	1589,	1604,	1643,	1652,	1649,	1640,	1621,	1612,	1623,	1630,	977,	966,	975,	988,	979,	994,	949,	430,	947,	416,	951,	422,	755,	940,	753,	766,	757,	772,	811,	820,	817,	808,	789,	780,	791,	798,	4493,	4482,	4491,	4504,	4495,	4510,	4465,	4622,	4463,	4608,	4467,	4614,	4947,	4456,	4945,	4958,	4949,	4964,	5003,	5012,	5009,	5000,	4981,	4972,	4983,	4990,	4337,	4326,	4335,	4348,	4339,	4354,	4309,	3790,	4307,	3776,	4311,	3782,	4115,	4300,	4113,	4126,	4117,	4132,	4171,	4180,	4177,	4168,	4149,	4140,	4151,	4158,	
1196,	1165,	1188,	1155,	1152,	1193,	1200,	1231,	1208,	1241,	1244,	1203,	1044,	1075,	1052,	1085,	1088,	1047,	1694,	1689,	1032,	1653,	1676,	1665,	1030,	1655,	364,	1009,	356,	999,	996,	361,	368,	399,	376,	409,	412,	371,	888,	919,	896,	929,	932,	891,	862,	857,	876,	821,	844,	833,	874,	823,	4556,	4525,	4548,	4515,	4512,	4553,	4560,	4591,	4568,	4601,	4604,	4563,	4404,	4435,	4412,	4445,	4448,	4407,	5054,	5049,	4392,	5013,	5036,	5025,	4390,	5015,	3724,	4369,	3716,	4359,	4356,	3721,	3728,	3759,	3736,	3769,	3772,	3731,	4248,	4279,	4256,	4289,	4292,	4251,	4222,	4217,	4236,	4181,	4204,	4193,	4234,	4183,	
1187,	1156,	1197,	1194,	1189,	1154,	1209,	1240,	1247,	1202,	1207,	1242,	1053,	1084,	1043,	1046,	1051,	1086,	1033,	1040,	1693,	1688,	1031,	1654,	1667,	1664,	355,	1000,	365,	362,	357,	998,	377,	408,	415,	370,	375,	410,	897,	928,	887,	890,	895,	930,	877,	884,	861,	856,	875,	822,	835,	832,	4547,	4516,	4557,	4554,	4549,	4514,	4569,	4600,	4607,	4562,	4567,	4602,	4413,	4444,	4403,	4406,	4411,	4446,	4393,	4400,	5053,	5048,	4391,	5014,	5027,	5024,	3715,	4360,	3725,	3722,	3717,	4358,	3737,	3768,	3775,	3730,	3735,	3770,	4257,	4288,	4247,	4250,	4255,	4290,	4237,	4244,	4221,	4216,	4235,	4182,	4195,	4192,	
1166,	1195,	1164,	1153,	1192,	1199,	1230,	1201,	1232,	1243,	1204,	1245,	1074,	1045,	1076,	1087,	1048,	1041,	1692,	1695,	1690,	1675,	1666,	1677,	1656,	1029,	1010,	363,	1008,	997,	360,	367,	398,	369,	400,	411,	372,	413,	918,	889,	920,	931,	892,	885,	860,	863,	858,	843,	834,	845,	824,	873,	4526,	4555,	4524,	4513,	4552,	4559,	4590,	4561,	4592,	4603,	4564,	4605,	4434,	4405,	4436,	4447,	4408,	4401,	5052,	5055,	5050,	5035,	5026,	5037,	5016,	4389,	4370,	3723,	4368,	4357,	3720,	3727,	3758,	3729,	3760,	3771,	3732,	3773,	4278,	4249,	4280,	4291,	4252,	4245,	4220,	4223,	4218,	4203,	4194,	4205,	4184,	4233,	
1157,	1186,	1177,	1198,	1163,	1190,	1239,	1210,	1219,	1246,	1233,	1206,	1083,	1054,	1063,	1042,	1077,	1050,	1039,	1034,	1685,	1678,	1687,	1680,	1663,	1668,	1001,	354,	1021,	366,	1007,	358,	407,	378,	387,	414,	401,	374,	927,	898,	907,	886,	921,	894,	883,	878,	853,	846,	855,	848,	831,	836,	4517,	4546,	4537,	4558,	4523,	4550,	4599,	4570,	4579,	4606,	4593,	4566,	4443,	4414,	4423,	4402,	4437,	4410,	4399,	4394,	5045,	5038,	5047,	5040,	5023,	5028,	4361,	3714,	4381,	3726,	4367,	3718,	3767,	3738,	3747,	3774,	3761,	3734,	4287,	4258,	4267,	4246,	4281,	4254,	4243,	4238,	4213,	4206,	4215,	4208,	4191,	4196,	
1176,	1167,	1182,	1191,	1178,	1171,	1220,	1229,	1214,	1205,	1218,	1225,	1064,	1073,	1058,	1049,	1062,	1069,	1696,	1691,	1038,	1681,	1674,	1669,	1028,	1657,	1020,	1011,	1026,	359,	1022,	1015,	388,	397,	382,	373,	386,	393,	908,	917,	902,	893,	906,	913,	864,	859,	882,	849,	842,	837,	872,	825,	4536,	4527,	4542,	4551,	4538,	4531,	4580,	4589,	4574,	4565,	4578,	4585,	4424,	4433,	4418,	4409,	4422,	4429,	5056,	5051,	4398,	5041,	5034,	5029,	4388,	5017,	4380,	4371,	4386,	3719,	4382,	4375,	3748,	3757,	3742,	3733,	3746,	3753,	4268,	4277,	4262,	4253,	4266,	4273,	4224,	4219,	4242,	4209,	4202,	4197,	4232,	4185,	
1183,	1158,	1185,	1172,	1181,	1162,	1213,	1238,	1211,	1224,	1215,	1234,	1057,	1082,	1055,	1068,	1059,	1078,	1035,	1684,	1673,	1686,	1679,	1660,	1701,	1662,	1027,	1002,	353,	1016,	1025,	1006,	381,	406,	379,	392,	383,	402,	901,	926,	899,	912,	903,	922,	879,	852,	841,	854,	847,	828,	869,	830,	4543,	4518,	4545,	4532,	4541,	4522,	4573,	4598,	4571,	4584,	4575,	4594,	4417,	4442,	4415,	4428,	4419,	4438,	4395,	5044,	5033,	5046,	5039,	5020,	5061,	5022,	4387,	4362,	3713,	4376,	4385,	4366,	3741,	3766,	3739,	3752,	3743,	3762,	4261,	4286,	4259,	4272,	4263,	4282,	4239,	4212,	4201,	4214,	4207,	4188,	4229,	4190,	
1168,	1175,	1160,	1179,	1170,	1173,	1228,	1221,	1236,	1217,	1226,	1223,	1072,	1065,	1080,	1061,	1070,	1067,	1672,	1697,	1682,	1037,	1670,	1699,	1658,	1703,	1012,	1019,	1004,	1023,	1014,	1017,	396,	389,	404,	385,	394,	391,	916,	909,	924,	905,	914,	911,	840,	865,	850,	881,	838,	867,	826,	871,	4528,	4535,	4520,	4539,	4530,	4533,	4588,	4581,	4596,	4577,	4586,	4583,	4432,	4425,	4440,	4421,	4430,	4427,	5032,	5057,	5042,	4397,	5030,	5059,	5018,	5063,	4372,	4379,	4364,	4383,	4374,	4377,	3756,	3749,	3764,	3745,	3754,	3751,	4276,	4269,	4284,	4265,	4274,	4271,	4200,	4225,	4210,	4241,	4198,	4227,	4186,	4231,	
1159,	1184,	1169,	1174,	1161,	1180,	1237,	1212,	1227,	1222,	1235,	1216,	1081,	1056,	1071,	1066,	1079,	1060,	1683,	1036,	1671,	1698,	1659,	1702,	1661,	1700,	1003,	352,	1013,	1018,	1005,	1024,	405,	380,	395,	390,	403,	384,	925,	900,	915,	910,	923,	904,	851,	880,	839,	866,	827,	870,	829,	868,	4519,	4544,	4529,	4534,	4521,	4540,	4597,	4572,	4587,	4582,	4595,	4576,	4441,	4416,	4431,	4426,	4439,	4420,	5043,	4396,	5031,	5058,	5019,	5062,	5021,	5060,	4363,	3712,	4373,	4378,	4365,	4384,	3765,	3740,	3755,	3750,	3763,	3744,	4285,	4260,	4275,	4270,	4283,	4264,	4211,	4240,	4199,	4226,	4187,	4230,	4189,	4228,	
1866,	1851,	1854,	1873,	1864,	1845,	1894,	1879,	1882,	1901,	1892,	1909,	2348,	2333,	2336,	2355,	2346,	2327,	1724,	2361,	1706,	1715,	2372,	2365,	1704,	1713,	2386,	2401,	2398,	351,	2388,	2407,	330,	345,	342,	323,	332,	315,	2580,	2595,	2592,	2573,	2582,	2601,	2528,	2567,	2546,	2537,	2556,	2563,	2548,	2539,	5226,	5211,	5214,	5233,	5224,	5205,	5254,	5239,	5242,	5261,	5252,	5269,	3004,	2989,	2992,	3011,	3002,	2983,	5084,	3017,	5066,	5075,	3028,	3021,	5064,	5073,	3042,	3057,	3054,	3711,	3044,	3063,	3690,	3705,	3702,	3683,	3692,	3675,	3236,	3251,	3248,	3229,	3238,	3257,	3184,	3223,	3202,	3193,	3212,	3219,	3204,	3195,	
1853,	1872,	1865,	1844,	1855,	1874,	1881,	1900,	1893,	1908,	1883,	1902,	2335,	2354,	2347,	2326,	2337,	2356,	1707,	1716,	1725,	2362,	1705,	1714,	2373,	2364,	2399,	2380,	2387,	2408,	2397,	350,	343,	324,	331,	316,	341,	322,	2593,	2574,	2581,	2602,	2591,	2572,	2545,	2536,	2527,	2566,	2547,	2538,	2555,	2564,	5213,	5232,	5225,	5204,	5215,	5234,	5241,	5260,	5253,	5268,	5243,	5262,	2991,	3010,	3003,	2982,	2993,	3012,	5067,	5076,	5085,	3018,	5065,	5074,	3029,	3020,	3055,	3036,	3043,	3064,	3053,	3710,	3703,	3684,	3691,	3676,	3701,	3682,	3249,	3230,	3237,	3258,	3247,	3228,	3201,	3192,	3183,	3222,	3203,	3194,	3211,	3220,	
1850,	1867,	1852,	1875,	1846,	1863,	1878,	1895,	1880,	1903,	1910,	1891,	2332,	2349,	2334,	2357,	2328,	2345,	2360,	1723,	1708,	2371,	2366,	2363,	1712,	2379,	2402,	2385,	2400,	349,	2406,	2389,	346,	329,	344,	321,	314,	333,	2596,	2579,	2594,	2571,	2600,	2583,	2568,	2529,	2544,	2557,	2562,	2565,	2540,	2549,	5210,	5227,	5212,	5235,	5206,	5223,	5238,	5255,	5240,	5263,	5270,	5251,	2988,	3005,	2990,	3013,	2984,	3001,	3016,	5083,	5068,	3027,	3022,	3019,	5072,	3035,	3058,	3041,	3056,	3709,	3062,	3045,	3706,	3689,	3704,	3681,	3674,	3693,	3252,	3235,	3250,	3227,	3256,	3239,	3224,	3185,	3200,	3213,	3218,	3221,	3196,	3205,	
1871,	1860,	1869,	1856,	1843,	1876,	1899,	1888,	1897,	1884,	1907,	1904,	2353,	2342,	2351,	2338,	2325,	2358,	1717,	1726,	1719,	1722,	1729,	2376,	2369,	2374,	2381,	2392,	2383,	2396,	2409,	348,	325,	336,	327,	340,	317,	320,	2575,	2586,	2577,	2590,	2603,	2570,	2535,	2526,	2533,	2530,	2523,	2552,	2559,	2554,	5231,	5220,	5229,	5216,	5203,	5236,	5259,	5248,	5257,	5244,	5267,	5264,	3009,	2998,	3007,	2994,	2981,	3014,	5077,	5086,	5079,	5082,	5089,	3032,	3025,	3030,	3037,	3048,	3039,	3052,	3065,	3708,	3685,	3696,	3687,	3700,	3677,	3680,	3231,	3242,	3233,	3246,	3259,	3226,	3191,	3182,	3189,	3186,	3179,	3208,	3215,	3210,	
1868,	1849,	1858,	1841,	1862,	1847,	1896,	1877,	1886,	1905,	1890,	1911,	2350,	2331,	2340,	2323,	2344,	2329,	1720,	2359,	1728,	1709,	2370,	2367,	2378,	1711,	2384,	2403,	2394,	2411,	2390,	2405,	328,	347,	338,	319,	334,	313,	2578,	2597,	2588,	2605,	2584,	2599,	2532,	2569,	2524,	2543,	2558,	2561,	2550,	2541,	5228,	5209,	5218,	5201,	5222,	5207,	5256,	5237,	5246,	5265,	5250,	5271,	3006,	2987,	2996,	2979,	3000,	2985,	5080,	3015,	5088,	5069,	3026,	3023,	3034,	5071,	3040,	3059,	3050,	3067,	3046,	3061,	3688,	3707,	3698,	3679,	3694,	3673,	3234,	3253,	3244,	3261,	3240,	3255,	3188,	3225,	3180,	3199,	3214,	3217,	3206,	3197,	
1859,	1870,	1861,	1848,	1857,	1842,	1887,	1898,	1889,	1912,	1885,	1906,	2341,	2352,	2343,	2330,	2339,	2324,	1727,	1718,	1721,	1730,	2377,	1710,	2375,	2368,	2393,	2382,	2391,	2404,	2395,	2410,	337,	326,	335,	312,	339,	318,	2587,	2576,	2585,	2598,	2589,	2604,	2525,	2534,	2531,	2522,	2551,	2542,	2553,	2560,	5219,	5230,	5221,	5208,	5217,	5202,	5247,	5258,	5249,	5272,	5245,	5266,	2997,	3008,	2999,	2986,	2995,	2980,	5087,	5078,	5081,	5090,	3033,	5070,	3031,	3024,	3049,	3038,	3047,	3060,	3051,	3066,	3697,	3686,	3695,	3672,	3699,	3678,	3243,	3232,	3241,	3254,	3245,	3260,	3181,	3190,	3187,	3178,	3207,	3198,	3209,	3216,	
1838,	1817,	1814,	1831,	1840,	1823,	1804,	1927,	1924,	1797,	1914,	1933,	2320,	1791,	1788,	2313,	2322,	2305,	1732,	1771,	1750,	1741,	1760,	1767,	1752,	1743,	2414,	2435,	2438,	2421,	2412,	2429,	2448,	297,	300,	2455,	310,	291,	2608,	2461,	2464,	2615,	2606,	2623,	2520,	2481,	2502,	2511,	2492,	2485,	2500,	2509,	5198,	5177,	5174,	5191,	5200,	5183,	5164,	5287,	5284,	5157,	5274,	5293,	2976,	5151,	5148,	2969,	2978,	2961,	5092,	5131,	5110,	5101,	5120,	5127,	5112,	5103,	3070,	3091,	3094,	3077,	3068,	3085,	3104,	3657,	3660,	3111,	3670,	3651,	3264,	3117,	3120,	3271,	3262,	3279,	3176,	3137,	3158,	3167,	3148,	3141,	3156,	3165,	
1815,	1832,	1839,	1824,	1813,	1830,	1925,	1798,	1913,	1934,	1923,	1796,	1789,	2314,	2321,	2306,	1787,	2312,	1749,	1740,	1731,	1770,	1751,	1742,	1759,	1768,	2437,	2420,	2413,	2428,	2439,	2422,	299,	2454,	311,	290,	301,	2456,	2463,	2614,	2607,	2622,	2465,	2616,	2503,	2512,	2521,	2482,	2501,	2510,	2493,	2484,	5175,	5192,	5199,	5184,	5173,	5190,	5285,	5158,	5273,	5294,	5283,	5156,	5149,	2970,	2977,	2962,	5147,	2968,	5109,	5100,	5091,	5130,	5111,	5102,	5119,	5128,	3093,	3076,	3069,	3084,	3095,	3078,	3659,	3110,	3671,	3650,	3661,	3112,	3119,	3270,	3263,	3278,	3121,	3272,	3159,	3168,	3177,	3138,	3157,	3166,	3149,	3140,	
1818,	1837,	1816,	1829,	1822,	1805,	1928,	1803,	1926,	1795,	1932,	1915,	1792,	2319,	1790,	2311,	2304,	1779,	1772,	1733,	1748,	1761,	1766,	1769,	1744,	1753,	2434,	2415,	2436,	2423,	2430,	2447,	296,	2449,	298,	2457,	292,	309,	2460,	2609,	2462,	2617,	2624,	2473,	2480,	2519,	2504,	2491,	2486,	2483,	2508,	2499,	5178,	5197,	5176,	5189,	5182,	5165,	5288,	5163,	5286,	5155,	5292,	5275,	5152,	2975,	5150,	2967,	2960,	5139,	5132,	5093,	5108,	5121,	5126,	5129,	5104,	5113,	3090,	3071,	3092,	3079,	3086,	3103,	3656,	3105,	3658,	3113,	3652,	3669,	3116,	3265,	3118,	3273,	3280,	3129,	3136,	3175,	3160,	3147,	3142,	3139,	3164,	3155,	
1833,	1808,	1835,	1812,	1825,	1828,	1799,	1918,	1801,	1922,	1935,	1794,	2315,	1782,	2317,	1786,	2307,	2310,	1739,	1778,	1737,	1734,	1775,	1756,	1763,	1758,	2419,	2444,	2417,	2440,	2427,	2424,	2453,	306,	2451,	302,	289,	2458,	2613,	2470,	2611,	2466,	2621,	2618,	2513,	2474,	2515,	2518,	2477,	2496,	2489,	2494,	5193,	5168,	5195,	5172,	5185,	5188,	5159,	5278,	5161,	5282,	5295,	5154,	2971,	5142,	2973,	5146,	2963,	2966,	5099,	5138,	5097,	5094,	5135,	5116,	5123,	5118,	3075,	3100,	3073,	3096,	3083,	3080,	3109,	3666,	3107,	3662,	3649,	3114,	3269,	3126,	3267,	3122,	3277,	3274,	3169,	3130,	3171,	3174,	3133,	3152,	3145,	3150,	
1836,	1819,	1810,	1827,	1806,	1821,	1802,	1929,	1920,	1937,	1916,	1931,	2318,	1793,	1784,	2309,	1780,	2303,	1736,	1773,	1776,	1747,	1762,	1765,	1754,	1745,	2416,	2433,	2442,	2425,	2446,	2431,	2450,	295,	304,	287,	308,	293,	2610,	2459,	2468,	2619,	2472,	2625,	2516,	2479,	2476,	2505,	2490,	2487,	2498,	2507,	5196,	5179,	5170,	5187,	5166,	5181,	5162,	5289,	5280,	5297,	5276,	5291,	2974,	5153,	5144,	2965,	5140,	2959,	5096,	5133,	5136,	5107,	5122,	5125,	5114,	5105,	3072,	3089,	3098,	3081,	3102,	3087,	3106,	3655,	3664,	3647,	3668,	3653,	3266,	3115,	3124,	3275,	3128,	3281,	3172,	3135,	3132,	3161,	3146,	3143,	3154,	3163,	
1809,	1834,	1807,	1820,	1811,	1826,	1919,	1800,	1917,	1930,	1921,	1936,	1783,	2316,	1781,	2302,	1785,	2308,	1777,	1738,	1735,	1774,	1755,	1746,	1757,	1764,	2443,	2418,	2445,	2432,	2441,	2426,	305,	2452,	307,	294,	303,	288,	2469,	2612,	2471,	2626,	2467,	2620,	2475,	2514,	2517,	2478,	2497,	2506,	2495,	2488,	5169,	5194,	5167,	5180,	5171,	5186,	5279,	5160,	5277,	5290,	5281,	5296,	5143,	2972,	5141,	2958,	5145,	2964,	5137,	5098,	5095,	5134,	5115,	5106,	5117,	5124,	3099,	3074,	3101,	3088,	3097,	3082,	3665,	3108,	3667,	3654,	3663,	3648,	3125,	3268,	3127,	3282,	3123,	3276,	3131,	3170,	3173,	3134,	3153,	3162,	3151,	3144,	
2080,	2065,	2068,	2087,	2078,	2059,	1940,	2093,	2096,	1947,	1938,	1955,	2106,	2287,	2290,	2113,	2300,	2281,	2236,	2245,	2266,	2275,	2256,	2249,	2264,	2273,	144,	159,	156,	137,	146,	165,	284,	131,	128,	277,	286,	269,	118,	2641,	2638,	111,	2628,	2647,	2692,	2683,	2662,	2653,	2672,	2679,	2664,	2655,	2736,	2721,	2724,	2743,	2734,	2715,	5300,	2749,	2752,	5307,	5298,	5315,	2762,	2943,	2946,	2769,	2956,	2937,	2892,	2901,	2922,	2931,	2912,	2905,	2920,	2929,	3504,	3519,	3516,	3497,	3506,	3525,	3644,	3491,	3488,	3637,	3646,	3629,	3478,	3297,	3294,	3471,	3284,	3303,	3348,	3339,	3318,	3309,	3328,	3335,	3320,	3311,	
2067,	2086,	2079,	2058,	2069,	2088,	2095,	1946,	1939,	1954,	2097,	1948,	2289,	2112,	2301,	2280,	2291,	2114,	2267,	2276,	2237,	2246,	2265,	2274,	2257,	2248,	157,	138,	145,	166,	155,	136,	129,	278,	285,	270,	127,	276,	2639,	112,	2627,	2648,	2637,	110,	2661,	2652,	2691,	2682,	2663,	2654,	2671,	2680,	2723,	2742,	2735,	2714,	2725,	2744,	2751,	5306,	5299,	5314,	2753,	5308,	2945,	2768,	2957,	2936,	2947,	2770,	2923,	2932,	2893,	2902,	2921,	2930,	2913,	2904,	3517,	3498,	3505,	3526,	3515,	3496,	3489,	3638,	3645,	3630,	3487,	3636,	3295,	3472,	3283,	3304,	3293,	3470,	3317,	3308,	3347,	3338,	3319,	3310,	3327,	3336,	
2064,	2081,	2066,	2089,	2060,	2077,	2092,	1941,	2094,	1949,	1956,	2105,	2286,	2107,	2288,	2115,	2282,	2299,	2244,	2235,	2268,	2255,	2250,	2247,	2272,	2263,	160,	143,	158,	135,	164,	147,	132,	283,	130,	275,	268,	119,	2642,	117,	2640,	109,	2646,	2629,	2684,	2693,	2660,	2673,	2678,	2681,	2656,	2665,	2720,	2737,	2722,	2745,	2716,	2733,	2748,	5301,	2750,	5309,	5316,	2761,	2942,	2763,	2944,	2771,	2938,	2955,	2900,	2891,	2924,	2911,	2906,	2903,	2928,	2919,	3520,	3503,	3518,	3495,	3524,	3507,	3492,	3643,	3490,	3635,	3628,	3479,	3298,	3477,	3296,	3469,	3302,	3285,	3340,	3349,	3316,	3329,	3334,	3337,	3312,	3321,	
2085,	2074,	2083,	2070,	2057,	2090,	1945,	2102,	1943,	2098,	1953,	1950,	2111,	2296,	2109,	2292,	2279,	2116,	2277,	2238,	2231,	2234,	2241,	2260,	2253,	2258,	139,	150,	141,	154,	167,	134,	279,	122,	281,	126,	271,	274,	113,	2632,	115,	2636,	2649,	108,	2651,	2690,	2697,	2694,	2687,	2668,	2675,	2670,	2741,	2730,	2739,	2726,	2713,	2746,	5305,	2758,	5303,	2754,	5313,	5310,	2767,	2952,	2765,	2948,	2935,	2772,	2933,	2894,	2887,	2890,	2897,	2916,	2909,	2914,	3499,	3510,	3501,	3514,	3527,	3494,	3639,	3482,	3641,	3486,	3631,	3634,	3473,	3288,	3475,	3292,	3305,	3468,	3307,	3346,	3353,	3350,	3343,	3324,	3331,	3326,	
2082,	2063,	2072,	2055,	2076,	2061,	1942,	2091,	2100,	1951,	2104,	1957,	2108,	2285,	2294,	2117,	2298,	2283,	2232,	2243,	2240,	2269,	2254,	2251,	2262,	2271,	142,	161,	152,	169,	148,	163,	282,	133,	124,	273,	120,	267,	116,	2643,	2634,	107,	2630,	2645,	2696,	2685,	2688,	2659,	2674,	2677,	2666,	2657,	2738,	2719,	2728,	2711,	2732,	2717,	5302,	2747,	2756,	5311,	2760,	5317,	2764,	2941,	2950,	2773,	2954,	2939,	2888,	2899,	2896,	2925,	2910,	2907,	2918,	2927,	3502,	3521,	3512,	3529,	3508,	3523,	3642,	3493,	3484,	3633,	3480,	3627,	3476,	3299,	3290,	3467,	3286,	3301,	3352,	3341,	3344,	3315,	3330,	3333,	3322,	3313,	
2073,	2084,	2075,	2062,	2071,	2056,	2101,	1944,	2103,	1958,	2099,	1952,	2295,	2110,	2297,	2284,	2293,	2278,	2239,	2230,	2233,	2242,	2261,	2270,	2259,	2252,	151,	140,	149,	162,	153,	168,	123,	280,	121,	266,	125,	272,	2633,	114,	2631,	2644,	2635,	2650,	2689,	2698,	2695,	2686,	2667,	2658,	2669,	2676,	2729,	2740,	2731,	2718,	2727,	2712,	2757,	5304,	2759,	5318,	2755,	5312,	2951,	2766,	2953,	2940,	2949,	2934,	2895,	2886,	2889,	2898,	2917,	2926,	2915,	2908,	3511,	3500,	3509,	3522,	3513,	3528,	3483,	3640,	3481,	3626,	3485,	3632,	3289,	3474,	3287,	3300,	3291,	3306,	3345,	3354,	3351,	3342,	3323,	3314,	3325,	3332,	
2010,	2041,	2018,	2051,	2054,	2013,	2006,	1975,	1998,	1965,	1962,	2003,	2162,	2131,	2154,	2121,	2118,	2159,	2188,	2193,	2174,	2229,	2206,	2217,	2176,	2227,	214,	183,	206,	173,	170,	211,	218,	249,	226,	259,	262,	221,	62,		93,		70,		103,	106,	65,		36,		31,		50,		2699,	18,		7,		48,		2701,	5370,	5401,	5378,	2707,	2710,	5373,	5366,	5335,	5358,	5325,	5322,	5363,	2818,	2787,	2810,	2777,	2774,	2815,	2844,	2849,	2830,	2885,	2862,	2873,	2832,	2883,	3574,	3543,	3566,	3533,	3530,	3571,	3578,	3609,	3586,	3619,	3622,	3581,	3422,	3453,	3430,	3463,	3466,	3425,	3396,	3391,	3410,	3355,	3378,	3367,	3408,	3357,	
2019,	2050,	2009,	2012,	2017,	2052,	1997,	1966,	1959,	2004,	1999,	1964,	2153,	2122,	2163,	2160,	2155,	2120,	2173,	2166,	2189,	2194,	2175,	2228,	2215,	2218,	205,	174,	215,	212,	207,	172,	227,	258,	265,	220,	225,	260,	71,		102,	61,		64,		69,		104,	51,		58,		35,		30,		49,		2700,	9,		6,		5379,	2706,	5369,	5372,	5377,	2708,	5357,	5326,	5319,	5364,	5359,	5324,	2809,	2778,	2819,	2816,	2811,	2776,	2829,	2822,	2845,	2850,	2831,	2884,	2871,	2874,	3565,	3534,	3575,	3572,	3567,	3532,	3587,	3618,	3625,	3580,	3585,	3620,	3431,	3462,	3421,	3424,	3429,	3464,	3411,	3418,	3395,	3390,	3409,	3356,	3369,	3366,	
2040,	2011,	2042,	2053,	2014,	2007,	1976,	2005,	1974,	1963,	2002,	1961,	2132,	2161,	2130,	2119,	2158,	2165,	2190,	2187,	2192,	2207,	2216,	2205,	2226,	2177,	184,	213,	182,	171,	210,	217,	248,	219,	250,	261,	222,	263,	92,		63,		94,		105,	66,		59,		34,		37,		32,		17,		8,		19,		2702,	47,		5400,	5371,	5402,	2709,	5374,	5367,	5336,	5365,	5334,	5323,	5362,	5321,	2788,	2817,	2786,	2775,	2814,	2821,	2846,	2843,	2848,	2863,	2872,	2861,	2882,	2833,	3544,	3573,	3542,	3531,	3570,	3577,	3608,	3579,	3610,	3621,	3582,	3623,	3452,	3423,	3454,	3465,	3426,	3419,	3394,	3397,	3392,	3377,	3368,	3379,	3358,	3407,	
2049,	2020,	2029,	2008,	2043,	2016,	1967,	1996,	1987,	1960,	1973,	2000,	2123,	2152,	2143,	2164,	2129,	2156,	2167,	2172,	2197,	2204,	2195,	2202,	2219,	2214,	175,	204,	195,	216,	181,	208,	257,	228,	237,	264,	251,	224,	101,	72,		81,		60,		95,		68,		57,		52,		27,		20,		29,		22,		5,		10,		2705,	5380,	5389,	5368,	5403,	5376,	5327,	5356,	5347,	5320,	5333,	5360,	2779,	2808,	2799,	2820,	2785,	2812,	2823,	2828,	2853,	2860,	2851,	2858,	2875,	2870,	3535,	3564,	3555,	3576,	3541,	3568,	3617,	3588,	3597,	3624,	3611,	3584,	3461,	3432,	3441,	3420,	3455,	3428,	3417,	3412,	3387,	3380,	3389,	3382,	3365,	3370,	
2030,	2039,	2024,	2015,	2028,	2035,	1986,	1977,	1992,	2001,	1988,	1981,	2142,	2133,	2148,	2157,	2144,	2137,	2186,	2191,	2168,	2201,	2208,	2213,	2178,	2225,	194,	185,	200,	209,	196,	189,	238,	247,	232,	223,	236,	243,	82,		91,		76,		67,		80,		87,		38,		33,		56,		23,		16,		11,		46,		2703,	5390,	5399,	5384,	5375,	5388,	5395,	5346,	5337,	5352,	5361,	5348,	5341,	2798,	2789,	2804,	2813,	2800,	2793,	2842,	2847,	2824,	2857,	2864,	2869,	2834,	2881,	3554,	3545,	3560,	3569,	3556,	3549,	3598,	3607,	3592,	3583,	3596,	3603,	3442,	3451,	3436,	3427,	3440,	3447,	3398,	3393,	3416,	3383,	3376,	3371,	3406,	3359,	
2023,	2048,	2021,	2034,	2025,	2044,	1993,	1968,	1995,	1982,	1991,	1972,	2149,	2124,	2151,	2138,	2147,	2128,	2171,	2198,	2209,	2196,	2203,	2222,	2181,	2220,	201,	176,	203,	190,	199,	180,	231,	256,	229,	242,	233,	252,	75,		100,	73,		86,		77,		96,		53,		26,		15,		28,		21,		2,		43,		4,		5383,	2704,	5381,	5394,	5385,	5404,	5353,	5328,	5355,	5342,	5351,	5332,	2805,	2780,	2807,	2794,	2803,	2784,	2827,	2854,	2865,	2852,	2859,	2878,	2837,	2876,	3561,	3536,	3563,	3550,	3559,	3540,	3591,	3616,	3589,	3602,	3593,	3612,	3435,	3460,	3433,	3446,	3437,	3456,	3413,	3386,	3375,	3388,	3381,	3362,	3403,	3364,	
2038,	2031,	2046,	2027,	2036,	2033,	1978,	1985,	1970,	1989,	1980,	1983,	2134,	2141,	2126,	2145,	2136,	2139,	2210,	2185,	2200,	2169,	2212,	2183,	2224,	2179,	186,	193,	178,	197,	188,	191,	246,	239,	254,	235,	244,	241,	90,		83,		98,		79,		88,		85,		14,		39,		24,		55,		12,		41,		0,		45,		5398,	5391,	5406,	5387,	5396,	5393,	5338,	5345,	5330,	5349,	5340,	5343,	2790,	2797,	2782,	2801,	2792,	2795,	2866,	2841,	2856,	2825,	2868,	2839,	2880,	2835,	3546,	3553,	3538,	3557,	3548,	3551,	3606,	3599,	3614,	3595,	3604,	3601,	3450,	3443,	3458,	3439,	3448,	3445,	3374,	3399,	3384,	3415,	3372,	3401,	3360,	3405,	
2047,	2022,	2037,	2032,	2045,	2026,	1969,	1994,	1979,	1984,	1971,	1990,	2125,	2150,	2135,	2140,	2127,	2146,	2199,	2170,	2211,	2184,	2223,	2180,	2221,	2182,	177,	202,	187,	192,	179,	198,	255,	230,	245,	240,	253,	234,	99,		74,		89,		84,		97,		78,		25,		54,		13,		40,		1,		44,		3,		42,		5407,	5382,	5397,	5392,	5405,	5386,	5329,	5354,	5339,	5344,	5331,	5350,	2781,	2806,	2791,	2796,	2783,	2802,	2855,	2826,	2867,	2840,	2879,	2836,	2877,	2838,	3537,	3562,	3547,	3552,	3539,	3558,	3615,	3590,	3605,	3600,	3613,	3594,	3459,	3434,	3449,	3444,	3457,	3438,	3385,	3414,	3373,	3400,	3361,	3404,	3363,	3402,	
8790,	8805,	8802,	8783,	8792,	8811,	8762,	8777,	8774,	8755,	8764,	8747,	8984,	8999,	8996,	8977,	8986,	9005,	8932,	8971,	8950,	8941,	8960,	8967,	8952,	8943,	10662,	10677,	10674,	10655,	10664,	10683,	10634,	10649,	10646,	10627,	10636,	10619,	8152,	8167,	8164,	8145,	8154,	8173,	10804,	8139,	8118,	10813,	8128,	8135,	8120,	10815,	5420,	8109,	5408,	5427,	5418,	8103,	5448,	5433,	5436,	5455,	5446,	5463,	7930,	7915,	7918,	7937,	7928,	7909,	7982,	7943,	7964,	7973,	7954,	7947,	7962,	7971,	6252,	6237,	6240,	6259,	6250,	6231,	6280,	6265,	6268,	6287,	6278,	6295,	6058,	6043,	6046,	6065,	6056,	6037,	6110,	6071,	6092,	6101,	6082,	6075,	6090,	6099,	
8803,	8784,	8791,	8812,	8801,	8782,	8775,	8756,	8763,	8748,	8773,	8754,	8997,	8978,	8985,	9006,	8995,	8976,	8949,	8940,	8931,	8970,	8951,	8942,	8959,	8968,	10675,	10656,	10663,	10684,	10673,	10654,	10647,	10628,	10635,	10620,	10645,	10626,	8165,	8146,	8153,	8174,	8163,	8144,	8117,	10812,	10803,	8138,	8119,	10814,	8127,	8136,	8111,	5426,	5419,	8102,	5409,	5428,	5435,	5454,	5447,	5462,	5437,	5456,	7917,	7936,	7929,	7908,	7919,	7938,	7965,	7974,	7983,	7944,	7963,	7972,	7955,	7946,	6239,	6258,	6251,	6230,	6241,	6260,	6267,	6286,	6279,	6294,	6269,	6288,	6045,	6064,	6057,	6036,	6047,	6066,	6093,	6102,	6111,	6072,	6091,	6100,	6083,	6074,	
8806,	8789,	8804,	8781,	8810,	8793,	8778,	8761,	8776,	8753,	8746,	8765,	9000,	8983,	8998,	8975,	9004,	8987,	8972,	8933,	8948,	8961,	8966,	8969,	8944,	8953,	10678,	10661,	10676,	10653,	10682,	10665,	10650,	10633,	10648,	10625,	10618,	10637,	8168,	8151,	8166,	8143,	8172,	8155,	8140,	10805,	8116,	8129,	8134,	8137,	8112,	8121,	8108,	5421,	8110,	5429,	8104,	5417,	5432,	5449,	5434,	5457,	5464,	5445,	7914,	7931,	7916,	7939,	7910,	7927,	7942,	7981,	7966,	7953,	7948,	7945,	7970,	7961,	6236,	6253,	6238,	6261,	6232,	6249,	6264,	6281,	6266,	6289,	6296,	6277,	6042,	6059,	6044,	6067,	6038,	6055,	6070,	6109,	6094,	6081,	6076,	6073,	6098,	6089,	
8785,	8796,	8787,	8800,	8813,	8780,	8757,	8768,	8759,	8772,	8749,	8752,	8979,	8990,	8981,	8994,	9007,	8974,	8939,	8930,	8937,	8934,	8927,	8956,	8963,	8958,	10657,	10668,	10659,	10672,	10685,	10652,	10629,	10640,	10631,	10644,	10621,	10624,	8147,	8158,	8149,	8162,	8175,	8142,	10811,	10802,	10809,	10806,	10799,	8124,	8131,	8126,	5425,	5414,	5423,	5410,	8101,	5430,	5453,	5442,	5451,	5438,	5461,	5458,	7935,	7924,	7933,	7920,	7907,	7940,	7975,	7984,	7977,	7980,	7987,	7958,	7951,	7956,	6257,	6246,	6255,	6242,	6229,	6262,	6285,	6274,	6283,	6270,	6293,	6290,	6063,	6052,	6061,	6048,	6035,	6068,	6103,	6112,	6105,	6108,	6115,	6086,	6079,	6084,	
8788,	8807,	8798,	8815,	8794,	8809,	8760,	8779,	8770,	8751,	8766,	8745,	8982,	9001,	8992,	9009,	8988,	9003,	8936,	8973,	8928,	8947,	8962,	8965,	8954,	8945,	10660,	10679,	10670,	10687,	10666,	10681,	10632,	10651,	10642,	10623,	10638,	10617,	8150,	8169,	8160,	8177,	8156,	8171,	10808,	8141,	10800,	8115,	8130,	8133,	8122,	8113,	5422,	8107,	5412,	8099,	5416,	8105,	5450,	5431,	5440,	5459,	5444,	5465,	7932,	7913,	7922,	7905,	7926,	7911,	7978,	7941,	7986,	7967,	7952,	7949,	7960,	7969,	6254,	6235,	6244,	6227,	6248,	6233,	6282,	6263,	6272,	6291,	6276,	6297,	6060,	6041,	6050,	6033,	6054,	6039,	6106,	6069,	6114,	6095,	6080,	6077,	6088,	6097,	
8797,	8786,	8795,	8808,	8799,	8814,	8769,	8758,	8767,	8744,	8771,	8750,	8991,	8980,	8989,	9002,	8993,	9008,	8929,	8938,	8935,	8926,	8955,	8946,	8957,	8964,	10669,	10658,	10667,	10680,	10671,	10686,	10641,	10630,	10639,	10616,	10643,	10622,	8159,	8148,	8157,	8170,	8161,	8176,	10801,	10810,	10807,	10798,	8123,	8114,	8125,	8132,	5413,	5424,	5415,	8106,	5411,	8100,	5441,	5452,	5443,	5466,	5439,	5460,	7923,	7934,	7925,	7912,	7921,	7906,	7985,	7976,	7979,	7988,	7959,	7968,	7957,	7950,	6245,	6256,	6247,	6234,	6243,	6228,	6273,	6284,	6275,	6298,	6271,	6292,	6051,	6062,	6053,	6040,	6049,	6034,	6113,	6104,	6107,	6116,	6087,	6096,	6085,	6078,	
8818,	8839,	8842,	8825,	8816,	8833,	8852,	8729,	8732,	8859,	8742,	8723,	9012,	8865,	8868,	9019,	9010,	9027,	8924,	8885,	8906,	8915,	8896,	8889,	8904,	8913,	10690,	10711,	10714,	10697,	10688,	10705,	10724,	10601,	10604,	10731,	10614,	10595,	8180,	10737,	10740,	8187,	8178,	8195,	10796,	10757,	10778,	10787,	10768,	10761,	10776,	10785,	8096,	8075,	8072,	8089,	8098,	8081,	8062,	5481,	5478,	8055,	5468,	5487,	7902,	8049,	8046,	7895,	7904,	7887,	7990,	8029,	8008,	7999,	8018,	8025,	8010,	8001,	6224,	6203,	6200,	6217,	6226,	6209,	6190,	6313,	6310,	6183,	6300,	6319,	6030,	6177,	6174,	6023,	6032,	6015,	6118,	6157,	6136,	6127,	6146,	6153,	6138,	6129,	
8841,	8824,	8817,	8832,	8843,	8826,	8731,	8858,	8743,	8722,	8733,	8860,	8867,	9018,	9011,	9026,	8869,	9020,	8907,	8916,	8925,	8886,	8905,	8914,	8897,	8888,	10713,	10696,	10689,	10704,	10715,	10698,	10603,	10730,	10615,	10594,	10605,	10732,	10739,	8186,	8179,	8194,	10741,	8188,	10779,	10788,	10797,	10758,	10777,	10786,	10769,	10760,	8073,	8090,	8097,	8082,	8071,	8088,	5479,	8056,	5467,	5488,	5477,	8054,	8047,	7896,	7903,	7888,	8045,	7894,	8007,	7998,	7989,	8028,	8009,	8000,	8017,	8026,	6201,	6218,	6225,	6210,	6199,	6216,	6311,	6184,	6299,	6320,	6309,	6182,	6175,	6024,	6031,	6016,	6173,	6022,	6135,	6126,	6117,	6156,	6137,	6128,	6145,	6154,	
8838,	8819,	8840,	8827,	8834,	8851,	8728,	8853,	8730,	8861,	8724,	8741,	8864,	9013,	8866,	9021,	9028,	8877,	8884,	8923,	8908,	8895,	8890,	8887,	8912,	8903,	10710,	10691,	10712,	10699,	10706,	10723,	10600,	10725,	10602,	10733,	10596,	10613,	10736,	8181,	10738,	8189,	8196,	10749,	10756,	10795,	10780,	10767,	10762,	10759,	10784,	10775,	8076,	8095,	8074,	8087,	8080,	8063,	5482,	8061,	5480,	8053,	5486,	5469,	8050,	7901,	8048,	7893,	7886,	8037,	8030,	7991,	8006,	8019,	8024,	8027,	8002,	8011,	6204,	6223,	6202,	6215,	6208,	6191,	6314,	6189,	6312,	6181,	6318,	6301,	6178,	6029,	6176,	6021,	6014,	6165,	6158,	6119,	6134,	6147,	6152,	6155,	6130,	6139,	
8823,	8848,	8821,	8844,	8831,	8828,	8857,	8738,	8855,	8734,	8721,	8862,	9017,	8874,	9015,	8870,	9025,	9022,	8917,	8878,	8919,	8922,	8881,	8900,	8893,	8898,	10695,	10720,	10693,	10716,	10703,	10700,	10729,	10610,	10727,	10606,	10593,	10734,	8185,	10746,	8183,	10742,	8193,	8190,	10789,	10750,	10791,	10794,	10753,	10772,	10765,	10770,	8091,	8066,	8093,	8070,	8083,	8086,	8057,	5472,	8059,	5476,	5489,	8052,	7897,	8040,	7899,	8044,	7889,	7892,	7997,	8036,	7995,	7992,	8033,	8014,	8021,	8016,	6219,	6194,	6221,	6198,	6211,	6214,	6185,	6304,	6187,	6308,	6321,	6180,	6025,	6168,	6027,	6172,	6017,	6020,	6125,	6164,	6123,	6120,	6161,	6142,	6149,	6144,	
8820,	8837,	8846,	8829,	8850,	8835,	8854,	8727,	8736,	8719,	8740,	8725,	9014,	8863,	8872,	9023,	8876,	9029,	8920,	8883,	8880,	8909,	8894,	8891,	8902,	8911,	10692,	10709,	10718,	10701,	10722,	10707,	10726,	10599,	10608,	10591,	10612,	10597,	8182,	10735,	10744,	8191,	10748,	8197,	10792,	10755,	10752,	10781,	10766,	10763,	10774,	10783,	8094,	8077,	8068,	8085,	8064,	8079,	8060,	5483,	5474,	5491,	5470,	5485,	7900,	8051,	8042,	7891,	8038,	7885,	7994,	8031,	8034,	8005,	8020,	8023,	8012,	8003,	6222,	6205,	6196,	6213,	6192,	6207,	6188,	6315,	6306,	6323,	6302,	6317,	6028,	6179,	6170,	6019,	6166,	6013,	6122,	6159,	6162,	6133,	6148,	6151,	6140,	6131,	
8847,	8822,	8849,	8836,	8845,	8830,	8737,	8856,	8739,	8726,	8735,	8720,	8873,	9016,	8875,	9030,	8871,	9024,	8879,	8918,	8921,	8882,	8901,	8910,	8899,	8892,	10719,	10694,	10721,	10708,	10717,	10702,	10609,	10728,	10611,	10598,	10607,	10592,	10745,	8184,	10747,	8198,	10743,	8192,	10751,	10790,	10793,	10754,	10773,	10782,	10771,	10764,	8067,	8092,	8065,	8078,	8069,	8084,	5473,	8058,	5471,	5484,	5475,	5490,	8041,	7898,	8039,	7884,	8043,	7890,	8035,	7996,	7993,	8032,	8013,	8004,	8015,	8022,	6195,	6220,	6193,	6206,	6197,	6212,	6305,	6186,	6303,	6316,	6307,	6322,	6169,	6026,	6167,	6012,	6171,	6018,	6163,	6124,	6121,	6160,	6141,	6132,	6143,	6150,	
8576,	8591,	8588,	8569,	8578,	8597,	8716,	8563,	8560,	8709,	8718,	8701,	8550,	9045,	9042,	8543,	9032,	9051,	9096,	9087,	9066,	9057,	9076,	9083,	9068,	9059,	8420,	8435,	8432,	8413,	8422,	8441,	10588,	8407,	8404,	10581,	10590,	10573,	8394,	8213,	8210,	8387,	8200,	8219,	8264,	8255,	8234,	8225,	8244,	8251,	8236,	8227,	5634,	5619,	5622,	5641,	5632,	5613,	5494,	5647,	5650,	5501,	5492,	5509,	5660,	7869,	7872,	5667,	7882,	7863,	7818,	7827,	7848,	7857,	7838,	7831,	7846,	7855,	5790,	5775,	5778,	5797,	5788,	5769,	6326,	5803,	5806,	6333,	6324,	6341,	5816,	5997,	6000,	5823,	6010,	5991,	5946,	5955,	5976,	5985,	5966,	5959,	5974,	5983,	
8589,	8570,	8577,	8598,	8587,	8568,	8561,	8710,	8717,	8702,	8559,	8708,	9043,	8544,	9031,	9052,	9041,	8542,	9065,	9056,	9095,	9086,	9067,	9058,	9075,	9084,	8433,	8414,	8421,	8442,	8431,	8412,	8405,	10582,	10589,	10574,	8403,	10580,	8211,	8388,	8199,	8220,	8209,	8386,	8233,	8224,	8263,	8254,	8235,	8226,	8243,	8252,	5621,	5640,	5633,	5612,	5623,	5642,	5649,	5500,	5493,	5508,	5651,	5502,	7871,	5666,	7883,	7862,	7873,	5668,	7849,	7858,	7819,	7828,	7847,	7856,	7839,	7830,	5777,	5796,	5789,	5768,	5779,	5798,	5805,	6332,	6325,	6340,	5807,	6334,	5999,	5822,	6011,	5990,	6001,	5824,	5977,	5986,	5947,	5956,	5975,	5984,	5967,	5958,	
8592,	8575,	8590,	8567,	8596,	8579,	8564,	8715,	8562,	8707,	8700,	8551,	9046,	8549,	9044,	8541,	9050,	9033,	9088,	9097,	9064,	9077,	9082,	9085,	9060,	9069,	8436,	8419,	8434,	8411,	8440,	8423,	8408,	10587,	8406,	10579,	10572,	8395,	8214,	8393,	8212,	8385,	8218,	8201,	8256,	8265,	8232,	8245,	8250,	8253,	8228,	8237,	5618,	5635,	5620,	5643,	5614,	5631,	5646,	5495,	5648,	5503,	5510,	5659,	7868,	5661,	7870,	5669,	7864,	7881,	7826,	7817,	7850,	7837,	7832,	7829,	7854,	7845,	5774,	5791,	5776,	5799,	5770,	5787,	5802,	6327,	5804,	6335,	6342,	5815,	5996,	5817,	5998,	5825,	5992,	6009,	5954,	5945,	5978,	5965,	5960,	5957,	5982,	5973,	
8571,	8582,	8573,	8586,	8599,	8566,	8711,	8554,	8713,	8558,	8703,	8706,	8545,	9036,	8547,	9040,	9053,	8540,	9055,	9094,	9101,	9098,	9091,	9072,	9079,	9074,	8415,	8426,	8417,	8430,	8443,	8410,	10583,	8398,	10585,	8402,	10575,	10578,	8389,	8204,	8391,	8208,	8221,	8384,	8223,	8262,	8269,	8266,	8259,	8240,	8247,	8242,	5639,	5628,	5637,	5624,	5611,	5644,	5499,	5656,	5497,	5652,	5507,	5504,	5665,	7878,	5663,	7874,	7861,	5670,	7859,	7820,	7813,	7816,	7823,	7842,	7835,	7840,	5795,	5784,	5793,	5780,	5767,	5800,	6331,	5812,	6329,	5808,	6339,	6336,	5821,	6006,	5819,	6002,	5989,	5826,	5987,	5948,	5941,	5944,	5951,	5970,	5963,	5968,	
8574,	8593,	8584,	8601,	8580,	8595,	8714,	8565,	8556,	8705,	8552,	8699,	8548,	9047,	9038,	8539,	9034,	9049,	9100,	9089,	9092,	9063,	9078,	9081,	9070,	9061,	8418,	8437,	8428,	8445,	8424,	8439,	10586,	8409,	8400,	10577,	8396,	10571,	8392,	8215,	8206,	8383,	8202,	8217,	8268,	8257,	8260,	8231,	8246,	8249,	8238,	8229,	5636,	5617,	5626,	5609,	5630,	5615,	5496,	5645,	5654,	5505,	5658,	5511,	5662,	7867,	7876,	5671,	7880,	7865,	7814,	7825,	7822,	7851,	7836,	7833,	7844,	7853,	5792,	5773,	5782,	5765,	5786,	5771,	6328,	5801,	5810,	6337,	5814,	6343,	5818,	5995,	6004,	5827,	6008,	5993,	5942,	5953,	5950,	5979,	5964,	5961,	5972,	5981,	
8583,	8572,	8581,	8594,	8585,	8600,	8555,	8712,	8553,	8698,	8557,	8704,	9037,	8546,	9035,	9048,	9039,	9054,	9093,	9102,	9099,	9090,	9071,	9062,	9073,	9080,	8427,	8416,	8425,	8438,	8429,	8444,	8399,	10584,	8397,	10570,	8401,	10576,	8205,	8390,	8203,	8216,	8207,	8222,	8261,	8270,	8267,	8258,	8239,	8230,	8241,	8248,	5627,	5638,	5629,	5616,	5625,	5610,	5655,	5498,	5657,	5512,	5653,	5506,	7877,	5664,	7879,	7866,	7875,	7860,	7821,	7812,	7815,	7824,	7843,	7852,	7841,	7834,	5783,	5794,	5785,	5772,	5781,	5766,	5811,	6330,	5813,	6344,	5809,	6338,	6005,	5820,	6007,	5994,	6003,	5988,	5949,	5940,	5943,	5952,	5971,	5980,	5969,	5962,	
8646,	8615,	8638,	8605,	8602,	8643,	8650,	8681,	8658,	8691,	8694,	8653,	8494,	8525,	8502,	8535,	8538,	8497,	9144,	9139,	8482,	9103,	9126,	9115,	8480,	9105,	10518,	8459,	10510,	8449,	8446,	10515,	10522,	10553,	10530,	10563,	10566,	10525,	8338,	8369,	8346,	8379,	8382,	8341,	8312,	8307,	8326,	8271,	8294,	8283,	8324,	8273,	5564,	5595,	5572,	5605,	5608,	5567,	5560,	5529,	5552,	5519,	5516,	5557,	5716,	5685,	5708,	5675,	5672,	5713,	7770,	7775,	5728,	7811,	7788,	7799,	5730,	7809,	6396,	5751,	6404,	5761,	5764,	6399,	6392,	6361,	6384,	6351,	6348,	6389,	5872,	5841,	5864,	5831,	5828,	5869,	5898,	5903,	5884,	5939,	5916,	5927,	5886,	5937,	
8637,	8606,	8647,	8644,	8639,	8604,	8659,	8690,	8697,	8652,	8657,	8692,	8503,	8534,	8493,	8496,	8501,	8536,	8483,	8490,	9143,	9138,	8481,	9104,	9117,	9114,	10509,	8450,	10519,	10516,	10511,	8448,	10531,	10562,	10569,	10524,	10529,	10564,	8347,	8378,	8337,	8340,	8345,	8380,	8327,	8334,	8311,	8306,	8325,	8272,	8285,	8282,	5573,	5604,	5563,	5566,	5571,	5606,	5551,	5520,	5513,	5558,	5553,	5518,	5707,	5676,	5717,	5714,	5709,	5674,	5727,	5720,	7771,	7776,	5729,	7810,	7797,	7800,	6405,	5760,	6395,	6398,	6403,	5762,	6383,	6352,	6345,	6390,	6385,	6350,	5863,	5832,	5873,	5870,	5865,	5830,	5883,	5876,	5899,	5904,	5885,	5938,	5925,	5928,	
8616,	8645,	8614,	8603,	8642,	8649,	8680,	8651,	8682,	8693,	8654,	8695,	8524,	8495,	8526,	8537,	8498,	8491,	9142,	9145,	9140,	9125,	9116,	9127,	9106,	8479,	8460,	10517,	8458,	8447,	10514,	10521,	10552,	10523,	10554,	10565,	10526,	10567,	8368,	8339,	8370,	8381,	8342,	8335,	8310,	8313,	8308,	8293,	8284,	8295,	8274,	8323,	5594,	5565,	5596,	5607,	5568,	5561,	5530,	5559,	5528,	5517,	5556,	5515,	5686,	5715,	5684,	5673,	5712,	5719,	7772,	7769,	7774,	7789,	7798,	7787,	7808,	5731,	5750,	6397,	5752,	5763,	6400,	6393,	6362,	6391,	6360,	6349,	6388,	6347,	5842,	5871,	5840,	5829,	5868,	5875,	5900,	5897,	5902,	5917,	5926,	5915,	5936,	5887,	
8607,	8636,	8627,	8648,	8613,	8640,	8689,	8660,	8669,	8696,	8683,	8656,	8533,	8504,	8513,	8492,	8527,	8500,	8489,	8484,	9135,	9128,	9137,	9130,	9113,	9118,	8451,	10508,	8471,	10520,	8457,	10512,	10561,	10532,	10541,	10568,	10555,	10528,	8377,	8348,	8357,	8336,	8371,	8344,	8333,	8328,	8303,	8296,	8305,	8298,	8281,	8286,	5603,	5574,	5583,	5562,	5597,	5570,	5521,	5550,	5541,	5514,	5527,	5554,	5677,	5706,	5697,	5718,	5683,	5710,	5721,	5726,	7779,	7786,	7777,	7784,	7801,	7796,	5759,	6406,	5739,	6394,	5753,	6402,	6353,	6382,	6373,	6346,	6359,	6386,	5833,	5862,	5853,	5874,	5839,	5866,	5877,	5882,	5907,	5914,	5905,	5912,	5929,	5924,	
8626,	8617,	8632,	8641,	8628,	8621,	8670,	8679,	8664,	8655,	8668,	8675,	8514,	8523,	8508,	8499,	8512,	8519,	9146,	9141,	8488,	9131,	9124,	9119,	8478,	9107,	8470,	8461,	8476,	10513,	8472,	8465,	10542,	10551,	10536,	10527,	10540,	10547,	8358,	8367,	8352,	8343,	8356,	8363,	8314,	8309,	8332,	8299,	8292,	8287,	8322,	8275,	5584,	5593,	5578,	5569,	5582,	5589,	5540,	5531,	5546,	5555,	5542,	5535,	5696,	5687,	5702,	5711,	5698,	5691,	7768,	7773,	5722,	7783,	7790,	7795,	5732,	7807,	5740,	5749,	5734,	6401,	5738,	5745,	6372,	6363,	6378,	6387,	6374,	6367,	5852,	5843,	5858,	5867,	5854,	5847,	5896,	5901,	5878,	5911,	5918,	5923,	5888,	5935,	
8633,	8608,	8635,	8622,	8631,	8612,	8663,	8688,	8661,	8674,	8665,	8684,	8507,	8532,	8505,	8518,	8509,	8528,	8485,	9134,	9123,	9136,	9129,	9110,	9151,	9112,	8477,	8452,	10507,	8466,	8475,	8456,	10535,	10560,	10533,	10546,	10537,	10556,	8351,	8376,	8349,	8362,	8353,	8372,	8329,	8302,	8291,	8304,	8297,	8278,	8319,	8280,	5577,	5602,	5575,	5588,	5579,	5598,	5547,	5522,	5549,	5536,	5545,	5526,	5703,	5678,	5705,	5692,	5701,	5682,	5725,	7780,	7791,	7778,	7785,	7804,	7763,	7802,	5733,	5758,	6407,	5744,	5735,	5754,	6379,	6354,	6381,	6368,	6377,	6358,	5859,	5834,	5861,	5848,	5857,	5838,	5881,	5908,	5919,	5906,	5913,	5932,	5891,	5930,	
8618,	8625,	8610,	8629,	8620,	8623,	8678,	8671,	8686,	8667,	8676,	8673,	8522,	8515,	8530,	8511,	8520,	8517,	9122,	9147,	9132,	8487,	9120,	9149,	9108,	9153,	8462,	8469,	8454,	8473,	8464,	8467,	10550,	10543,	10558,	10539,	10548,	10545,	8366,	8359,	8374,	8355,	8364,	8361,	8290,	8315,	8300,	8331,	8288,	8317,	8276,	8321,	5592,	5585,	5600,	5581,	5590,	5587,	5532,	5539,	5524,	5543,	5534,	5537,	5688,	5695,	5680,	5699,	5690,	5693,	7792,	7767,	7782,	5723,	7794,	7765,	7806,	7761,	5748,	5741,	5756,	5737,	5746,	5743,	6364,	6371,	6356,	6375,	6366,	6369,	5844,	5851,	5836,	5855,	5846,	5849,	5920,	5895,	5910,	5879,	5922,	5893,	5934,	5889,	
8609,	8634,	8619,	8624,	8611,	8630,	8687,	8662,	8677,	8672,	8685,	8666,	8531,	8506,	8521,	8516,	8529,	8510,	9133,	8486,	9121,	9148,	9109,	9152,	9111,	9150,	8453,	10506,	8463,	8468,	8455,	8474,	10559,	10534,	10549,	10544,	10557,	10538,	8375,	8350,	8365,	8360,	8373,	8354,	8301,	8330,	8289,	8316,	8277,	8320,	8279,	8318,	5601,	5576,	5591,	5586,	5599,	5580,	5523,	5548,	5533,	5538,	5525,	5544,	5679,	5704,	5689,	5694,	5681,	5700,	7781,	5724,	7793,	7766,	7805,	7762,	7803,	7764,	5757,	6408,	5747,	5742,	5755,	5736,	6355,	6380,	6365,	6370,	6357,	6376,	5835,	5860,	5845,	5850,	5837,	5856,	5909,	5880,	5921,	5894,	5933,	5890,	5931,	5892,	
9316,	9301,	9304,	9323,	9314,	9295,	9344,	9329,	9332,	9351,	9342,	9359,	9798,	9783,	9786,	9805,	9796,	9777,	9174,	9811,	9156,	9165,	9822,	9815,	9154,	9163,	9836,	9851,	9848,	10505,	9838,	9857,	10484,	10499,	10496,	10477,	10486,	10469,	10030,	10045,	10042,	10023,	10032,	10051,	9978,	10017,	9996,	9987,	10006,	10013,	9998,	9989,	7598,	7613,	7610,	7591,	7600,	7619,	7570,	7585,	7582,	7563,	7572,	7555,	7116,	7131,	7128,	7109,	7118,	7137,	7740,	7103,	7758,	7749,	7092,	7099,	7760,	7751,	7078,	7063,	7066,	6409,	7076,	7057,	6430,	6415,	6418,	6437,	6428,	6445,	6884,	6869,	6872,	6891,	6882,	6863,	6936,	6897,	6918,	6927,	6908,	6901,	6916,	6925,	
9303,	9322,	9315,	9294,	9305,	9324,	9331,	9350,	9343,	9358,	9333,	9352,	9785,	9804,	9797,	9776,	9787,	9806,	9157,	9166,	9175,	9812,	9155,	9164,	9823,	9814,	9849,	9830,	9837,	9858,	9847,	10504,	10497,	10478,	10485,	10470,	10495,	10476,	10043,	10024,	10031,	10052,	10041,	10022,	9995,	9986,	9977,	10016,	9997,	9988,	10005,	10014,	7611,	7592,	7599,	7620,	7609,	7590,	7583,	7564,	7571,	7556,	7581,	7562,	7129,	7110,	7117,	7138,	7127,	7108,	7757,	7748,	7739,	7102,	7759,	7750,	7091,	7100,	7065,	7084,	7077,	7056,	7067,	6410,	6417,	6436,	6429,	6444,	6419,	6438,	6871,	6890,	6883,	6862,	6873,	6892,	6919,	6928,	6937,	6898,	6917,	6926,	6909,	6900,	
9300,	9317,	9302,	9325,	9296,	9313,	9328,	9345,	9330,	9353,	9360,	9341,	9782,	9799,	9784,	9807,	9778,	9795,	9810,	9173,	9158,	9821,	9816,	9813,	9162,	9829,	9852,	9835,	9850,	10503,	9856,	9839,	10500,	10483,	10498,	10475,	10468,	10487,	10046,	10029,	10044,	10021,	10050,	10033,	10018,	9979,	9994,	10007,	10012,	10015,	9990,	9999,	7614,	7597,	7612,	7589,	7618,	7601,	7586,	7569,	7584,	7561,	7554,	7573,	7132,	7115,	7130,	7107,	7136,	7119,	7104,	7741,	7756,	7093,	7098,	7101,	7752,	7085,	7062,	7079,	7064,	6411,	7058,	7075,	6414,	6431,	6416,	6439,	6446,	6427,	6868,	6885,	6870,	6893,	6864,	6881,	6896,	6935,	6920,	6907,	6902,	6899,	6924,	6915,	
9321,	9310,	9319,	9306,	9293,	9326,	9349,	9338,	9347,	9334,	9357,	9354,	9803,	9792,	9801,	9788,	9775,	9808,	9167,	9176,	9169,	9172,	9179,	9826,	9819,	9824,	9831,	9842,	9833,	9846,	9859,	10502,	10479,	10490,	10481,	10494,	10471,	10474,	10025,	10036,	10027,	10040,	10053,	10020,	9985,	9976,	9983,	9980,	9973,	10002,	10009,	10004,	7593,	7604,	7595,	7608,	7621,	7588,	7565,	7576,	7567,	7580,	7557,	7560,	7111,	7122,	7113,	7126,	7139,	7106,	7747,	7738,	7745,	7742,	7735,	7088,	7095,	7090,	7083,	7072,	7081,	7068,	7055,	6412,	6435,	6424,	6433,	6420,	6443,	6440,	6889,	6878,	6887,	6874,	6861,	6894,	6929,	6938,	6931,	6934,	6941,	6912,	6905,	6910,	
9318,	9299,	9308,	9291,	9312,	9297,	9346,	9327,	9336,	9355,	9340,	9361,	9800,	9781,	9790,	9773,	9794,	9779,	9170,	9809,	9178,	9159,	9820,	9817,	9828,	9161,	9834,	9853,	9844,	9861,	9840,	9855,	10482,	10501,	10492,	10473,	10488,	10467,	10028,	10047,	10038,	10055,	10034,	10049,	9982,	10019,	9974,	9993,	10008,	10011,	10000,	9991,	7596,	7615,	7606,	7623,	7602,	7617,	7568,	7587,	7578,	7559,	7574,	7553,	7114,	7133,	7124,	7141,	7120,	7135,	7744,	7105,	7736,	7755,	7094,	7097,	7086,	7753,	7080,	7061,	7070,	7053,	7074,	7059,	6432,	6413,	6422,	6441,	6426,	6447,	6886,	6867,	6876,	6859,	6880,	6865,	6932,	6895,	6940,	6921,	6906,	6903,	6914,	6923,	
9309,	9320,	9311,	9298,	9307,	9292,	9337,	9348,	9339,	9362,	9335,	9356,	9791,	9802,	9793,	9780,	9789,	9774,	9177,	9168,	9171,	9180,	9827,	9160,	9825,	9818,	9843,	9832,	9841,	9854,	9845,	9860,	10491,	10480,	10489,	10466,	10493,	10472,	10037,	10026,	10035,	10048,	10039,	10054,	9975,	9984,	9981,	9972,	10001,	9992,	10003,	10010,	7605,	7594,	7603,	7616,	7607,	7622,	7577,	7566,	7575,	7552,	7579,	7558,	7123,	7112,	7121,	7134,	7125,	7140,	7737,	7746,	7743,	7734,	7087,	7754,	7089,	7096,	7071,	7082,	7073,	7060,	7069,	7054,	6423,	6434,	6425,	6448,	6421,	6442,	6877,	6888,	6879,	6866,	6875,	6860,	6939,	6930,	6933,	6942,	6913,	6922,	6911,	6904,	
9288,	9267,	9264,	9281,	9290,	9273,	9254,	9377,	9374,	9247,	9364,	9383,	9770,	9241,	9238,	9763,	9772,	9755,	9182,	9221,	9200,	9191,	9210,	9217,	9202,	9193,	9864,	9885,	9888,	9871,	9862,	9879,	9898,	10451,	10454,	9905,	10464,	10445,	10058,	9911,	9914,	10065,	10056,	10073,	9970,	9931,	9952,	9961,	9942,	9935,	9950,	9959,	7626,	7647,	7650,	7633,	7624,	7641,	7660,	7537,	7540,	7667,	7550,	7531,	7144,	7673,	7676,	7151,	7142,	7159,	7732,	7693,	7714,	7723,	7704,	7697,	7712,	7721,	7050,	7029,	7026,	7043,	7052,	7035,	7016,	6463,	6460,	7009,	6450,	6469,	6856,	7003,	7000,	6849,	6858,	6841,	6944,	6983,	6962,	6953,	6972,	6979,	6964,	6955,	
9265,	9282,	9289,	9274,	9263,	9280,	9375,	9248,	9363,	9384,	9373,	9246,	9239,	9764,	9771,	9756,	9237,	9762,	9199,	9190,	9181,	9220,	9201,	9192,	9209,	9218,	9887,	9870,	9863,	9878,	9889,	9872,	10453,	9904,	10465,	10444,	10455,	9906,	9913,	10064,	10057,	10072,	9915,	10066,	9953,	9962,	9971,	9932,	9951,	9960,	9943,	9934,	7649,	7632,	7625,	7640,	7651,	7634,	7539,	7666,	7551,	7530,	7541,	7668,	7675,	7150,	7143,	7158,	7677,	7152,	7715,	7724,	7733,	7694,	7713,	7722,	7705,	7696,	7027,	7044,	7051,	7036,	7025,	7042,	6461,	7010,	6449,	6470,	6459,	7008,	7001,	6850,	6857,	6842,	6999,	6848,	6961,	6952,	6943,	6982,	6963,	6954,	6971,	6980,	
9268,	9287,	9266,	9279,	9272,	9255,	9378,	9253,	9376,	9245,	9382,	9365,	9242,	9769,	9240,	9761,	9754,	9229,	9222,	9183,	9198,	9211,	9216,	9219,	9194,	9203,	9884,	9865,	9886,	9873,	9880,	9897,	10450,	9899,	10452,	9907,	10446,	10463,	9910,	10059,	9912,	10067,	10074,	9923,	9930,	9969,	9954,	9941,	9936,	9933,	9958,	9949,	7646,	7627,	7648,	7635,	7642,	7659,	7536,	7661,	7538,	7669,	7532,	7549,	7672,	7145,	7674,	7153,	7160,	7685,	7692,	7731,	7716,	7703,	7698,	7695,	7720,	7711,	7030,	7049,	7028,	7041,	7034,	7017,	6464,	7015,	6462,	7007,	6468,	6451,	7004,	6855,	7002,	6847,	6840,	6991,	6984,	6945,	6960,	6973,	6978,	6981,	6956,	6965,	
9283,	9258,	9285,	9262,	9275,	9278,	9249,	9368,	9251,	9372,	9385,	9244,	9765,	9232,	9767,	9236,	9757,	9760,	9189,	9228,	9187,	9184,	9225,	9206,	9213,	9208,	9869,	9894,	9867,	9890,	9877,	9874,	9903,	10460,	9901,	10456,	10443,	9908,	10063,	9920,	10061,	9916,	10071,	10068,	9963,	9924,	9965,	9968,	9927,	9946,	9939,	9944,	7631,	7656,	7629,	7652,	7639,	7636,	7665,	7546,	7663,	7542,	7529,	7670,	7149,	7682,	7147,	7678,	7157,	7154,	7725,	7686,	7727,	7730,	7689,	7708,	7701,	7706,	7045,	7020,	7047,	7024,	7037,	7040,	7011,	6454,	7013,	6458,	6471,	7006,	6851,	6994,	6853,	6998,	6843,	6846,	6951,	6990,	6949,	6946,	6987,	6968,	6975,	6970,	
9286,	9269,	9260,	9277,	9256,	9271,	9252,	9379,	9370,	9387,	9366,	9381,	9768,	9243,	9234,	9759,	9230,	9753,	9186,	9223,	9226,	9197,	9212,	9215,	9204,	9195,	9866,	9883,	9892,	9875,	9896,	9881,	9900,	10449,	10458,	10441,	10462,	10447,	10060,	9909,	9918,	10069,	9922,	10075,	9966,	9929,	9926,	9955,	9940,	9937,	9948,	9957,	7628,	7645,	7654,	7637,	7658,	7643,	7662,	7535,	7544,	7527,	7548,	7533,	7146,	7671,	7680,	7155,	7684,	7161,	7728,	7691,	7688,	7717,	7702,	7699,	7710,	7719,	7048,	7031,	7022,	7039,	7018,	7033,	7014,	6465,	6456,	6473,	6452,	6467,	6854,	7005,	6996,	6845,	6992,	6839,	6948,	6985,	6988,	6959,	6974,	6977,	6966,	6957,	
9259,	9284,	9257,	9270,	9261,	9276,	9369,	9250,	9367,	9380,	9371,	9386,	9233,	9766,	9231,	9752,	9235,	9758,	9227,	9188,	9185,	9224,	9205,	9196,	9207,	9214,	9893,	9868,	9895,	9882,	9891,	9876,	10459,	9902,	10461,	10448,	10457,	10442,	9919,	10062,	9921,	10076,	9917,	10070,	9925,	9964,	9967,	9928,	9947,	9956,	9945,	9938,	7655,	7630,	7657,	7644,	7653,	7638,	7545,	7664,	7547,	7534,	7543,	7528,	7681,	7148,	7683,	7162,	7679,	7156,	7687,	7726,	7729,	7690,	7709,	7718,	7707,	7700,	7021,	7046,	7019,	7032,	7023,	7038,	6455,	7012,	6453,	6466,	6457,	6472,	6995,	6852,	6993,	6838,	6997,	6844,	6989,	6950,	6947,	6986,	6967,	6958,	6969,	6976,	
9530,	9515,	9518,	9537,	9528,	9509,	9390,	9543,	9546,	9397,	9388,	9405,	9556,	9737,	9740,	9563,	9750,	9731,	9686,	9695,	9716,	9725,	9706,	9699,	9714,	9723,	10298,	10313,	10310,	10291,	10300,	10319,	10438,	10285,	10282,	10431,	10440,	10423,	10272,	10091,	10088,	10265,	10078,	10097,	10142,	10133,	10112,	10103,	10122,	10129,	10114,	10105,	7384,	7399,	7396,	7377,	7386,	7405,	7524,	7371,	7368,	7517,	7526,	7509,	7358,	7177,	7174,	7351,	7164,	7183,	7228,	7219,	7198,	7189,	7208,	7215,	7200,	7191,	6616,	6601,	6604,	6623,	6614,	6595,	6476,	6629,	6632,	6483,	6474,	6491,	6642,	6823,	6826,	6649,	6836,	6817,	6772,	6781,	6802,	6811,	6792,	6785,	6800,	6809,	
9517,	9536,	9529,	9508,	9519,	9538,	9545,	9396,	9389,	9404,	9547,	9398,	9739,	9562,	9751,	9730,	9741,	9564,	9717,	9726,	9687,	9696,	9715,	9724,	9707,	9698,	10311,	10292,	10299,	10320,	10309,	10290,	10283,	10432,	10439,	10424,	10281,	10430,	10089,	10266,	10077,	10098,	10087,	10264,	10111,	10102,	10141,	10132,	10113,	10104,	10121,	10130,	7397,	7378,	7385,	7406,	7395,	7376,	7369,	7518,	7525,	7510,	7367,	7516,	7175,	7352,	7163,	7184,	7173,	7350,	7197,	7188,	7227,	7218,	7199,	7190,	7207,	7216,	6603,	6622,	6615,	6594,	6605,	6624,	6631,	6482,	6475,	6490,	6633,	6484,	6825,	6648,	6837,	6816,	6827,	6650,	6803,	6812,	6773,	6782,	6801,	6810,	6793,	6784,	
9514,	9531,	9516,	9539,	9510,	9527,	9542,	9391,	9544,	9399,	9406,	9555,	9736,	9557,	9738,	9565,	9732,	9749,	9694,	9685,	9718,	9705,	9700,	9697,	9722,	9713,	10314,	10297,	10312,	10289,	10318,	10301,	10286,	10437,	10284,	10429,	10422,	10273,	10092,	10271,	10090,	10263,	10096,	10079,	10134,	10143,	10110,	10123,	10128,	10131,	10106,	10115,	7400,	7383,	7398,	7375,	7404,	7387,	7372,	7523,	7370,	7515,	7508,	7359,	7178,	7357,	7176,	7349,	7182,	7165,	7220,	7229,	7196,	7209,	7214,	7217,	7192,	7201,	6600,	6617,	6602,	6625,	6596,	6613,	6628,	6477,	6630,	6485,	6492,	6641,	6822,	6643,	6824,	6651,	6818,	6835,	6780,	6771,	6804,	6791,	6786,	6783,	6808,	6799,	
9535,	9524,	9533,	9520,	9507,	9540,	9395,	9552,	9393,	9548,	9403,	9400,	9561,	9746,	9559,	9742,	9729,	9566,	9727,	9688,	9681,	9684,	9691,	9710,	9703,	9708,	10293,	10304,	10295,	10308,	10321,	10288,	10433,	10276,	10435,	10280,	10425,	10428,	10267,	10082,	10269,	10086,	10099,	10262,	10101,	10140,	10147,	10144,	10137,	10118,	10125,	10120,	7379,	7390,	7381,	7394,	7407,	7374,	7519,	7362,	7521,	7366,	7511,	7514,	7353,	7168,	7355,	7172,	7185,	7348,	7187,	7226,	7233,	7230,	7223,	7204,	7211,	7206,	6621,	6610,	6619,	6606,	6593,	6626,	6481,	6638,	6479,	6634,	6489,	6486,	6647,	6832,	6645,	6828,	6815,	6652,	6813,	6774,	6767,	6770,	6777,	6796,	6789,	6794,	
9532,	9513,	9522,	9505,	9526,	9511,	9392,	9541,	9550,	9401,	9554,	9407,	9558,	9735,	9744,	9567,	9748,	9733,	9682,	9693,	9690,	9719,	9704,	9701,	9712,	9721,	10296,	10315,	10306,	10323,	10302,	10317,	10436,	10287,	10278,	10427,	10274,	10421,	10270,	10093,	10084,	10261,	10080,	10095,	10146,	10135,	10138,	10109,	10124,	10127,	10116,	10107,	7382,	7401,	7392,	7409,	7388,	7403,	7522,	7373,	7364,	7513,	7360,	7507,	7356,	7179,	7170,	7347,	7166,	7181,	7232,	7221,	7224,	7195,	7210,	7213,	7202,	7193,	6618,	6599,	6608,	6591,	6612,	6597,	6478,	6627,	6636,	6487,	6640,	6493,	6644,	6821,	6830,	6653,	6834,	6819,	6768,	6779,	6776,	6805,	6790,	6787,	6798,	6807,	
9523,	9534,	9525,	9512,	9521,	9506,	9551,	9394,	9553,	9408,	9549,	9402,	9745,	9560,	9747,	9734,	9743,	9728,	9689,	9680,	9683,	9692,	9711,	9720,	9709,	9702,	10305,	10294,	10303,	10316,	10307,	10322,	10277,	10434,	10275,	10420,	10279,	10426,	10083,	10268,	10081,	10094,	10085,	10100,	10139,	10148,	10145,	10136,	10117,	10108,	10119,	10126,	7391,	7380,	7389,	7402,	7393,	7408,	7363,	7520,	7361,	7506,	7365,	7512,	7169,	7354,	7167,	7180,	7171,	7186,	7225,	7234,	7231,	7222,	7203,	7194,	7205,	7212,	6609,	6620,	6611,	6598,	6607,	6592,	6637,	6480,	6639,	6494,	6635,	6488,	6831,	6646,	6833,	6820,	6829,	6814,	6775,	6766,	6769,	6778,	6797,	6806,	6795,	6788,	
9460,	9491,	9468,	9501,	9504,	9463,	9456,	9425,	9448,	9415,	9412,	9453,	9612,	9581,	9604,	9571,	9568,	9609,	9638,	9643,	9624,	9679,	9656,	9667,	9626,	9677,	10368,	10337,	10360,	10327,	10324,	10365,	10372,	10403,	10380,	10413,	10416,	10375,	10216,	10247,	10224,	10257,	10260,	10219,	10190,	10185,	10204,	10149,	10172,	10161,	10202,	10151,	7454,	7423,	7446,	7413,	7410,	7451,	7458,	7489,	7466,	7499,	7502,	7461,	7302,	7333,	7310,	7343,	7346,	7305,	7276,	7271,	7290,	7235,	7258,	7247,	7288,	7237,	6546,	6577,	6554,	6587,	6590,	6549,	6542,	6511,	6534,	6501,	6498,	6539,	6698,	6667,	6690,	6657,	6654,	6695,	6724,	6729,	6710,	6765,	6742,	6753,	6712,	6763,	
9469,	9500,	9459,	9462,	9467,	9502,	9447,	9416,	9409,	9454,	9449,	9414,	9603,	9572,	9613,	9610,	9605,	9570,	9623,	9616,	9639,	9644,	9625,	9678,	9665,	9668,	10359,	10328,	10369,	10366,	10361,	10326,	10381,	10412,	10419,	10374,	10379,	10414,	10225,	10256,	10215,	10218,	10223,	10258,	10205,	10212,	10189,	10184,	10203,	10150,	10163,	10160,	7445,	7414,	7455,	7452,	7447,	7412,	7467,	7498,	7505,	7460,	7465,	7500,	7311,	7342,	7301,	7304,	7309,	7344,	7291,	7298,	7275,	7270,	7289,	7236,	7249,	7246,	6555,	6586,	6545,	6548,	6553,	6588,	6533,	6502,	6495,	6540,	6535,	6500,	6689,	6658,	6699,	6696,	6691,	6656,	6709,	6702,	6725,	6730,	6711,	6764,	6751,	6754,	
9490,	9461,	9492,	9503,	9464,	9457,	9426,	9455,	9424,	9413,	9452,	9411,	9582,	9611,	9580,	9569,	9608,	9615,	9640,	9637,	9642,	9657,	9666,	9655,	9676,	9627,	10338,	10367,	10336,	10325,	10364,	10371,	10402,	10373,	10404,	10415,	10376,	10417,	10246,	10217,	10248,	10259,	10220,	10213,	10188,	10191,	10186,	10171,	10162,	10173,	10152,	10201,	7424,	7453,	7422,	7411,	7450,	7457,	7488,	7459,	7490,	7501,	7462,	7503,	7332,	7303,	7334,	7345,	7306,	7299,	7274,	7277,	7272,	7257,	7248,	7259,	7238,	7287,	6576,	6547,	6578,	6589,	6550,	6543,	6512,	6541,	6510,	6499,	6538,	6497,	6668,	6697,	6666,	6655,	6694,	6701,	6726,	6723,	6728,	6743,	6752,	6741,	6762,	6713,	
9499,	9470,	9479,	9458,	9493,	9466,	9417,	9446,	9437,	9410,	9423,	9450,	9573,	9602,	9593,	9614,	9579,	9606,	9617,	9622,	9647,	9654,	9645,	9652,	9669,	9664,	10329,	10358,	10349,	10370,	10335,	10362,	10411,	10382,	10391,	10418,	10405,	10378,	10255,	10226,	10235,	10214,	10249,	10222,	10211,	10206,	10181,	10174,	10183,	10176,	10159,	10164,	7415,	7444,	7435,	7456,	7421,	7448,	7497,	7468,	7477,	7504,	7491,	7464,	7341,	7312,	7321,	7300,	7335,	7308,	7297,	7292,	7267,	7260,	7269,	7262,	7245,	7250,	6585,	6556,	6565,	6544,	6579,	6552,	6503,	6532,	6523,	6496,	6509,	6536,	6659,	6688,	6679,	6700,	6665,	6692,	6703,	6708,	6733,	6740,	6731,	6738,	6755,	6750,	
9480,	9489,	9474,	9465,	9478,	9485,	9436,	9427,	9442,	9451,	9438,	9431,	9592,	9583,	9598,	9607,	9594,	9587,	9636,	9641,	9618,	9651,	9658,	9663,	9628,	9675,	10348,	10339,	10354,	10363,	10350,	10343,	10392,	10401,	10386,	10377,	10390,	10397,	10236,	10245,	10230,	10221,	10234,	10241,	10192,	10187,	10210,	10177,	10170,	10165,	10200,	10153,	7434,	7425,	7440,	7449,	7436,	7429,	7478,	7487,	7472,	7463,	7476,	7483,	7322,	7331,	7316,	7307,	7320,	7327,	7278,	7273,	7296,	7263,	7256,	7251,	7286,	7239,	6566,	6575,	6560,	6551,	6564,	6571,	6522,	6513,	6528,	6537,	6524,	6517,	6678,	6669,	6684,	6693,	6680,	6673,	6722,	6727,	6704,	6737,	6744,	6749,	6714,	6761,	
9473,	9498,	9471,	9484,	9475,	9494,	9443,	9418,	9445,	9432,	9441,	9422,	9599,	9574,	9601,	9588,	9597,	9578,	9621,	9648,	9659,	9646,	9653,	9672,	9631,	9670,	10355,	10330,	10357,	10344,	10353,	10334,	10385,	10410,	10383,	10396,	10387,	10406,	10229,	10254,	10227,	10240,	10231,	10250,	10207,	10180,	10169,	10182,	10175,	10156,	10197,	10158,	7441,	7416,	7443,	7430,	7439,	7420,	7471,	7496,	7469,	7482,	7473,	7492,	7315,	7340,	7313,	7326,	7317,	7336,	7293,	7266,	7255,	7268,	7261,	7242,	7283,	7244,	6559,	6584,	6557,	6570,	6561,	6580,	6529,	6504,	6531,	6518,	6527,	6508,	6685,	6660,	6687,	6674,	6683,	6664,	6707,	6734,	6745,	6732,	6739,	6758,	6717,	6756,	
9488,	9481,	9496,	9477,	9486,	9483,	9428,	9435,	9420,	9439,	9430,	9433,	9584,	9591,	9576,	9595,	9586,	9589,	9660,	9635,	9650,	9619,	9662,	9633,	9674,	9629,	10340,	10347,	10332,	10351,	10342,	10345,	10400,	10393,	10408,	10389,	10398,	10395,	10244,	10237,	10252,	10233,	10242,	10239,	10168,	10193,	10178,	10209,	10166,	10195,	10154,	10199,	7426,	7433,	7418,	7437,	7428,	7431,	7486,	7479,	7494,	7475,	7484,	7481,	7330,	7323,	7338,	7319,	7328,	7325,	7254,	7279,	7264,	7295,	7252,	7281,	7240,	7285,	6574,	6567,	6582,	6563,	6572,	6569,	6514,	6521,	6506,	6525,	6516,	6519,	6670,	6677,	6662,	6681,	6672,	6675,	6746,	6721,	6736,	6705,	6748,	6719,	6760,	6715,	
9497,	9472,	9487,	9482,	9495,	9476,	9419,	9444,	9429,	9434,	9421,	9440,	9575,	9600,	9585,	9590,	9577,	9596,	9649,	9620,	9661,	9634,	9673,	9630,	9671,	9632,	10331,	10356,	10341,	10346,	10333,	10352,	10409,	10384,	10399,	10394,	10407,	10388,	10253,	10228,	10243,	10238,	10251,	10232,	10179,	10208,	10167,	10194,	10155,	10198,	10157,	10196,	7417,	7442,	7427,	7432,	7419,	7438,	7495,	7470,	7485,	7480,	7493,	7474,	7339,	7314,	7329,	7324,	7337,	7318,	7265,	7294,	7253,	7280,	7241,	7284,	7243,	7282,	6583,	6558,	6573,	6568,	6581,	6562,	6505,	6530,	6515,	6520,	6507,	6526,	6661,	6686,	6671,	6676,	6663,	6682,	6735,	6706,	6747,	6720,	6759,	6716,	6757,	6718,	
