[
[142, 147, 128, 119, 160, 171, 130, 117, 104, 109, 90, 81, 58, 69, 92, 79, 328, 323, 342, 351, 310, 299, 340, 353, 366, 361, 380, 389, 412, 401, 378, 391],
[127, 120, 143, 148, 129, 118, 169, 172, 89, 82, 105, 110, 91, 80, 67, 70, 343, 350, 327, 322, 341, 352, 301, 298, 381, 388, 365, 360, 379, 390, 403, 400],
[144, 141, 146, 161, 170, 159, 116, 131, 106, 103, 108, 59, 68, 57, 78, 93, 326, 329, 324, 309, 300, 311, 354, 339, 364, 367, 362, 411, 402, 413, 392, 377],
[121, 126, 151, 158, 149, 156, 173, 168, 83, 88, 113, 56, 111, 54, 71, 66, 349, 344, 319, 312, 321, 314, 297, 302, 387, 382, 357, 414, 359, 416, 399, 404],
[140, 145, 122, 155, 162, 167, 132, 115, 102, 107, 84, 53, 60, 65, 94, 77, 330, 325, 348, 315, 308, 303, 338, 355, 368, 363, 386, 417, 410, 405, 376, 393],
[125, 152, 163, 150, 157, 176, 135, 174, 87, 114, 61, 112, 55, 74, 97, 72, 345, 318, 307, 320, 313, 294, 335, 296, 383, 356, 409, 358, 415, 396, 373, 398],
[164, 139, 154, 123, 166, 137, 178, 133, 62, 101, 52, 85, 64, 99, 76, 95, 306, 331, 316, 347, 304, 333, 292, 337, 408, 369, 418, 385, 406, 371, 394, 375],
[153, 124, 165, 138, 177, 134, 175, 136, 51, 86, 63, 100, 75, 96, 73, 98, 317, 346, 305, 332, 293, 336, 295, 334, 419, 384, 407, 370, 395, 374, 397, 372],
[204, 209, 190, 181, 222, 233, 192, 179, 36, 31, 50, 251, 18, 7, 48, 253, 266, 261, 280, 289, 504, 493, 278, 291, 434, 439, 420, 475, 452, 463, 422, 473],
[189, 182, 205, 210, 191, 180, 231, 234, 243, 250, 35, 30, 49, 252, 9, 6, 281, 288, 265, 260, 279, 290, 495, 492, 483, 476, 435, 440, 421, 474, 461, 464],
[206, 203, 208, 223, 232, 221, 242, 193, 34, 37, 32, 17, 8, 19, 254, 47, 264, 267, 262, 503, 494, 505, 484, 277, 436, 433, 438, 453, 462, 451, 472, 423],
[183, 188, 213, 220, 211, 218, 235, 230, 249, 244, 27, 20, 29, 22, 5, 10, 287, 282, 257, 506, 259, 508, 491, 496, 477, 482, 443, 450, 441, 448, 465, 460],
[202, 207, 184, 217, 224, 229, 194, 241, 38, 33, 248, 23, 16, 11, 46, 255, 268, 263, 286, 509, 502, 497, 276, 485, 432, 437, 478, 447, 454, 459, 424, 471],
[187, 214, 225, 212, 219, 238, 197, 236, 245, 26, 15, 28, 21, 2, 43, 4, 283, 256, 501, 258, 507, 488, 273, 490, 481, 444, 455, 442, 449, 468, 427, 466],
[226, 201, 216, 185, 228, 199, 240, 195, 14, 39, 24, 247, 12, 41, 0, 45, 500, 269, 510, 285, 498, 271, 486, 275, 456, 431, 446, 479, 458, 429, 470, 425],
[215, 186, 227, 200, 239, 196, 237, 198, 25, 246, 13, 40, 1, 44, 3, 42, 511, 284, 499, 270, 487, 274, 489, 272, 445, 480, 457, 430, 469, 426, 467, 428],
[960, 955, 974, 983, 942, 931, 972, 985, 998, 993, 1012, 1021, 788, 777, 1010, 1023, 526, 531, 512, 759, 544, 555, 514, 757, 744, 749, 730, 721, 698, 709, 732, 719],
[975, 982, 959, 954, 973, 984, 933, 930, 1013, 1020, 997, 992, 1011, 1022, 779, 776, 767, 760, 527, 532, 513, 758, 553, 556, 729, 722, 745, 750, 731, 720, 707, 710],
[958, 961, 956, 941, 932, 943, 986, 971, 996, 999, 994, 787, 778, 789, 768, 1009, 528, 525, 530, 545, 554, 543, 756, 515, 746, 743, 748, 699, 708, 697, 718, 733],
[981, 976, 951, 944, 953, 946, 929, 934, 1019, 1014, 989, 790, 991, 792, 775, 780, 761, 766, 535, 542, 533, 540, 557, 552, 723, 728, 753, 696, 751, 694, 711, 706],
[962, 957, 980, 947, 940, 935, 970, 987, 1000, 995, 1018, 793, 786, 781, 1008, 769, 524, 529, 762, 539, 546, 551, 516, 755, 742, 747, 724, 693, 700, 705, 734, 717],
[977, 950, 939, 952, 945, 926, 967, 928, 1015, 988, 785, 990, 791, 772, 1005, 774, 765, 536, 547, 534, 541, 560, 519, 558, 727, 754, 701, 752, 695, 714, 737, 712],
[938, 963, 948, 979, 936, 965, 924, 969, 784, 1001, 794, 1017, 782, 1003, 770, 1007, 548, 523, 538, 763, 550, 521, 562, 517, 702, 741, 692, 725, 704, 739, 716, 735],
[949, 978, 937, 964, 925, 968, 927, 966, 795, 1016, 783, 1002, 771, 1006, 773, 1004, 537, 764, 549, 522, 561, 518, 559, 520, 691, 726, 703, 740, 715, 736, 713, 738],
[898, 893, 912, 921, 880, 869, 910, 923, 810, 815, 796, 851, 828, 839, 798, 849, 588, 593, 574, 565, 606, 617, 576, 563, 676, 671, 690, 635, 658, 647, 688, 637],
[913, 920, 897, 892, 911, 922, 871, 868, 859, 852, 811, 816, 797, 850, 837, 840, 573, 566, 589, 594, 575, 564, 615, 618, 627, 634, 675, 670, 689, 636, 649, 646],
[896, 899, 894, 879, 870, 881, 860, 909, 812, 809, 814, 829, 838, 827, 848, 799, 590, 587, 592, 607, 616, 605, 626, 577, 674, 677, 672, 657, 648, 659, 638, 687],
[919, 914, 889, 882, 891, 884, 867, 872, 853, 858, 819, 826, 817, 824, 841, 836, 567, 572, 597, 604, 595, 602, 619, 614, 633, 628, 667, 660, 669, 662, 645, 650],
[900, 895, 918, 885, 878, 873, 908, 861, 808, 813, 854, 823, 830, 835, 800, 847, 586, 591, 568, 601, 608, 613, 578, 625, 678, 673, 632, 663, 656, 651, 686, 639],
[915, 888, 877, 890, 883, 864, 905, 866, 857, 820, 831, 818, 825, 844, 803, 842, 571, 598, 609, 596, 603, 622, 581, 620, 629, 666, 655, 668, 661, 642, 683, 644],
[876, 901, 886, 917, 874, 903, 862, 907, 832, 807, 822, 855, 834, 805, 846, 801, 610, 585, 600, 569, 612, 583, 624, 579, 654, 679, 664, 631, 652, 681, 640, 685],
[887, 916, 875, 902, 863, 906, 865, 904, 821, 856, 833, 806, 845, 802, 843, 804, 599, 570, 611, 584, 623, 580, 621, 582, 665, 630, 653, 680, 641, 684, 643, 682],
],
