[
[170, 165, 184, 193, 152, 141, 182, 195, 216, 261, 252, 201, 218, 263, 250, 203, 220, 223, 640, 595, 604, 575, 638, 593, 606, 573, 636, 633, 566, 521, 530, 501, 564, 519, 532, 499, 562, 559],
[185, 192, 169, 164, 183, 194, 143, 140, 253, 200, 217, 262, 251, 202, 219, 222, 249, 204, 603, 576, 639, 594, 605, 574, 637, 634, 607, 572, 529, 502, 565, 520, 531, 500, 563, 560, 533, 498],
[168, 171, 166, 151, 142, 153, 196, 181, 260, 215, 254, 239, 264, 233, 246, 267, 224, 221, 596, 641, 602, 617, 592, 623, 610, 589, 632, 635, 522, 567, 528, 543, 518, 549, 536, 515, 558, 561],
[191, 186, 161, 154, 163, 156, 139, 144, 199, 238, 259, 236, 245, 230, 265, 234, 205, 248, 577, 618, 597, 620, 611, 626, 591, 622, 571, 608, 503, 544, 523, 546, 537, 552, 517, 548, 497, 534],
[172, 167, 190, 157, 150, 145, 180, 197, 214, 255, 240, 229, 232, 235, 268, 247, 266, 225, 642, 601, 616, 627, 624, 621, 588, 609, 590, 631, 568, 527, 542, 553, 550, 547, 514, 535, 516, 557],
[187, 160, 149, 162, 155, 136, 177, 138, 241, 198, 237, 258, 269, 244, 231, 208, 273, 206, 615, 578, 619, 598, 587, 612, 625, 648, 583, 570, 541, 504, 545, 524, 513, 538, 551, 494, 509, 496],
[148, 173, 158, 189, 146, 175, 134, 179, 256, 213, 276, 243, 228, 211, 274, 271, 226, 209, 600, 643, 580, 613, 628, 645, 582, 585, 630, 647, 526, 569, 506, 539, 554, 491, 508, 511, 556, 493],
[159, 188, 147, 174, 135, 178, 137, 176, 277, 242, 257, 212, 275, 270, 227, 210, 207, 272, 579, 614, 599, 644, 581, 586, 629, 646, 649, 584, 505, 540, 525, 490, 507, 512, 555, 492, 495, 510],
[114, 77, 70, 131, 116, 89, 74, 133, 310, 39, 278, 51, 312, 41, 24, 49, 314, 317, 328, 381, 656, 653, 330, 383, 366, 651, 332, 335, 442, 489, 474, 477, 440, 487, 404, 479, 438, 435],
[69, 130, 115, 92, 75, 132, 117, 88, 53, 280, 311, 40, 23, 50, 313, 316, 297, 48, 655, 658, 329, 382, 365, 652, 331, 334, 675, 650, 475, 472, 441, 488, 405, 478, 439, 436, 455, 480],
[78, 113, 76, 71, 90, 93, 54, 73, 38, 309, 52, 279, 42, 11, 20, 25, 318, 315, 380, 327, 654, 657, 384, 353, 362, 367, 336, 333, 390, 443, 476, 473, 486, 417, 408, 403, 434, 437],
[129, 68, 91, 94, 101, 72, 87, 118, 281, 284, 37, 12, 27, 22, 43, 296, 47, 298, 659, 662, 379, 354, 369, 364, 385, 674, 389, 676, 471, 468, 391, 416, 401, 406, 485, 456, 481, 454],
[112, 79, 66, 85, 98, 61, 102, 55, 308, 15, 282, 29, 10, 19, 26, 21, 44, 319, 326, 357, 660, 371, 352, 361, 368, 363, 386, 337, 444, 413, 470, 399, 418, 409, 402, 407, 484, 433],
[67, 128, 97, 100, 95, 86, 119, 60, 283, 36, 285, 16, 13, 28, 295, 290, 299, 46, 661, 378, 663, 358, 355, 370, 673, 668, 677, 388, 469, 392, 467, 412, 415, 400, 457, 462, 453, 482],
[80, 111, 84, 65, 62, 99, 56, 103, 286, 307, 14, 9, 30, 289, 18, 45, 320, 301, 664, 325, 356, 351, 372, 667, 360, 387, 338, 679, 466, 445, 414, 419, 398, 463, 410, 483, 432, 451],
[127, 108, 63, 96, 83, 122, 59, 120, 35, 8, 33, 288, 17, 294, 291, 300, 323, 2, 377, 350, 375, 666, 359, 672, 669, 678, 341, 344, 393, 420, 395, 464, 411, 458, 461, 452, 429, 426],
[110, 81, 106, 125, 64, 57, 104, 123, 306, 287, 6, 293, 304, 31, 4, 1, 302, 321, 324, 665, 348, 671, 682, 373, 346, 343, 680, 339, 446, 465, 422, 459, 448, 397, 424, 427, 450, 431],
[107, 126, 109, 82, 105, 124, 121, 58, 7, 34, 305, 32, 5, 292, 303, 322, 3, 0, 349, 376, 683, 374, 347, 670, 681, 340, 345, 342, 421, 394, 447, 396, 423, 460, 449, 430, 425, 428],
[1132, 1169, 1176, 1195, 1130, 1157, 1172, 1193, 1406, 1093, 1438, 1441, 1404, 1091, 1108, 1443, 1402, 1399, 730, 1083, 698, 695, 732, 685, 1068, 693, 734, 737, 826, 779, 794, 791, 828, 781, 764, 789, 830, 833],
[1177, 1196, 1131, 1154, 1171, 1194, 1129, 1158, 1439, 1436, 1405, 1092, 1109, 1442, 1403, 1400, 1419, 1084, 697, 700, 731, 684, 1067, 694, 733, 736, 717, 692, 793, 796, 827, 780, 763, 790, 829, 832, 813, 788],
[1168, 1133, 1170, 1175, 1156, 1153, 1192, 1173, 1094, 1407, 1440, 1437, 1090, 1121, 1112, 1107, 1398, 1401, 1082, 729, 696, 699, 686, 1055, 1064, 1069, 738, 735, 778, 825, 792, 795, 782, 751, 760, 765, 834, 831],
[1197, 1178, 1155, 1152, 1145, 1174, 1159, 1128, 1435, 1432, 1095, 1120, 1105, 1110, 1089, 1420, 1085, 1418, 701, 704, 1081, 1056, 1071, 1066, 687, 716, 691, 718, 797, 800, 777, 752, 767, 762, 783, 812, 787, 814],
[1134, 1167, 1180, 1161, 1148, 1185, 1144, 1191, 1408, 1117, 1434, 1103, 1122, 1113, 1106, 1111, 1088, 1397, 728, 1059, 702, 1073, 1054, 1063, 1070, 1065, 688, 739, 824, 755, 798, 769, 750, 759, 766, 761, 784, 835],
[1179, 1198, 1149, 1146, 1151, 1160, 1127, 1186, 1433, 1096, 1431, 1116, 1119, 1104, 1421, 1426, 1417, 1086, 703, 1080, 705, 1060, 1057, 1072, 715, 710, 719, 690, 799, 776, 801, 756, 753, 768, 811, 806, 815, 786],
[1166, 1135, 1162, 1181, 1184, 1147, 1190, 1143, 1430, 1409, 1118, 1123, 1102, 1427, 1114, 1087, 1396, 1415, 706, 727, 1058, 1053, 1074, 709, 1062, 689, 740, 721, 802, 823, 754, 749, 770, 805, 758, 785, 836, 817],
[1199, 1138, 1183, 1150, 1163, 1204, 1187, 1126, 1097, 1124, 1099, 1428, 1115, 1422, 1425, 1416, 1393, 1390, 1079, 1052, 1077, 708, 1061, 714, 711, 720, 743, 746, 775, 748, 773, 804, 757, 810, 807, 816, 839, 842],
[1136, 1165, 1140, 1201, 1182, 1189, 1142, 1203, 1410, 1429, 1386, 1423, 1412, 1101, 1388, 1391, 1414, 1395, 726, 707, 1050, 713, 724, 1075, 1048, 745, 722, 741, 822, 803, 846, 809, 820, 771, 844, 841, 818, 837],
[1139, 1200, 1137, 1164, 1141, 1202, 1205, 1188, 1125, 1098, 1411, 1100, 1387, 1424, 1413, 1394, 1389, 1392, 1051, 1078, 725, 1076, 1049, 712, 723, 742, 1047, 744, 747, 774, 821, 772, 845, 808, 819, 838, 843, 840],
[1232, 1275, 1268, 1249, 1234, 1207, 1272, 1251, 1338, 1385, 1370, 1373, 1336, 1383, 1300, 1375, 1334, 1331, 1008, 955, 1040, 1043, 1006, 953, 970, 1045, 1004, 1001, 894, 847, 862, 859, 896, 849, 932, 857, 898, 901],
[1267, 1248, 1233, 1210, 1273, 1250, 1235, 1206, 1371, 1368, 1337, 1384, 1301, 1374, 1335, 1332, 1351, 1376, 1041, 1038, 1007, 954, 971, 1044, 1005, 1002, 1021, 1046, 861, 864, 895, 848, 931, 858, 897, 900, 881, 856],
[1276, 1231, 1274, 1269, 1208, 1211, 1252, 1271, 1286, 1339, 1372, 1369, 1382, 1313, 1304, 1299, 1330, 1333, 956, 1009, 1042, 1039, 952, 983, 974, 969, 1000, 1003, 946, 893, 860, 863, 850, 919, 928, 933, 902, 899],
[1247, 1266, 1209, 1212, 1219, 1270, 1285, 1236, 1367, 1364, 1287, 1312, 1297, 1302, 1381, 1352, 1377, 1350, 1037, 1034, 957, 982, 967, 972, 951, 1022, 947, 1020, 865, 868, 945, 920, 935, 930, 851, 880, 855, 882],
[1230, 1277, 1264, 1283, 1216, 1259, 1220, 1253, 1340, 1309, 1366, 1295, 1314, 1305, 1298, 1303, 1380, 1329, 1010, 979, 1036, 965, 984, 975, 968, 973, 950, 999, 892, 923, 866, 937, 918, 927, 934, 929, 852, 903],
[1265, 1246, 1215, 1218, 1213, 1284, 1237, 1258, 1365, 1288, 1363, 1308, 1311, 1296, 1353, 1358, 1349, 1378, 1035, 958, 1033, 978, 981, 966, 1023, 1028, 1019, 948, 867, 944, 869, 924, 921, 936, 879, 874, 883, 854],
[1278, 1229, 1282, 1263, 1260, 1217, 1254, 1221, 1362, 1341, 1310, 1315, 1294, 1359, 1306, 1379, 1328, 1347, 1032, 1011, 980, 985, 964, 1029, 976, 949, 998, 1017, 870, 891, 922, 917, 938, 873, 926, 853, 904, 885],
[1245, 1226, 1261, 1214, 1281, 1240, 1257, 1238, 1289, 1316, 1291, 1360, 1307, 1354, 1357, 1348, 1325, 1322, 959, 986, 961, 1030, 977, 1024, 1027, 1018, 995, 992, 943, 916, 941, 872, 925, 878, 875, 884, 907, 910],
[1228, 1279, 1224, 1243, 1262, 1255, 1222, 1241, 1342, 1361, 1318, 1355, 1344, 1293, 1320, 1323, 1346, 1327, 1012, 1031, 988, 1025, 1014, 963, 990, 993, 1016, 997, 890, 871, 914, 877, 888, 939, 912, 909, 886, 905],
[1225, 1244, 1227, 1280, 1223, 1242, 1239, 1256, 1317, 1290, 1343, 1292, 1319, 1356, 1345, 1326, 1321, 1324, 987, 960, 1013, 962, 989, 1026, 1015, 996, 991, 994, 915, 942, 889, 940, 913, 876, 887, 906, 911, 908],
],
