222,	175,	190,	187,	224,	177,	160,	185,	226,	229,	318,	271,	286,	283,	320,	273,	256,	281,	322,	325,	682,	729,	714,	717,	680,	727,	744,	719,	678,	675,	586,	633,	618,	621,	584,	631,	648,	623,	582,	579,	
189,	192,	223,	176,	159,	186,	225,	228,	209,	184,	285,	288,	319,	272,	255,	282,	321,	324,	305,	280,	715,	712,	681,	728,	745,	718,	679,	676,	695,	720,	619,	616,	585,	632,	649,	622,	583,	580,	599,	624,	
174,	221,	188,	191,	178,	147,	156,	161,	230,	227,	270,	317,	284,	287,	274,	243,	252,	257,	326,	323,	730,	683,	716,	713,	726,	757,	748,	743,	674,	677,	634,	587,	620,	617,	630,	661,	652,	647,	578,	581,	
193,	196,	173,	148,	163,	158,	179,	208,	183,	210,	289,	292,	269,	244,	259,	254,	275,	304,	279,	306,	711,	708,	731,	756,	741,	746,	725,	696,	721,	694,	615,	612,	635,	660,	645,	650,	629,	600,	625,	598,	
220,	151,	194,	165,	146,	155,	162,	157,	180,	231,	316,	247,	290,	261,	242,	251,	258,	253,	276,	327,	684,	753,	710,	739,	758,	749,	742,	747,	724,	673,	588,	657,	614,	643,	662,	653,	646,	651,	628,	577,	
195,	172,	197,	152,	149,	164,	207,	202,	211,	182,	291,	268,	293,	248,	245,	260,	303,	298,	307,	278,	709,	732,	707,	752,	755,	740,	697,	702,	693,	722,	613,	636,	611,	656,	659,	644,	601,	606,	597,	626,	
198,	219,	150,	145,	166,	201,	154,	181,	232,	213,	294,	315,	246,	241,	262,	297,	250,	277,	328,	309,	706,	685,	754,	759,	738,	703,	750,	723,	672,	691,	610,	589,	658,	663,	642,	607,	654,	627,	576,	595,	
171,	144,	169,	200,	153,	206,	203,	212,	235,	238,	267,	240,	265,	296,	249,	302,	299,	308,	331,	334,	733,	760,	735,	704,	751,	698,	701,	692,	669,	666,	637,	664,	639,	608,	655,	602,	605,	596,	573,	570,	
218,	199,	142,	205,	216,	167,	140,	237,	214,	233,	314,	295,	338,	301,	312,	263,	336,	333,	310,	329,	686,	705,	762,	699,	688,	737,	764,	667,	690,	671,	590,	609,	566,	603,	592,	641,	568,	571,	594,	575,	
143,	170,	217,	168,	141,	204,	215,	234,	139,	236,	239,	266,	313,	264,	337,	300,	311,	330,	335,	332,	761,	734,	687,	736,	763,	700,	689,	670,	765,	668,	665,	638,	591,	640,	567,	604,	593,	574,	569,	572,	
100,	47,		132,	135,	98,		45,		62,		137,	96,		93,		386,	339,	354,	351,	388,	341,	24,		349,	390,	393,	404,	457,	772,	769,	406,	459,	442,	767,	408,	411,	518,	565,	550,	553,	516,	563,	480,	555,	514,	511,	
133,	130,	99,		46,		63,		136,	97,		94,		113,	138,	353,	356,	387,	340,	23,		350,	389,	392,	373,	348,	771,	774,	405,	458,	441,	768,	407,	410,	791,	766,	551,	548,	517,	564,	481,	554,	515,	512,	531,	556,	
48,		101,	134,	131,	44,		75,		66,		61,		92,		95,		38,		385,	352,	355,	342,	11,		20,		25,		394,	391,	456,	403,	770,	773,	460,	429,	438,	443,	412,	409,	466,	519,	552,	549,	562,	493,	484,	479,	510,	513,	
129,	126,	49,		74,		59,		64,		43,		114,	39,		112,	357,	360,	37,		12,		27,		22,		343,	372,	347,	374,	775,	778,	455,	430,	445,	440,	461,	790,	465,	792,	547,	544,	467,	492,	477,	482,	561,	532,	557,	530,	
102,	71,		128,	57,		76,		67,		60,		65,		42,		91,		384,	15,		358,	29,		10,		19,		26,		21,		344,	395,	402,	433,	776,	447,	428,	437,	444,	439,	462,	413,	520,	489,	546,	475,	494,	485,	478,	483,	560,	509,	
127,	50,		125,	70,		73,		58,		115,	120,	111,	40,		359,	36,		361,	16,		13,		28,		371,	366,	375,	346,	777,	454,	779,	434,	431,	446,	789,	784,	793,	464,	545,	468,	543,	488,	491,	476,	533,	538,	529,	558,	
124,	103,	72,		77,		56,		121,	68,		41,		90,		109,	362,	383,	14,		9,		30,		365,	18,		345,	396,	377,	780,	401,	432,	427,	448,	783,	436,	463,	414,	795,	542,	521,	490,	495,	474,	539,	486,	559,	508,	527,	
51,		78,		53,		122,	69,		116,	119,	110,	87,		84,		35,		8,		33,		364,	17,		370,	367,	376,	399,	2,		453,	426,	451,	782,	435,	788,	785,	794,	417,	420,	469,	496,	471,	540,	487,	534,	537,	528,	505,	502,	
104,	123,	80,		117,	106,	55,		82,		85,		108,	89,		382,	363,	6,		369,	380,	31,		4,		1,		378,	397,	400,	781,	424,	787,	798,	449,	422,	419,	796,	415,	522,	541,	498,	535,	524,	473,	500,	503,	526,	507,	
79,		52,		105,	54,		81,		118,	107,	88,		83,		86,		7,		34,		381,	32,		5,		368,	379,	398,	3,		0,		425,	452,	799,	450,	423,	786,	797,	416,	421,	418,	497,	470,	523,	472,	499,	536,	525,	506,	501,	504,	
1258,	1305,	1290,	1293,	1256,	1303,	1320,	1295,	1254,	1251,	1562,	1209,	1594,	1597,	1560,	1207,	1224,	1599,	1558,	1555,	846,	1199,	814,	811,	848,	801,	1184,	809,	850,	853,	942,	895,	910,	907,	944,	897,	880,	905,	946,	949,	
1291,	1288,	1257,	1304,	1321,	1294,	1255,	1252,	1271,	1296,	1595,	1592,	1561,	1208,	1225,	1598,	1559,	1556,	1575,	1200,	813,	816,	847,	800,	1183,	810,	849,	852,	833,	808,	909,	912,	943,	896,	879,	906,	945,	948,	929,	904,	
1306,	1259,	1292,	1289,	1302,	1333,	1324,	1319,	1250,	1253,	1210,	1563,	1596,	1593,	1206,	1237,	1228,	1223,	1554,	1557,	1198,	845,	812,	815,	802,	1171,	1180,	1185,	854,	851,	894,	941,	908,	911,	898,	867,	876,	881,	950,	947,	
1287,	1284,	1307,	1332,	1317,	1322,	1301,	1272,	1297,	1270,	1591,	1588,	1211,	1236,	1221,	1226,	1205,	1576,	1201,	1574,	817,	820,	1197,	1172,	1187,	1182,	803,	832,	807,	834,	913,	916,	893,	868,	883,	878,	899,	928,	903,	930,	
1260,	1329,	1286,	1315,	1334,	1325,	1318,	1323,	1300,	1249,	1564,	1233,	1590,	1219,	1238,	1229,	1222,	1227,	1204,	1553,	844,	1175,	818,	1189,	1170,	1179,	1186,	1181,	804,	855,	940,	871,	914,	885,	866,	875,	882,	877,	900,	951,	
1285,	1308,	1283,	1328,	1331,	1316,	1273,	1278,	1269,	1298,	1589,	1212,	1587,	1232,	1235,	1220,	1577,	1582,	1573,	1202,	819,	1196,	821,	1176,	1173,	1188,	831,	826,	835,	806,	915,	892,	917,	872,	869,	884,	927,	922,	931,	902,	
1282,	1261,	1330,	1335,	1314,	1279,	1326,	1299,	1248,	1267,	1586,	1565,	1234,	1239,	1218,	1583,	1230,	1203,	1552,	1571,	822,	843,	1174,	1169,	1190,	825,	1178,	805,	856,	837,	918,	939,	870,	865,	886,	921,	874,	901,	952,	933,	
1309,	1336,	1311,	1280,	1327,	1274,	1277,	1268,	1245,	1242,	1213,	1240,	1215,	1584,	1231,	1578,	1581,	1572,	1549,	1546,	1195,	1168,	1193,	824,	1177,	830,	827,	836,	859,	862,	891,	864,	889,	920,	873,	926,	923,	932,	955,	958,	
1262,	1281,	1338,	1275,	1264,	1313,	1340,	1243,	1266,	1247,	1566,	1585,	1542,	1579,	1568,	1217,	1544,	1547,	1570,	1551,	842,	823,	1166,	829,	840,	1191,	1164,	861,	838,	857,	938,	919,	962,	925,	936,	887,	960,	957,	934,	953,	
1337,	1310,	1263,	1312,	1339,	1276,	1265,	1246,	1341,	1244,	1241,	1214,	1567,	1216,	1543,	1580,	1569,	1550,	1545,	1548,	1167,	1194,	841,	1192,	1165,	828,	839,	858,	1163,	860,	863,	890,	937,	888,	961,	924,	935,	954,	959,	956,	
1380,	1433,	1348,	1345,	1382,	1435,	1418,	1343,	1384,	1387,	1494,	1541,	1526,	1529,	1492,	1539,	1456,	1531,	1490,	1487,	1124,	1071,	1156,	1159,	1122,	1069,	1086,	1161,	1120,	1117,	1010,	963,	978,	975,	1012,	965,	1048,	973,	1014,	1017,	
1347,	1350,	1381,	1434,	1417,	1344,	1383,	1386,	1367,	1342,	1527,	1524,	1493,	1540,	1457,	1530,	1491,	1488,	1507,	1532,	1157,	1154,	1123,	1070,	1087,	1160,	1121,	1118,	1137,	1162,	977,	980,	1011,	964,	1047,	974,	1013,	1016,	997,	972,	
1432,	1379,	1346,	1349,	1436,	1405,	1414,	1419,	1388,	1385,	1442,	1495,	1528,	1525,	1538,	1469,	1460,	1455,	1486,	1489,	1072,	1125,	1158,	1155,	1068,	1099,	1090,	1085,	1116,	1119,	1062,	1009,	976,	979,	966,	1035,	1044,	1049,	1018,	1015,	
1351,	1354,	1431,	1406,	1421,	1416,	1437,	1366,	1441,	1368,	1523,	1520,	1443,	1468,	1453,	1458,	1537,	1508,	1533,	1506,	1153,	1150,	1073,	1098,	1083,	1088,	1067,	1138,	1063,	1136,	981,	984,	1061,	1036,	1051,	1046,	967,	996,	971,	998,	
1378,	1409,	1352,	1423,	1404,	1413,	1420,	1415,	1438,	1389,	1496,	1465,	1522,	1451,	1470,	1461,	1454,	1459,	1536,	1485,	1126,	1095,	1152,	1081,	1100,	1091,	1084,	1089,	1066,	1115,	1008,	1039,	982,	1053,	1034,	1043,	1050,	1045,	968,	1019,	
1353,	1430,	1355,	1410,	1407,	1422,	1365,	1360,	1369,	1440,	1521,	1444,	1519,	1464,	1467,	1452,	1509,	1514,	1505,	1534,	1151,	1074,	1149,	1094,	1097,	1082,	1139,	1144,	1135,	1064,	983,	1060,	985,	1040,	1037,	1052,	995,	990,	999,	970,	
1356,	1377,	1408,	1403,	1424,	1359,	1412,	1439,	1390,	1371,	1518,	1497,	1466,	1471,	1450,	1515,	1462,	1535,	1484,	1503,	1148,	1127,	1096,	1101,	1080,	1145,	1092,	1065,	1114,	1133,	986,	1007,	1038,	1033,	1054,	989,	1042,	969,	1020,	1001,	
1429,	1402,	1427,	1358,	1411,	1364,	1361,	1370,	1393,	1396,	1445,	1472,	1447,	1516,	1463,	1510,	1513,	1504,	1481,	1478,	1075,	1102,	1077,	1146,	1093,	1140,	1143,	1134,	1111,	1108,	1059,	1032,	1057,	988,	1041,	994,	991,	1000,	1023,	1026,	
1376,	1357,	1400,	1363,	1374,	1425,	1398,	1395,	1372,	1391,	1498,	1517,	1474,	1511,	1500,	1449,	1476,	1479,	1502,	1483,	1128,	1147,	1104,	1141,	1130,	1079,	1106,	1109,	1132,	1113,	1006,	987,	1030,	993,	1004,	1055,	1028,	1025,	1002,	1021,	
1401,	1428,	1375,	1426,	1399,	1362,	1373,	1392,	1397,	1394,	1473,	1446,	1499,	1448,	1475,	1512,	1501,	1482,	1477,	1480,	1103,	1076,	1129,	1078,	1105,	1142,	1131,	1112,	1107,	1110,	1031,	1058,	1005,	1056,	1029,	992,	1003,	1022,	1027,	1024,	
