[
[222, 175, 190, 187, 224, 177, 160, 185, 226, 229, 318, 271, 286, 283, 320, 273, 256, 281, 322, 325, 722, 769, 754, 757, 720, 767, 784, 759, 718, 715, 704, 701, 706, 605, 640, 699, 636, 603, 634, 697, 630, 601],
[189, 192, 223, 176, 159, 186, 225, 228, 209, 184, 285, 288, 319, 272, 255, 282, 321, 324, 305, 280, 755, 752, 721, 768, 785, 758, 719, 716, 735, 760, 707, 606, 703, 700, 637, 604, 663, 698, 677, 602, 633, 696],
[174, 221, 188, 191, 178, 147, 156, 161, 230, 227, 270, 317, 284, 287, 274, 243, 252, 257, 326, 323, 770, 723, 756, 753, 766, 797, 788, 783, 714, 717, 702, 705, 608, 641, 664, 639, 680, 635, 666, 631, 600, 629],
[193, 196, 173, 148, 163, 158, 179, 208, 183, 210, 289, 292, 269, 244, 259, 254, 275, 304, 279, 306, 751, 748, 771, 796, 781, 786, 765, 736, 761, 734, 607, 708, 657, 638, 643, 662, 665, 678, 645, 676, 695, 632],
[220, 151, 194, 165, 146, 155, 162, 157, 180, 231, 316, 247, 290, 261, 242, 251, 258, 253, 276, 327, 724, 793, 750, 779, 798, 789, 782, 787, 764, 713, 612, 609, 642, 661, 658, 679, 644, 681, 672, 667, 628, 599],
[195, 172, 197, 152, 149, 164, 207, 202, 211, 182, 291, 268, 293, 248, 245, 260, 303, 298, 307, 278, 749, 772, 747, 792, 795, 780, 737, 742, 733, 762, 709, 654, 611, 656, 685, 682, 659, 668, 675, 646, 671, 694],
[198, 219, 150, 145, 166, 201, 154, 181, 232, 213, 294, 315, 246, 241, 262, 297, 250, 277, 328, 309, 746, 725, 794, 799, 778, 743, 790, 763, 712, 731, 610, 613, 710, 653, 660, 651, 684, 673, 670, 625, 598, 627],
[171, 144, 169, 200, 153, 206, 203, 212, 235, 238, 267, 240, 265, 296, 249, 302, 299, 308, 331, 334, 773, 800, 775, 744, 791, 738, 741, 732, 809, 806, 711, 616, 655, 686, 683, 620, 669, 650, 647, 674, 693, 624],
[218, 199, 142, 205, 216, 167, 140, 237, 214, 233, 314, 295, 338, 301, 312, 263, 336, 333, 310, 329, 726, 745, 802, 739, 728, 777, 804, 807, 730, 811, 614, 687, 618, 593, 652, 689, 648, 595, 622, 691, 626, 597],
[143, 170, 217, 168, 141, 204, 215, 234, 139, 236, 239, 266, 313, 264, 337, 300, 311, 330, 335, 332, 801, 774, 727, 776, 803, 740, 729, 810, 805, 808, 617, 592, 615, 688, 619, 594, 621, 690, 649, 596, 623, 692],
[100, 47, 132, 135, 98, 45, 62, 137, 96, 93, 386, 339, 354, 351, 388, 341, 24, 349, 390, 393, 816, 423, 408, 411, 814, 421, 438, 413, 812, 469, 570, 567, 572, 591, 506, 565, 502, 589, 500, 563, 496, 587],
[133, 130, 99, 46, 63, 136, 97, 94, 113, 138, 353, 356, 387, 340, 23, 350, 389, 392, 373, 348, 409, 406, 815, 422, 439, 412, 813, 470, 829, 414, 573, 472, 569, 566, 503, 590, 529, 564, 543, 588, 499, 562],
[48, 101, 134, 131, 44, 75, 66, 61, 92, 95, 38, 385, 352, 355, 342, 11, 20, 25, 394, 391, 424, 817, 410, 407, 420, 451, 442, 437, 468, 471, 568, 571, 474, 507, 530, 505, 546, 501, 532, 497, 586, 495],
[129, 126, 49, 74, 59, 64, 43, 114, 39, 112, 357, 360, 37, 12, 27, 22, 343, 372, 347, 374, 405, 402, 425, 450, 435, 440, 419, 830, 415, 828, 473, 574, 523, 504, 509, 528, 531, 544, 511, 542, 561, 498],
[102, 71, 128, 57, 76, 67, 60, 65, 42, 91, 384, 15, 358, 29, 10, 19, 26, 21, 344, 395, 818, 447, 404, 433, 452, 443, 436, 441, 418, 467, 478, 475, 508, 527, 524, 545, 510, 547, 538, 533, 494, 585],
[127, 50, 125, 70, 73, 58, 115, 120, 111, 40, 359, 36, 361, 16, 13, 28, 371, 366, 375, 346, 403, 426, 401, 446, 449, 434, 831, 836, 827, 416, 575, 520, 477, 522, 551, 548, 525, 534, 541, 512, 537, 560],
[124, 103, 72, 77, 56, 121, 68, 41, 90, 109, 362, 383, 14, 9, 30, 365, 18, 345, 396, 377, 400, 819, 448, 453, 432, 837, 444, 417, 466, 825, 476, 479, 576, 519, 526, 517, 550, 539, 536, 491, 584, 493],
[51, 78, 53, 122, 69, 116, 119, 110, 87, 84, 35, 8, 33, 364, 17, 370, 367, 376, 399, 2, 427, 454, 429, 838, 445, 832, 835, 826, 463, 460, 577, 482, 521, 552, 549, 486, 535, 516, 513, 540, 559, 490],
[104, 123, 80, 117, 106, 55, 82, 85, 108, 89, 382, 363, 6, 369, 380, 31, 4, 1, 378, 397, 820, 839, 456, 833, 822, 431, 458, 461, 824, 465, 480, 553, 484, 579, 518, 555, 514, 581, 488, 557, 492, 583],
[79, 52, 105, 54, 81, 118, 107, 88, 83, 86, 7, 34, 381, 32, 5, 368, 379, 398, 3, 0, 455, 428, 821, 430, 457, 834, 823, 464, 459, 462, 483, 578, 481, 554, 485, 580, 487, 556, 515, 582, 489, 558],
[1714, 1667, 1682, 1679, 1716, 1669, 1652, 1677, 1718, 1721, 1336, 1729, 1744, 1741, 1338, 1731, 1374, 1739, 1340, 1343, 872, 1309, 840, 1321, 874, 1311, 1294, 1319, 876, 879, 890, 893, 888, 989, 954, 895, 958, 991, 960, 897, 964, 993],
[1681, 1684, 1715, 1668, 1651, 1678, 1717, 1720, 1701, 1676, 1743, 1746, 1337, 1730, 1373, 1740, 1339, 1342, 1763, 1738, 1323, 842, 873, 1310, 1293, 1320, 875, 878, 859, 1318, 887, 988, 891, 894, 957, 990, 931, 896, 917, 992, 961, 898],
[1666, 1713, 1680, 1683, 1670, 1639, 1648, 1653, 1722, 1719, 1728, 1335, 1742, 1745, 1732, 1361, 1370, 1375, 1344, 1341, 1308, 871, 1322, 841, 1312, 1281, 1290, 1295, 880, 877, 892, 889, 986, 953, 930, 955, 914, 959, 928, 963, 994, 965],
[1685, 1688, 1665, 1640, 1655, 1650, 1671, 1700, 1675, 1702, 1747, 1750, 1727, 1362, 1377, 1372, 1733, 1762, 1737, 1324, 843, 846, 1307, 1282, 1297, 1292, 1313, 858, 1317, 860, 987, 886, 937, 956, 951, 932, 929, 916, 949, 918, 899, 962],
[1712, 1643, 1686, 1657, 1638, 1647, 1654, 1649, 1672, 1723, 1334, 1365, 1748, 1379, 1360, 1369, 1376, 1371, 1734, 1345, 870, 1285, 844, 1299, 1280, 1289, 1296, 1291, 1314, 881, 982, 985, 952, 933, 936, 915, 950, 913, 922, 927, 966, 995],
[1687, 1664, 1689, 1644, 1641, 1656, 1699, 1694, 1703, 1674, 1749, 1726, 1751, 1366, 1363, 1378, 1761, 1756, 1325, 1736, 845, 1306, 847, 1286, 1283, 1298, 857, 852, 861, 1316, 885, 940, 983, 938, 909, 912, 935, 926, 919, 948, 923, 900],
[1690, 1711, 1642, 1637, 1658, 1693, 1646, 1673, 1724, 1705, 1752, 1333, 1364, 1359, 1380, 1755, 1368, 1735, 1346, 1327, 848, 869, 1284, 1279, 1300, 851, 1288, 1315, 882, 863, 984, 981, 884, 941, 934, 943, 910, 921, 924, 969, 996, 967],
[1663, 1636, 1661, 1692, 1645, 1698, 1695, 1704, 1627, 1630, 1725, 1358, 1383, 1754, 1367, 1760, 1757, 1326, 1349, 1352, 1305, 1278, 1303, 850, 1287, 856, 853, 862, 1269, 1272, 883, 978, 939, 908, 911, 974, 925, 944, 947, 920, 901, 970],
[1710, 1691, 1634, 1697, 1708, 1659, 1632, 1629, 1706, 1625, 1332, 1753, 1356, 1759, 1330, 1381, 1354, 1351, 1328, 1347, 868, 849, 1276, 855, 866, 1301, 1274, 1271, 864, 1267, 980, 907, 976, 1001, 942, 905, 946, 999, 972, 903, 968, 997],
[1635, 1662, 1709, 1660, 1633, 1696, 1707, 1626, 1631, 1628, 1357, 1384, 1331, 1382, 1355, 1758, 1329, 1348, 1353, 1350, 1277, 1304, 867, 1302, 1275, 854, 865, 1268, 1273, 1270, 977, 1002, 979, 906, 975, 1000, 973, 904, 945, 998, 971, 902],
[1594, 1597, 1592, 1617, 1622, 1599, 1620, 1601, 1624, 1507, 1482, 1485, 1480, 1385, 1390, 1487, 1388, 1489, 1392, 1395, 1236, 1239, 1234, 1259, 1264, 1241, 1262, 1243, 1266, 1149, 1140, 1125, 1128, 1003, 1138, 1119, 1024, 1009, 1012, 1031, 1022, 1039],
[1591, 1616, 1595, 1598, 1619, 1544, 1623, 1506, 1577, 1602, 1479, 1504, 1483, 1486, 1387, 1432, 1391, 1394, 1465, 1490, 1233, 1258, 1237, 1240, 1261, 1186, 1265, 1148, 1219, 1244, 1127, 1146, 1139, 1118, 1129, 1004, 1011, 1030, 1023, 1038, 1013, 1032],
[1596, 1593, 1618, 1547, 1532, 1621, 1600, 1545, 1508, 1505, 1484, 1481, 1386, 1435, 1420, 1389, 1488, 1433, 1396, 1393, 1238, 1235, 1260, 1189, 1174, 1263, 1242, 1187, 1150, 1147, 1124, 1141, 1126, 1005, 1120, 1137, 1008, 1025, 1010, 1033, 1040, 1021],
[1615, 1590, 1531, 1528, 1551, 1546, 1543, 1576, 1603, 1578, 1503, 1478, 1419, 1416, 1439, 1434, 1431, 1464, 1491, 1466, 1257, 1232, 1173, 1170, 1193, 1188, 1185, 1218, 1245, 1220, 1145, 1134, 1143, 1130, 1117, 1006, 1029, 1018, 1027, 1014, 1037, 1034],
[1530, 1527, 1554, 1533, 1548, 1575, 1550, 1573, 1542, 1509, 1418, 1415, 1442, 1421, 1436, 1463, 1438, 1461, 1430, 1397, 1172, 1169, 1196, 1175, 1190, 1217, 1192, 1215, 1184, 1151, 1142, 1123, 1132, 1115, 1136, 1121, 1026, 1007, 1016, 1035, 1020, 1041],
[1589, 1614, 1529, 1552, 1569, 1572, 1541, 1510, 1579, 1604, 1477, 1502, 1417, 1440, 1457, 1460, 1429, 1398, 1467, 1492, 1231, 1256, 1171, 1194, 1211, 1214, 1183, 1152, 1221, 1246, 1133, 1144, 1135, 1122, 1131, 1116, 1017, 1028, 1019, 1042, 1015, 1036],
[1526, 1553, 1570, 1555, 1534, 1549, 1574, 1559, 1538, 1511, 1414, 1441, 1458, 1443, 1422, 1437, 1462, 1447, 1426, 1399, 1168, 1195, 1212, 1197, 1176, 1191, 1216, 1201, 1180, 1153, 1112, 1091, 1088, 1105, 1114, 1097, 1078, 1057, 1054, 1071, 1044, 1063],
[1613, 1588, 1525, 1568, 1571, 1558, 1563, 1540, 1605, 1580, 1501, 1476, 1413, 1456, 1459, 1446, 1451, 1428, 1493, 1468, 1255, 1230, 1167, 1210, 1213, 1200, 1205, 1182, 1247, 1222, 1089, 1106, 1113, 1098, 1087, 1104, 1055, 1072, 1043, 1064, 1053, 1070],
[1524, 1567, 1556, 1535, 1562, 1565, 1560, 1537, 1512, 1539, 1412, 1455, 1444, 1423, 1450, 1453, 1448, 1425, 1400, 1427, 1166, 1209, 1198, 1177, 1204, 1207, 1202, 1179, 1154, 1181, 1092, 1111, 1090, 1103, 1096, 1079, 1058, 1077, 1056, 1069, 1062, 1045],
[1587, 1612, 1521, 1566, 1557, 1536, 1515, 1564, 1581, 1606, 1475, 1500, 1409, 1454, 1445, 1424, 1403, 1452, 1469, 1494, 1229, 1254, 1163, 1208, 1199, 1178, 1157, 1206, 1223, 1248, 1107, 1082, 1109, 1086, 1099, 1102, 1073, 1048, 1075, 1052, 1065, 1068],
[1520, 1523, 1610, 1585, 1518, 1561, 1608, 1583, 1516, 1513, 1408, 1411, 1498, 1473, 1406, 1449, 1496, 1471, 1404, 1401, 1162, 1165, 1252, 1227, 1160, 1203, 1250, 1225, 1158, 1155, 1110, 1093, 1084, 1101, 1080, 1095, 1076, 1059, 1050, 1067, 1046, 1061],
[1611, 1586, 1519, 1522, 1609, 1584, 1517, 1514, 1607, 1582, 1499, 1474, 1407, 1410, 1497, 1472, 1405, 1402, 1495, 1470, 1253, 1228, 1161, 1164, 1251, 1226, 1159, 1156, 1249, 1224, 1083, 1108, 1081, 1094, 1085, 1100, 1049, 1074, 1047, 1060, 1051, 1066],
],
