[
[289, 242, 257, 254, 291, 244, 227, 252, 293, 296, 307, 310, 305, 406, 371, 312, 375, 408, 377, 314, 381, 410, 611, 564, 579, 576, 613, 566, 549, 574, 615, 618, 629, 632, 627, 728, 693, 634, 697, 730, 699, 636, 703, 732],
[256, 259, 290, 243, 226, 253, 292, 295, 276, 251, 304, 405, 308, 311, 374, 407, 348, 313, 334, 409, 378, 315, 578, 581, 612, 565, 548, 575, 614, 617, 598, 573, 626, 727, 630, 633, 696, 729, 670, 635, 656, 731, 700, 637],
[241, 288, 255, 258, 245, 214, 223, 228, 297, 294, 309, 306, 403, 370, 347, 372, 331, 376, 345, 380, 411, 382, 563, 610, 577, 580, 567, 536, 545, 550, 619, 616, 631, 628, 725, 692, 669, 694, 653, 698, 667, 702, 733, 704],
[260, 263, 240, 215, 230, 225, 246, 275, 250, 277, 404, 303, 354, 373, 368, 349, 346, 333, 366, 335, 316, 379, 582, 585, 562, 537, 552, 547, 568, 597, 572, 599, 726, 625, 676, 695, 690, 671, 668, 655, 688, 657, 638, 701],
[287, 218, 261, 232, 213, 222, 229, 224, 247, 298, 399, 402, 369, 350, 353, 332, 367, 330, 339, 344, 383, 412, 609, 540, 583, 554, 535, 544, 551, 546, 569, 620, 721, 724, 691, 672, 675, 654, 689, 652, 661, 666, 705, 734],
[262, 239, 264, 219, 216, 231, 274, 269, 278, 249, 302, 357, 400, 355, 326, 329, 352, 343, 336, 365, 340, 317, 584, 561, 586, 541, 538, 553, 596, 591, 600, 571, 624, 679, 722, 677, 648, 651, 674, 665, 658, 687, 662, 639],
[265, 286, 217, 212, 233, 268, 221, 248, 299, 280, 401, 398, 301, 358, 351, 360, 327, 338, 341, 386, 413, 384, 587, 608, 539, 534, 555, 590, 543, 570, 621, 602, 723, 720, 623, 680, 673, 682, 649, 660, 663, 708, 735, 706],
[238, 211, 236, 267, 220, 273, 270, 279, 202, 205, 300, 395, 356, 325, 328, 391, 342, 361, 364, 337, 318, 387, 560, 533, 558, 589, 542, 595, 592, 601, 524, 527, 622, 717, 678, 647, 650, 713, 664, 683, 686, 659, 640, 709],
[285, 266, 209, 272, 283, 234, 207, 204, 281, 200, 397, 324, 393, 418, 359, 322, 363, 416, 389, 320, 385, 414, 607, 588, 531, 594, 605, 556, 529, 526, 603, 522, 719, 646, 715, 740, 681, 644, 685, 738, 711, 642, 707, 736],
[210, 237, 284, 235, 208, 271, 282, 201, 206, 203, 394, 419, 396, 323, 392, 417, 390, 321, 362, 415, 388, 319, 532, 559, 606, 557, 530, 593, 604, 523, 528, 525, 716, 741, 718, 645, 714, 739, 712, 643, 684, 737, 710, 641],
[169, 172, 167, 192, 197, 174, 195, 176, 199, 82, 73, 58, 61, 420, 71, 52, 441, 426, 429, 448, 439, 456, 491, 494, 489, 514, 519, 496, 517, 498, 521, 888, 879, 864, 867, 742, 877, 858, 763, 748, 751, 770, 761, 778],
[166, 191, 170, 173, 194, 119, 198, 81, 152, 177, 60, 79, 72, 51, 62, 421, 428, 447, 440, 455, 430, 449, 488, 513, 492, 495, 516, 925, 520, 887, 958, 499, 866, 885, 878, 857, 868, 743, 750, 769, 762, 777, 752, 771],
[171, 168, 193, 122, 107, 196, 175, 120, 83, 80, 57, 74, 59, 422, 53, 70, 425, 442, 427, 450, 457, 438, 493, 490, 515, 928, 913, 518, 497, 926, 889, 886, 863, 880, 865, 744, 859, 876, 747, 764, 749, 772, 779, 760],
[190, 165, 106, 103, 126, 121, 118, 151, 178, 153, 78, 67, 76, 63, 50, 423, 446, 435, 444, 431, 454, 451, 512, 487, 912, 909, 932, 927, 924, 957, 500, 959, 884, 873, 882, 869, 856, 745, 768, 757, 766, 753, 776, 773],
[105, 102, 129, 108, 123, 150, 125, 148, 117, 84, 75, 56, 65, 48, 69, 54, 443, 424, 433, 452, 437, 458, 911, 908, 935, 914, 929, 956, 931, 954, 923, 890, 881, 862, 871, 854, 875, 860, 765, 746, 755, 774, 759, 780],
[164, 189, 104, 127, 144, 147, 116, 85, 154, 179, 66, 77, 68, 55, 64, 49, 434, 445, 436, 459, 432, 453, 486, 511, 910, 933, 950, 953, 922, 891, 960, 501, 872, 883, 874, 861, 870, 855, 756, 767, 758, 781, 754, 775],
[101, 128, 145, 130, 109, 124, 149, 134, 113, 86, 45, 24, 21, 38, 47, 30, 11, 474, 471, 4, 461, 480, 907, 934, 951, 936, 915, 930, 955, 940, 919, 892, 851, 830, 827, 844, 853, 836, 817, 796, 793, 810, 783, 802],
[188, 163, 100, 143, 146, 133, 138, 115, 180, 155, 22, 39, 46, 31, 20, 37, 472, 5, 460, 481, 470, 3, 510, 485, 906, 949, 952, 939, 944, 921, 502, 961, 828, 845, 852, 837, 826, 843, 794, 811, 782, 803, 792, 809],
[99, 142, 131, 110, 137, 140, 135, 112, 87, 114, 25, 44, 23, 36, 29, 12, 475, 10, 473, 2, 479, 462, 905, 948, 937, 916, 943, 946, 941, 918, 893, 920, 831, 850, 829, 842, 835, 818, 797, 816, 795, 808, 801, 784],
[162, 187, 96, 141, 132, 111, 90, 139, 156, 181, 40, 15, 42, 19, 32, 35, 6, 465, 8, 469, 482, 1, 484, 509, 902, 947, 938, 917, 896, 945, 962, 503, 846, 821, 848, 825, 838, 841, 812, 787, 814, 791, 804, 807],
[95, 98, 185, 160, 93, 136, 183, 158, 91, 88, 43, 26, 17, 34, 13, 28, 9, 476, 467, 0, 463, 478, 901, 904, 507, 966, 899, 942, 505, 964, 897, 894, 849, 832, 823, 840, 819, 834, 815, 798, 789, 806, 785, 800],
[186, 161, 94, 97, 184, 159, 92, 89, 182, 157, 16, 41, 14, 27, 18, 33, 466, 7, 464, 477, 468, 483, 508, 967, 900, 903, 506, 965, 898, 895, 504, 963, 822, 847, 820, 833, 824, 839, 788, 813, 786, 799, 790, 805],
[1843, 1796, 1811, 1808, 1845, 1798, 1781, 1806, 1847, 1850, 1861, 1864, 1859, 1476, 1925, 1866, 1929, 1478, 1931, 1868, 1935, 1480, 1451, 1404, 1419, 1416, 969, 1406, 1389, 1414, 971, 974, 985, 988, 983, 1084, 1049, 990, 1053, 1086, 1055, 992, 1059, 1088],
[1810, 1813, 1844, 1797, 1780, 1807, 1846, 1849, 1830, 1805, 1858, 1475, 1862, 1865, 1928, 1477, 1902, 1867, 1888, 1479, 1932, 1869, 1418, 1421, 968, 1405, 1388, 1415, 970, 973, 1438, 1413, 982, 1083, 986, 989, 1052, 1085, 1026, 991, 1012, 1087, 1056, 993],
[1795, 1842, 1809, 1812, 1799, 1768, 1777, 1782, 1851, 1848, 1863, 1860, 1473, 1924, 1901, 1926, 1885, 1930, 1899, 1934, 1481, 1452, 1403, 1450, 1417, 1420, 1407, 1376, 1385, 1390, 975, 972, 987, 984, 1081, 1048, 1025, 1050, 1009, 1054, 1023, 1058, 1089, 1060],
[1814, 1817, 1794, 1769, 1784, 1779, 1800, 1829, 1804, 1831, 1474, 1857, 1908, 1927, 1922, 1903, 1900, 1887, 1920, 1889, 1870, 1933, 1422, 1425, 1402, 1377, 1392, 1387, 1408, 1437, 1412, 1439, 1082, 981, 1032, 1051, 1046, 1027, 1024, 1011, 1044, 1013, 994, 1057],
[1841, 1772, 1815, 1786, 1767, 1776, 1783, 1778, 1801, 1852, 1469, 1472, 1923, 1904, 1907, 1886, 1921, 1884, 1893, 1898, 1453, 1482, 1449, 1380, 1423, 1394, 1375, 1384, 1391, 1386, 1409, 976, 1077, 1080, 1047, 1028, 1031, 1010, 1045, 1008, 1017, 1022, 1061, 1090],
[1816, 1793, 1818, 1773, 1770, 1785, 1828, 1823, 1832, 1803, 1856, 1911, 1470, 1909, 1880, 1883, 1906, 1897, 1890, 1919, 1894, 1871, 1424, 1401, 1426, 1381, 1378, 1393, 1436, 1431, 1440, 1411, 980, 1035, 1078, 1033, 1004, 1007, 1030, 1021, 1014, 1043, 1018, 995],
[1819, 1840, 1771, 1766, 1787, 1822, 1775, 1802, 1853, 1834, 1471, 1468, 1855, 1912, 1905, 1914, 1881, 1892, 1895, 1456, 1483, 1454, 1427, 1448, 1379, 1374, 1395, 1430, 1383, 1410, 977, 1442, 1079, 1076, 979, 1036, 1029, 1038, 1005, 1016, 1019, 1064, 1091, 1062],
[1792, 1765, 1790, 1821, 1774, 1827, 1824, 1833, 1756, 1759, 1854, 1465, 1910, 1879, 1882, 1461, 1896, 1915, 1918, 1891, 1872, 1457, 1400, 1373, 1398, 1429, 1382, 1435, 1432, 1441, 1364, 1367, 978, 1073, 1034, 1003, 1006, 1069, 1020, 1039, 1042, 1015, 996, 1065],
[1839, 1820, 1763, 1826, 1837, 1788, 1761, 1758, 1835, 1754, 1467, 1878, 1463, 1488, 1913, 1876, 1917, 1486, 1459, 1874, 1455, 1484, 1447, 1428, 1371, 1434, 1445, 1396, 1369, 1366, 1443, 1362, 1075, 1002, 1071, 1096, 1037, 1000, 1041, 1094, 1067, 998, 1063, 1092],
[1764, 1791, 1838, 1789, 1762, 1825, 1836, 1755, 1760, 1757, 1464, 1489, 1466, 1877, 1462, 1487, 1460, 1875, 1916, 1485, 1458, 1873, 1372, 1399, 1446, 1397, 1370, 1433, 1444, 1363, 1368, 1365, 1072, 1097, 1074, 1001, 1070, 1095, 1068, 999, 1040, 1093, 1066, 997],
[1723, 1726, 1721, 1746, 1751, 1728, 1749, 1730, 1753, 1636, 1627, 1612, 1615, 1490, 1625, 1606, 1511, 1496, 1499, 1518, 1509, 1526, 1331, 1334, 1329, 1354, 1359, 1336, 1357, 1338, 1361, 1244, 1235, 1220, 1223, 1098, 1233, 1214, 1119, 1104, 1107, 1126, 1117, 1134],
[1720, 1745, 1724, 1727, 1748, 1673, 1752, 1635, 1706, 1731, 1614, 1633, 1626, 1605, 1616, 1491, 1498, 1517, 1510, 1525, 1500, 1519, 1328, 1353, 1332, 1335, 1356, 1281, 1360, 1243, 1314, 1339, 1222, 1241, 1234, 1213, 1224, 1099, 1106, 1125, 1118, 1133, 1108, 1127],
[1725, 1722, 1747, 1676, 1661, 1750, 1729, 1674, 1637, 1634, 1611, 1628, 1613, 1492, 1607, 1624, 1495, 1512, 1497, 1520, 1527, 1508, 1333, 1330, 1355, 1284, 1269, 1358, 1337, 1282, 1245, 1242, 1219, 1236, 1221, 1100, 1215, 1232, 1103, 1120, 1105, 1128, 1135, 1116],
[1744, 1719, 1660, 1657, 1680, 1675, 1672, 1705, 1732, 1707, 1632, 1621, 1630, 1617, 1604, 1493, 1516, 1505, 1514, 1501, 1524, 1521, 1352, 1327, 1268, 1265, 1288, 1283, 1280, 1313, 1340, 1315, 1240, 1229, 1238, 1225, 1212, 1101, 1124, 1113, 1122, 1109, 1132, 1129],
[1659, 1656, 1683, 1662, 1677, 1704, 1679, 1702, 1671, 1638, 1629, 1610, 1619, 1602, 1623, 1608, 1513, 1494, 1503, 1522, 1507, 1528, 1267, 1264, 1291, 1270, 1285, 1312, 1287, 1310, 1279, 1246, 1237, 1218, 1227, 1210, 1231, 1216, 1121, 1102, 1111, 1130, 1115, 1136],
[1718, 1743, 1658, 1681, 1698, 1701, 1670, 1639, 1708, 1733, 1620, 1631, 1622, 1609, 1618, 1603, 1504, 1515, 1506, 1529, 1502, 1523, 1326, 1351, 1266, 1289, 1306, 1309, 1278, 1247, 1316, 1341, 1228, 1239, 1230, 1217, 1226, 1211, 1112, 1123, 1114, 1137, 1110, 1131],
[1655, 1682, 1699, 1684, 1663, 1678, 1703, 1688, 1667, 1640, 1599, 1578, 1575, 1592, 1601, 1584, 1565, 1544, 1541, 1558, 1531, 1550, 1263, 1290, 1307, 1292, 1271, 1286, 1311, 1296, 1275, 1248, 1207, 1186, 1183, 1200, 1209, 1192, 1173, 1152, 1149, 1166, 1139, 1158],
[1742, 1717, 1654, 1697, 1700, 1687, 1692, 1669, 1734, 1709, 1576, 1593, 1600, 1585, 1574, 1591, 1542, 1559, 1530, 1551, 1540, 1557, 1350, 1325, 1262, 1305, 1308, 1295, 1300, 1277, 1342, 1317, 1184, 1201, 1208, 1193, 1182, 1199, 1150, 1167, 1138, 1159, 1148, 1165],
[1653, 1696, 1685, 1664, 1691, 1694, 1689, 1666, 1641, 1668, 1579, 1598, 1577, 1590, 1583, 1566, 1545, 1564, 1543, 1556, 1549, 1532, 1261, 1304, 1293, 1272, 1299, 1302, 1297, 1274, 1249, 1276, 1187, 1206, 1185, 1198, 1191, 1174, 1153, 1172, 1151, 1164, 1157, 1140],
[1716, 1741, 1650, 1695, 1686, 1665, 1644, 1693, 1710, 1735, 1594, 1569, 1596, 1573, 1586, 1589, 1560, 1535, 1562, 1539, 1552, 1555, 1324, 1349, 1258, 1303, 1294, 1273, 1252, 1301, 1318, 1343, 1202, 1177, 1204, 1181, 1194, 1197, 1168, 1143, 1170, 1147, 1160, 1163],
[1649, 1652, 1739, 1714, 1647, 1690, 1737, 1712, 1645, 1642, 1597, 1580, 1571, 1588, 1567, 1582, 1563, 1546, 1537, 1554, 1533, 1548, 1257, 1260, 1347, 1322, 1255, 1298, 1345, 1320, 1253, 1250, 1205, 1188, 1179, 1196, 1175, 1190, 1171, 1154, 1145, 1162, 1141, 1156],
[1740, 1715, 1648, 1651, 1738, 1713, 1646, 1643, 1736, 1711, 1570, 1595, 1568, 1581, 1572, 1587, 1536, 1561, 1534, 1547, 1538, 1553, 1348, 1323, 1256, 1259, 1346, 1321, 1254, 1251, 1344, 1319, 1178, 1203, 1176, 1189, 1180, 1195, 1144, 1169, 1142, 1155, 1146, 1161],
],
