195,	242,	227,	230,	193,	240,	257,	232,	191,	188,	177,	174,	179,	78,		113,	172,	109,	76,		107,	170,	103,	74,		909,	906,	911,	930,	845,	904,	841,	928,	839,	902,	835,	926,	725,	722,	727,	746,	781,	720,	777,	744,	775,	718,	771,	742,	
228,	225,	194,	241,	258,	231,	192,	189,	208,	233,	180,	79,		176,	173,	110,	77,		136,	171,	150,	75,		106,	169,	912,	931,	908,	905,	842,	929,	868,	903,	882,	927,	838,	901,	728,	747,	724,	721,	778,	745,	804,	719,	818,	743,	774,	717,	
243,	196,	229,	226,	239,	270,	261,	256,	187,	190,	175,	178,	81,		114,	137,	112,	153,	108,	139,	104,	73,		102,	907,	910,	933,	846,	869,	844,	885,	840,	871,	836,	925,	834,	723,	726,	749,	782,	805,	780,	821,	776,	807,	772,	741,	770,	
224,	221,	244,	269,	254,	259,	238,	209,	234,	207,	80,		181,	130,	111,	116,	135,	138,	151,	118,	149,	168,	105,	932,	913,	862,	843,	848,	867,	870,	883,	850,	881,	900,	837,	748,	729,	798,	779,	784,	803,	806,	819,	786,	817,	716,	773,	
197,	266,	223,	252,	271,	262,	255,	260,	237,	186,	85,		82,		115,	134,	131,	152,	117,	154,	145,	140,	101,	72,		937,	934,	847,	866,	863,	884,	849,	886,	877,	872,	833,	924,	753,	750,	783,	802,	799,	820,	785,	822,	813,	808,	769,	740,	
222,	245,	220,	265,	268,	253,	210,	215,	206,	235,	182,	127,	84,		129,	158,	155,	132,	141,	148,	119,	144,	167,	914,	859,	936,	861,	890,	887,	864,	873,	880,	851,	876,	899,	730,	795,	752,	797,	826,	823,	800,	809,	816,	787,	812,	715,	
219,	198,	267,	272,	251,	216,	263,	236,	185,	204,	83,		86,		183,	126,	133,	124,	157,	146,	143,	98,		71,		100,	935,	938,	915,	858,	865,	856,	889,	878,	875,	830,	923,	832,	751,	754,	731,	794,	801,	792,	825,	814,	811,	766,	739,	768,	
246,	273,	248,	217,	264,	211,	214,	205,	282,	279,	184,	89,		128,	159,	156,	93,		142,	123,	120,	147,	166,	97,		916,	941,	860,	891,	888,	945,	874,	855,	852,	879,	898,	829,	732,	757,	796,	827,	824,	761,	810,	791,	788,	815,	714,	765,	
199,	218,	275,	212,	201,	250,	277,	280,	203,	284,	87,		160,	91,		66,		125,	162,	121,	68,		95,		164,	99,		70,		939,	892,	943,	918,	857,	894,	853,	920,	947,	896,	831,	922,	755,	828,	759,	734,	793,	710,	789,	736,	763,	712,	767,	738,	
274,	247,	200,	249,	276,	213,	202,	283,	278,	281,	90,		65,		88,		161,	92,		67,		94,		163,	122,	69,		96,		165,	942,	917,	940,	893,	944,	919,	946,	895,	854,	921,	948,	897,	758,	733,	756,	709,	760,	735,	762,	711,	790,	737,	764,	713,	
315,	312,	317,	292,	287,	310,	289,	308,	285,	402,	411,	426,	423,	64,		413,	432,	43,		58,		55,		36,		45,		28,		965,	980,	977,	958,	967,	986,	553,	952,	949,	546,	555,	538,	565,	694,	697,	572,	707,	688,	593,	578,	581,	600,	591,	608,	
318,	293,	314,	311,	290,	365,	286,	403,	332,	307,	424,	405,	412,	433,	422,	63,		56,		37,		44,		29,		54,		35,		978,	959,	966,	987,	976,	957,	950,	547,	554,	539,	564,	545,	696,	571,	708,	687,	698,	573,	580,	599,	592,	607,	582,	601,	
313,	316,	291,	362,	377,	288,	309,	364,	401,	404,	427,	410,	425,	62,		431,	414,	59,		42,		57,		34,		27,		46,		981,	964,	979,	956,	985,	968,	953,	552,	951,	544,	537,	556,	693,	566,	695,	574,	689,	706,	577,	594,	579,	602,	609,	590,	
294,	319,	378,	381,	358,	363,	366,	333,	306,	331,	406,	417,	408,	421,	434,	61,		38,		49,		40,		53,		30,		33,		960,	971,	962,	975,	988,	955,	548,	559,	550,	563,	540,	543,	570,	703,	568,	699,	686,	575,	598,	587,	596,	583,	606,	603,	
379,	382,	355,	376,	361,	334,	359,	336,	367,	400,	409,	428,	419,	436,	415,	430,	41,		60,		51,		32,		47,		26,		963,	982,	973,	990,	969,	984,	551,	954,	561,	542,	557,	536,	567,	692,	701,	684,	705,	690,	595,	576,	585,	604,	589,	610,	
320,	295,	380,	357,	340,	337,	368,	399,	330,	305,	418,	407,	416,	429,	420,	435,	50,		39,		48,		25,		52,		31,		972,	961,	970,	983,	974,	989,	560,	549,	558,	535,	562,	541,	702,	569,	704,	691,	700,	685,	586,	597,	588,	611,	584,	605,	
383,	356,	339,	354,	375,	360,	335,	350,	371,	398,	439,	460,	463,	446,	437,	454,	473,	10,		13,		480,	23,		4,		993,	486,	489,	1000,	991,	1008,	499,	520,	523,	506,	533,	514,	681,	660,	657,	674,	683,	666,	647,	626,	623,	640,	613,	632,	
296,	321,	384,	341,	338,	351,	346,	369,	304,	329,	462,	445,	438,	453,	464,	447,	12,		479,	24,		3,		14,		481,	488,	999,	992,	1007,	490,	1001,	522,	505,	534,	513,	524,	507,	658,	675,	682,	667,	656,	673,	624,	641,	612,	633,	622,	639,	
385,	342,	353,	374,	347,	344,	349,	372,	397,	370,	459,	440,	461,	448,	455,	472,	9,		474,	11,		482,	5,		22,		485,	994,	487,	1002,	1009,	498,	519,	500,	521,	508,	515,	532,	661,	680,	659,	672,	665,	648,	627,	646,	625,	638,	631,	614,	
322,	297,	388,	343,	352,	373,	394,	345,	328,	303,	444,	469,	442,	465,	452,	449,	478,	19,		476,	15,		2,		483,	998,	495,	996,	491,	1006,	1003,	504,	529,	502,	525,	512,	509,	676,	651,	678,	655,	668,	671,	642,	617,	644,	621,	634,	637,	
389,	386,	299,	324,	391,	348,	301,	326,	393,	396,	441,	458,	467,	450,	471,	456,	475,	8,		17,		0,		21,		6,		995,	484,	493,	1004,	497,	1010,	501,	518,	527,	510,	531,	516,	679,	662,	653,	670,	649,	664,	645,	628,	619,	636,	615,	630,	
298,	323,	390,	387,	300,	325,	392,	395,	302,	327,	468,	443,	470,	457,	466,	451,	18,		477,	20,		7,		16,		1,		494,	997,	496,	1011,	492,	1005,	528,	503,	530,	517,	526,	511,	652,	677,	650,	663,	654,	669,	618,	643,	616,	629,	620,	635,	
1758,	1641,	1756,	1661,	1666,	1643,	1664,	1645,	1668,	1671,	1613,	1628,	1625,	1606,	1615,	1634,	2113,	1600,	1597,	2106,	2115,	2098,	1587,	1026,	1023,	1580,	1013,	1032,	1559,	1574,	1571,	1552,	1561,	1544,	1181,	1196,	1193,	1174,	1183,	1202,	1153,	1168,	1165,	1146,	1155,	1138,	
1755,	1660,	1639,	1642,	1663,	1708,	1667,	1670,	1741,	1646,	1626,	1607,	1614,	1635,	1624,	1605,	1598,	2107,	2114,	2099,	1596,	2105,	1024,	1581,	1012,	1033,	1022,	1579,	1572,	1553,	1560,	1545,	1570,	1551,	1194,	1175,	1182,	1203,	1192,	1173,	1166,	1147,	1154,	1139,	1164,	1145,	
1640,	1757,	1662,	1711,	1696,	1665,	1644,	1709,	1672,	1669,	1629,	1612,	1627,	1604,	1633,	1616,	1601,	2112,	1599,	2104,	2097,	1588,	1027,	1586,	1025,	1578,	1031,	1014,	1575,	1558,	1573,	1550,	1543,	1562,	1197,	1180,	1195,	1172,	1201,	1184,	1169,	1152,	1167,	1144,	1137,	1156,	
1659,	1754,	1695,	1692,	1715,	1710,	1707,	1740,	1647,	1742,	1608,	1619,	1610,	1623,	1636,	1603,	2108,	1591,	2110,	1595,	2100,	2103,	1582,	1017,	1584,	1021,	1034,	1577,	1554,	1565,	1556,	1569,	1546,	1549,	1176,	1187,	1178,	1191,	1204,	1171,	1148,	1159,	1150,	1163,	1140,	1143,	
1694,	1691,	1718,	1697,	1712,	1739,	1714,	1737,	1706,	1673,	1611,	1630,	1621,	1638,	1617,	1632,	2111,	1602,	1593,	2102,	1589,	2096,	1585,	1028,	1019,	1036,	1015,	1030,	1557,	1576,	1567,	1548,	1563,	1542,	1179,	1198,	1189,	1206,	1185,	1200,	1151,	1170,	1161,	1142,	1157,	1136,	
1753,	1658,	1693,	1716,	1733,	1736,	1705,	1674,	1743,	1648,	1620,	1609,	1618,	1631,	1622,	1637,	1592,	2109,	1590,	2095,	1594,	2101,	1018,	1583,	1016,	1029,	1020,	1035,	1566,	1555,	1564,	1541,	1568,	1547,	1188,	1177,	1186,	1199,	1190,	1205,	1160,	1149,	1158,	1135,	1162,	1141,	
1690,	1717,	1734,	1719,	1698,	1713,	1738,	1723,	1702,	1675,	2025,	2046,	2049,	2032,	2023,	2040,	2059,	2080,	2083,	2066,	2093,	2074,	1039,	1060,	1063,	1046,	1037,	1054,	1073,	1526,	1529,	1080,	1539,	1520,	1209,	1086,	1089,	1216,	1207,	1224,	1099,	1120,	1123,	1106,	1133,	1114,	
1657,	1752,	1689,	1732,	1735,	1722,	1727,	1704,	1649,	1744,	2048,	2031,	2024,	2039,	2050,	2033,	2082,	2065,	2094,	2073,	2084,	2067,	1062,	1045,	1038,	1053,	1064,	1047,	1528,	1079,	1540,	1519,	1530,	1081,	1088,	1215,	1208,	1223,	1090,	1217,	1122,	1105,	1134,	1113,	1124,	1107,	
1688,	1731,	1720,	1699,	1726,	1729,	1724,	1701,	1676,	1703,	2045,	2026,	2047,	2034,	2041,	2058,	2079,	2060,	2081,	2068,	2075,	2092,	1059,	1040,	1061,	1048,	1055,	1072,	1525,	1074,	1527,	1082,	1521,	1538,	1085,	1210,	1087,	1218,	1225,	1098,	1119,	1100,	1121,	1108,	1115,	1132,	
1751,	1656,	1685,	1730,	1721,	1700,	1679,	1728,	1745,	1650,	2030,	2055,	2028,	2051,	2038,	2035,	2064,	2089,	2062,	2085,	2072,	2069,	1044,	1069,	1042,	1065,	1052,	1049,	1078,	1535,	1076,	1531,	1518,	1083,	1214,	1095,	1212,	1091,	1222,	1219,	1104,	1129,	1102,	1125,	1112,	1109,	
1684,	1687,	1654,	1749,	1682,	1725,	1652,	1747,	1680,	1677,	2027,	2044,	2053,	2036,	2057,	2042,	2061,	2078,	2087,	2070,	2091,	2076,	1041,	1058,	1067,	1050,	1071,	1056,	1075,	1524,	1533,	1516,	1537,	1522,	1211,	1084,	1093,	1220,	1097,	1226,	1101,	1118,	1127,	1110,	1131,	1116,	
1655,	1750,	1683,	1686,	1653,	1748,	1681,	1678,	1651,	1746,	2054,	2029,	2056,	2043,	2052,	2037,	2088,	2063,	2090,	2077,	2086,	2071,	1068,	1043,	1070,	1057,	1066,	1051,	1534,	1077,	1536,	1523,	1532,	1517,	1094,	1213,	1096,	1227,	1092,	1221,	1128,	1103,	1130,	1117,	1126,	1111,	
1878,	1761,	1876,	1781,	1786,	1763,	1784,	1765,	1788,	1791,	1997,	2012,	2009,	1990,	1999,	2018,	1969,	1984,	1981,	1962,	1971,	1954,	1397,	1412,	1409,	1390,	1399,	1418,	1513,	1384,	1381,	1506,	1515,	1498,	1371,	1242,	1239,	1364,	1229,	1248,	1343,	1358,	1355,	1336,	1345,	1328,	
1875,	1780,	1759,	1762,	1783,	1828,	1787,	1790,	1861,	1766,	2010,	1991,	1998,	2019,	2008,	1989,	1982,	1963,	1970,	1955,	1980,	1961,	1410,	1391,	1398,	1419,	1408,	1389,	1382,	1507,	1514,	1499,	1380,	1505,	1240,	1365,	1228,	1249,	1238,	1363,	1356,	1337,	1344,	1329,	1354,	1335,	
1760,	1877,	1782,	1831,	1816,	1785,	1764,	1829,	1792,	1789,	2013,	1996,	2011,	1988,	2017,	2000,	1985,	1968,	1983,	1960,	1953,	1972,	1413,	1396,	1411,	1388,	1417,	1400,	1385,	1512,	1383,	1504,	1497,	1372,	1243,	1370,	1241,	1362,	1247,	1230,	1359,	1342,	1357,	1334,	1327,	1346,	
1779,	1874,	1815,	1812,	1835,	1830,	1827,	1860,	1767,	1862,	1992,	2003,	1994,	2007,	2020,	1987,	1964,	1975,	1966,	1979,	1956,	1959,	1392,	1403,	1394,	1407,	1420,	1387,	1508,	1375,	1510,	1379,	1500,	1503,	1366,	1233,	1368,	1237,	1250,	1361,	1338,	1349,	1340,	1353,	1330,	1333,	
1814,	1811,	1838,	1817,	1832,	1859,	1834,	1857,	1826,	1793,	1995,	2014,	2005,	2022,	2001,	2016,	1967,	1986,	1977,	1958,	1973,	1952,	1395,	1414,	1405,	1422,	1401,	1416,	1511,	1386,	1377,	1502,	1373,	1496,	1369,	1244,	1235,	1252,	1231,	1246,	1341,	1360,	1351,	1332,	1347,	1326,	
1873,	1778,	1813,	1836,	1853,	1856,	1825,	1794,	1863,	1768,	2004,	1993,	2002,	2015,	2006,	2021,	1976,	1965,	1974,	1951,	1978,	1957,	1404,	1393,	1402,	1415,	1406,	1421,	1376,	1509,	1374,	1495,	1378,	1501,	1234,	1367,	1232,	1245,	1236,	1251,	1350,	1339,	1348,	1325,	1352,	1331,	
1810,	1837,	1854,	1839,	1818,	1833,	1858,	1843,	1822,	1795,	1881,	1902,	1905,	1888,	1879,	1896,	1915,	1936,	1939,	1922,	1949,	1930,	1425,	1446,	1449,	1432,	1423,	1440,	1459,	1480,	1483,	1466,	1493,	1474,	1255,	1276,	1279,	1262,	1253,	1270,	1289,	1310,	1313,	1296,	1323,	1304,	
1777,	1872,	1809,	1852,	1855,	1842,	1847,	1824,	1769,	1864,	1904,	1887,	1880,	1895,	1906,	1889,	1938,	1921,	1950,	1929,	1940,	1923,	1448,	1431,	1424,	1439,	1450,	1433,	1482,	1465,	1494,	1473,	1484,	1467,	1278,	1261,	1254,	1269,	1280,	1263,	1312,	1295,	1324,	1303,	1314,	1297,	
1808,	1851,	1840,	1819,	1846,	1849,	1844,	1821,	1796,	1823,	1901,	1882,	1903,	1890,	1897,	1914,	1935,	1916,	1937,	1924,	1931,	1948,	1445,	1426,	1447,	1434,	1441,	1458,	1479,	1460,	1481,	1468,	1475,	1492,	1275,	1256,	1277,	1264,	1271,	1288,	1309,	1290,	1311,	1298,	1305,	1322,	
1871,	1776,	1805,	1850,	1841,	1820,	1799,	1848,	1865,	1770,	1886,	1911,	1884,	1907,	1894,	1891,	1920,	1945,	1918,	1941,	1928,	1925,	1430,	1455,	1428,	1451,	1438,	1435,	1464,	1489,	1462,	1485,	1472,	1469,	1260,	1285,	1258,	1281,	1268,	1265,	1294,	1319,	1292,	1315,	1302,	1299,	
1804,	1807,	1774,	1869,	1802,	1845,	1772,	1867,	1800,	1797,	1883,	1900,	1909,	1892,	1913,	1898,	1917,	1934,	1943,	1926,	1947,	1932,	1427,	1444,	1453,	1436,	1457,	1442,	1461,	1478,	1487,	1470,	1491,	1476,	1257,	1274,	1283,	1266,	1287,	1272,	1291,	1308,	1317,	1300,	1321,	1306,	
1775,	1870,	1803,	1806,	1773,	1868,	1801,	1798,	1771,	1866,	1910,	1885,	1912,	1899,	1908,	1893,	1944,	1919,	1946,	1933,	1942,	1927,	1454,	1429,	1456,	1443,	1452,	1437,	1488,	1463,	1490,	1477,	1486,	1471,	1284,	1259,	1286,	1273,	1282,	1267,	1318,	1293,	1320,	1307,	1316,	1301,	
