[
[310, 295, 298, 317, 308, 289, 338, 323, 326, 345, 336, 353, 140, 125, 128, 147, 138, 119, 168, 153, 156, 175, 166, 183, 708, 723, 720, 701, 710, 729, 680, 695, 692, 673, 682, 665, 878, 893, 890, 871, 880, 899, 850, 865, 862, 843, 852, 835],
[297, 316, 309, 288, 299, 318, 325, 344, 337, 352, 327, 346, 127, 146, 139, 118, 129, 148, 155, 174, 167, 182, 157, 176, 721, 702, 709, 730, 719, 700, 693, 674, 681, 666, 691, 672, 891, 872, 879, 900, 889, 870, 863, 844, 851, 836, 861, 842],
[294, 311, 296, 319, 290, 307, 322, 339, 324, 347, 354, 335, 124, 141, 126, 149, 120, 137, 152, 169, 154, 177, 184, 165, 724, 707, 722, 699, 728, 711, 696, 679, 694, 671, 664, 683, 894, 877, 892, 869, 898, 881, 866, 849, 864, 841, 834, 853],
[315, 304, 313, 300, 287, 320, 343, 332, 341, 328, 351, 348, 145, 134, 143, 130, 117, 150, 173, 162, 171, 158, 181, 178, 703, 714, 705, 718, 731, 698, 675, 686, 677, 690, 667, 670, 873, 884, 875, 888, 901, 868, 845, 856, 847, 860, 837, 840],
[312, 293, 302, 285, 306, 291, 340, 321, 330, 349, 334, 355, 142, 123, 132, 115, 136, 121, 170, 151, 160, 179, 164, 185, 706, 725, 716, 733, 712, 727, 678, 697, 688, 669, 684, 663, 876, 895, 886, 903, 882, 897, 848, 867, 858, 839, 854, 833],
[303, 314, 305, 292, 301, 286, 331, 342, 333, 356, 329, 350, 133, 144, 135, 122, 131, 116, 161, 172, 163, 186, 159, 180, 715, 704, 713, 726, 717, 732, 687, 676, 685, 662, 689, 668, 885, 874, 883, 896, 887, 902, 857, 846, 855, 832, 859, 838],
[282, 261, 258, 275, 284, 267, 248, 371, 368, 241, 358, 377, 112, 235, 232, 105, 114, 97, 222, 201, 198, 215, 188, 207, 736, 757, 760, 743, 734, 751, 770, 647, 650, 777, 660, 641, 906, 783, 786, 913, 904, 921, 796, 817, 820, 803, 830, 811],
[259, 276, 283, 268, 257, 274, 369, 242, 357, 378, 367, 240, 233, 106, 113, 98, 231, 104, 199, 216, 187, 208, 197, 214, 759, 742, 735, 750, 761, 744, 649, 776, 661, 640, 651, 778, 785, 912, 905, 920, 787, 914, 819, 802, 831, 810, 821, 804],
[262, 281, 260, 273, 266, 249, 372, 247, 370, 239, 376, 359, 236, 111, 234, 103, 96, 223, 202, 221, 200, 213, 206, 189, 756, 737, 758, 745, 752, 769, 646, 771, 648, 779, 642, 659, 782, 907, 784, 915, 922, 795, 816, 797, 818, 805, 812, 829],
[277, 252, 279, 256, 269, 272, 243, 362, 245, 366, 379, 238, 107, 226, 109, 230, 99, 102, 217, 192, 219, 196, 209, 212, 741, 766, 739, 762, 749, 746, 775, 656, 773, 652, 639, 780, 911, 792, 909, 788, 919, 916, 801, 826, 799, 822, 809, 806],
[280, 263, 254, 271, 250, 265, 246, 373, 364, 381, 360, 375, 110, 237, 228, 101, 224, 95, 220, 203, 194, 211, 190, 205, 738, 755, 764, 747, 768, 753, 772, 645, 654, 637, 658, 643, 908, 781, 790, 917, 794, 923, 798, 815, 824, 807, 828, 813],
[253, 278, 251, 264, 255, 270, 363, 244, 361, 374, 365, 380, 227, 108, 225, 94, 229, 100, 193, 218, 191, 204, 195, 210, 765, 740, 767, 754, 763, 748, 655, 774, 657, 644, 653, 638, 791, 910, 793, 924, 789, 918, 825, 800, 827, 814, 823, 808],
[500, 485, 488, 507, 498, 479, 384, 513, 516, 391, 382, 399, 526, 79, 82, 533, 92, 73, 554, 539, 542, 561, 552, 569, 1094, 1109, 1106, 1087, 1096, 1115, 634, 1081, 1078, 627, 636, 619, 1068, 939, 936, 1061, 926, 945, 1040, 1055, 1052, 1033, 1042, 1025],
[487, 506, 499, 478, 489, 508, 515, 390, 383, 398, 517, 392, 81, 532, 93, 72, 83, 534, 541, 560, 553, 568, 543, 562, 1107, 1088, 1095, 1116, 1105, 1086, 1079, 628, 635, 620, 1077, 626, 937, 1062, 925, 946, 935, 1060, 1053, 1034, 1041, 1026, 1051, 1032],
[484, 501, 486, 509, 480, 497, 512, 385, 514, 393, 400, 525, 78, 527, 80, 535, 74, 91, 538, 555, 540, 563, 570, 551, 1110, 1093, 1108, 1085, 1114, 1097, 1082, 633, 1080, 625, 618, 1069, 940, 1067, 938, 1059, 944, 927, 1056, 1039, 1054, 1031, 1024, 1043],
[505, 494, 503, 490, 477, 510, 389, 522, 387, 518, 397, 394, 531, 88, 529, 84, 71, 536, 559, 548, 557, 544, 567, 564, 1089, 1100, 1091, 1104, 1117, 1084, 629, 1072, 631, 1076, 621, 624, 1063, 930, 1065, 934, 947, 1058, 1035, 1046, 1037, 1050, 1027, 1030],
[502, 483, 492, 475, 496, 481, 386, 511, 520, 395, 524, 401, 528, 77, 86, 69, 90, 75, 556, 537, 546, 565, 550, 571, 1092, 1111, 1102, 1119, 1098, 1113, 632, 1083, 1074, 623, 1070, 617, 1066, 941, 932, 949, 928, 943, 1038, 1057, 1048, 1029, 1044, 1023],
[493, 504, 495, 482, 491, 476, 521, 388, 523, 402, 519, 396, 87, 530, 89, 76, 85, 70, 547, 558, 549, 572, 545, 566, 1101, 1090, 1099, 1112, 1103, 1118, 1073, 630, 1071, 616, 1075, 622, 931, 1064, 929, 942, 933, 948, 1047, 1036, 1045, 1022, 1049, 1028],
[472, 451, 448, 465, 474, 457, 438, 417, 414, 431, 404, 423, 66, 45, 42, 59, 68, 51, 32, 11, 8, 25, 574, 17, 1122, 1143, 1146, 1129, 1120, 1137, 580, 601, 604, 587, 614, 595, 952, 973, 976, 959, 950, 967, 986, 1007, 1010, 993, 1020, 1001],
[449, 466, 473, 458, 447, 464, 415, 432, 403, 424, 413, 430, 43, 60, 67, 52, 41, 58, 9, 26, 573, 18, 7, 24, 1145, 1128, 1121, 1136, 1147, 1130, 603, 586, 615, 594, 605, 588, 975, 958, 951, 966, 977, 960, 1009, 992, 1021, 1000, 1011, 994],
[452, 471, 450, 463, 456, 439, 418, 437, 416, 429, 422, 405, 46, 65, 44, 57, 50, 33, 12, 31, 10, 23, 16, 575, 1142, 1123, 1144, 1131, 1138, 579, 600, 581, 602, 589, 596, 613, 972, 953, 974, 961, 968, 985, 1006, 987, 1008, 995, 1002, 1019],
[467, 442, 469, 446, 459, 462, 433, 408, 435, 412, 425, 428, 61, 36, 63, 40, 53, 56, 27, 2, 29, 6, 19, 22, 1127, 576, 1125, 1148, 1135, 1132, 585, 610, 583, 606, 593, 590, 957, 982, 955, 978, 965, 962, 991, 1016, 989, 1012, 999, 996],
[470, 453, 444, 461, 440, 455, 436, 419, 410, 427, 406, 421, 64, 47, 38, 55, 34, 49, 30, 13, 4, 21, 0, 15, 1124, 1141, 1150, 1133, 578, 1139, 582, 599, 608, 591, 612, 597, 954, 971, 980, 963, 984, 969, 988, 1005, 1014, 997, 1018, 1003],
[443, 468, 441, 454, 445, 460, 409, 434, 407, 420, 411, 426, 37, 62, 35, 48, 39, 54, 3, 28, 1, 14, 5, 20, 1151, 1126, 577, 1140, 1149, 1134, 609, 584, 611, 598, 607, 592, 981, 956, 983, 970, 979, 964, 1015, 990, 1017, 1004, 1013, 998],
[1854, 1839, 1842, 1861, 1852, 1833, 1882, 1867, 1870, 1889, 1880, 1897, 2260, 2245, 2248, 2267, 2258, 2239, 2288, 2273, 2276, 2295, 2286, 2303, 1164, 1725, 1152, 1171, 1162, 1719, 1192, 1177, 1180, 1199, 1190, 1207, 1570, 1555, 1558, 1577, 1568, 1549, 1598, 1583, 1586, 1605, 1596, 1613],
[1841, 1860, 1853, 1832, 1843, 1862, 1869, 1888, 1881, 1896, 1871, 1890, 2247, 2266, 2259, 2238, 2249, 2268, 2275, 2294, 2287, 2302, 2277, 2296, 1727, 1170, 1163, 1718, 1153, 1172, 1179, 1198, 1191, 1206, 1181, 1200, 1557, 1576, 1569, 1548, 1559, 1578, 1585, 1604, 1597, 1612, 1587, 1606],
[1838, 1855, 1840, 1863, 1834, 1851, 1866, 1883, 1868, 1891, 1898, 1879, 2244, 2261, 2246, 2269, 2240, 2257, 2272, 2289, 2274, 2297, 1728, 2285, 1724, 1165, 1726, 1173, 1720, 1161, 1176, 1193, 1178, 1201, 1208, 1189, 1554, 1571, 1556, 1579, 1550, 1567, 1582, 1599, 1584, 1607, 1614, 1595],
[1859, 1848, 1857, 1844, 1831, 1864, 1887, 1876, 1885, 1872, 1895, 1892, 2265, 2254, 2263, 2250, 2237, 2270, 2293, 2282, 2291, 2278, 2301, 2298, 1169, 1158, 1167, 1154, 1717, 1174, 1197, 1186, 1195, 1182, 1205, 1202, 1575, 1564, 1573, 1560, 1547, 1580, 1603, 1592, 1601, 1588, 1611, 1608],
[1856, 1837, 1846, 1829, 1850, 1835, 1884, 1865, 1874, 1893, 1878, 1899, 2262, 2243, 2252, 2235, 2256, 2241, 2290, 2271, 2280, 2299, 2284, 1729, 1166, 1723, 1156, 1715, 1160, 1721, 1194, 1175, 1184, 1203, 1188, 1209, 1572, 1553, 1562, 1545, 1566, 1551, 1600, 1581, 1590, 1609, 1594, 1615],
[1847, 1858, 1849, 1836, 1845, 1830, 1875, 1886, 1877, 1900, 1873, 1894, 2253, 2264, 2255, 2242, 2251, 2236, 2281, 2292, 2283, 1730, 2279, 2300, 1157, 1168, 1159, 1722, 1155, 1716, 1185, 1196, 1187, 1210, 1183, 1204, 1563, 1574, 1565, 1552, 1561, 1546, 1591, 1602, 1593, 1616, 1589, 1610],
[1826, 1805, 1802, 1819, 1828, 1811, 1792, 1915, 1912, 1785, 1902, 1921, 2232, 1779, 1776, 2225, 2234, 2217, 1766, 1745, 1742, 1759, 1732, 1751, 1712, 1691, 1688, 1705, 1714, 1697, 1678, 1225, 1222, 1671, 1212, 1231, 1542, 1665, 1662, 1535, 1544, 1527, 1652, 1631, 1628, 1645, 1618, 1637],
[1803, 1820, 1827, 1812, 1801, 1818, 1913, 1786, 1901, 1922, 1911, 1784, 1777, 2226, 2233, 2218, 1775, 2224, 1743, 1760, 1731, 1752, 1741, 1758, 1689, 1706, 1713, 1698, 1687, 1704, 1223, 1672, 1211, 1232, 1221, 1670, 1663, 1536, 1543, 1528, 1661, 1534, 1629, 1646, 1617, 1638, 1627, 1644],
[1806, 1825, 1804, 1817, 1810, 1793, 1916, 1791, 1914, 1783, 1920, 1903, 1780, 2231, 1778, 2223, 2216, 1767, 1746, 1765, 1744, 1757, 1750, 1733, 1692, 1711, 1690, 1703, 1696, 1679, 1226, 1677, 1224, 1669, 1230, 1213, 1666, 1541, 1664, 1533, 1526, 1653, 1632, 1651, 1630, 1643, 1636, 1619],
[1821, 1796, 1823, 1800, 1813, 1816, 1787, 1906, 1789, 1910, 1923, 1782, 2227, 1770, 2229, 1774, 2219, 2222, 1761, 1736, 1763, 1740, 1753, 1756, 1707, 1682, 1709, 1686, 1699, 1702, 1673, 1216, 1675, 1220, 1233, 1668, 1537, 1656, 1539, 1660, 1529, 1532, 1647, 1622, 1649, 1626, 1639, 1642],
[1824, 1807, 1798, 1815, 1794, 1809, 1790, 1917, 1908, 1925, 1904, 1919, 2230, 1781, 1772, 2221, 1768, 2215, 1764, 1747, 1738, 1755, 1734, 1749, 1710, 1693, 1684, 1701, 1680, 1695, 1676, 1227, 1218, 1235, 1214, 1229, 1540, 1667, 1658, 1531, 1654, 1525, 1650, 1633, 1624, 1641, 1620, 1635],
[1797, 1822, 1795, 1808, 1799, 1814, 1907, 1788, 1905, 1918, 1909, 1924, 1771, 2228, 1769, 2214, 1773, 2220, 1737, 1762, 1735, 1748, 1739, 1754, 1683, 1708, 1681, 1694, 1685, 1700, 1217, 1674, 1215, 1228, 1219, 1234, 1657, 1538, 1655, 1524, 1659, 1530, 1623, 1648, 1621, 1634, 1625, 1640],
[2044, 2029, 2032, 2051, 2042, 2023, 1928, 2057, 2060, 1935, 1926, 1943, 2070, 2199, 2202, 2077, 2212, 2193, 2098, 2083, 2086, 2105, 2096, 2113, 1354, 1339, 1342, 1361, 1352, 1333, 1238, 1367, 1370, 1245, 1236, 1253, 1380, 1509, 1512, 1387, 1522, 1503, 1408, 1393, 1396, 1415, 1406, 1423],
[2031, 2050, 2043, 2022, 2033, 2052, 2059, 1934, 1927, 1942, 2061, 1936, 2201, 2076, 2213, 2192, 2203, 2078, 2085, 2104, 2097, 2112, 2087, 2106, 1341, 1360, 1353, 1332, 1343, 1362, 1369, 1244, 1237, 1252, 1371, 1246, 1511, 1386, 1523, 1502, 1513, 1388, 1395, 1414, 1407, 1422, 1397, 1416],
[2028, 2045, 2030, 2053, 2024, 2041, 2056, 1929, 2058, 1937, 1944, 2069, 2198, 2071, 2200, 2079, 2194, 2211, 2082, 2099, 2084, 2107, 2114, 2095, 1338, 1355, 1340, 1363, 1334, 1351, 1366, 1239, 1368, 1247, 1254, 1379, 1508, 1381, 1510, 1389, 1504, 1521, 1392, 1409, 1394, 1417, 1424, 1405],
[2049, 2038, 2047, 2034, 2021, 2054, 1933, 2066, 1931, 2062, 1941, 1938, 2075, 2208, 2073, 2204, 2191, 2080, 2103, 2092, 2101, 2088, 2111, 2108, 1359, 1348, 1357, 1344, 1331, 1364, 1243, 1376, 1241, 1372, 1251, 1248, 1385, 1518, 1383, 1514, 1501, 1390, 1413, 1402, 1411, 1398, 1421, 1418],
[2046, 2027, 2036, 2019, 2040, 2025, 1930, 2055, 2064, 1939, 2068, 1945, 2072, 2197, 2206, 2189, 2210, 2195, 2100, 2081, 2090, 2109, 2094, 2115, 1356, 1337, 1346, 1329, 1350, 1335, 1240, 1365, 1374, 1249, 1378, 1255, 1382, 1507, 1516, 1499, 1520, 1505, 1410, 1391, 1400, 1419, 1404, 1425],
[2037, 2048, 2039, 2026, 2035, 2020, 2065, 1932, 2067, 1946, 2063, 1940, 2207, 2074, 2209, 2196, 2205, 2190, 2091, 2102, 2093, 2116, 2089, 2110, 1347, 1358, 1349, 1336, 1345, 1330, 1375, 1242, 1377, 1256, 1373, 1250, 1517, 1384, 1519, 1506, 1515, 1500, 1401, 1412, 1403, 1426, 1399, 1420],
[2016, 1995, 1992, 2009, 2018, 2001, 1982, 1961, 1958, 1975, 1948, 1967, 2186, 2165, 2162, 2179, 2188, 2171, 2152, 2131, 2128, 2145, 2118, 2137, 1326, 1305, 1302, 1319, 1328, 1311, 1292, 1271, 1268, 1285, 1258, 1277, 1496, 1475, 1472, 1489, 1498, 1481, 1462, 1441, 1438, 1455, 1428, 1447],
[1993, 2010, 2017, 2002, 1991, 2008, 1959, 1976, 1947, 1968, 1957, 1974, 2163, 2180, 2187, 2172, 2161, 2178, 2129, 2146, 2117, 2138, 2127, 2144, 1303, 1320, 1327, 1312, 1301, 1318, 1269, 1286, 1257, 1278, 1267, 1284, 1473, 1490, 1497, 1482, 1471, 1488, 1439, 1456, 1427, 1448, 1437, 1454],
[1996, 2015, 1994, 2007, 2000, 1983, 1962, 1981, 1960, 1973, 1966, 1949, 2166, 2185, 2164, 2177, 2170, 2153, 2132, 2151, 2130, 2143, 2136, 2119, 1306, 1325, 1304, 1317, 1310, 1293, 1272, 1291, 1270, 1283, 1276, 1259, 1476, 1495, 1474, 1487, 1480, 1463, 1442, 1461, 1440, 1453, 1446, 1429],
[2011, 1986, 2013, 1990, 2003, 2006, 1977, 1952, 1979, 1956, 1969, 1972, 2181, 2156, 2183, 2160, 2173, 2176, 2147, 2122, 2149, 2126, 2139, 2142, 1321, 1296, 1323, 1300, 1313, 1316, 1287, 1262, 1289, 1266, 1279, 1282, 1491, 1466, 1493, 1470, 1483, 1486, 1457, 1432, 1459, 1436, 1449, 1452],
[2014, 1997, 1988, 2005, 1984, 1999, 1980, 1963, 1954, 1971, 1950, 1965, 2184, 2167, 2158, 2175, 2154, 2169, 2150, 2133, 2124, 2141, 2120, 2135, 1324, 1307, 1298, 1315, 1294, 1309, 1290, 1273, 1264, 1281, 1260, 1275, 1494, 1477, 1468, 1485, 1464, 1479, 1460, 1443, 1434, 1451, 1430, 1445],
[1987, 2012, 1985, 1998, 1989, 2004, 1953, 1978, 1951, 1964, 1955, 1970, 2157, 2182, 2155, 2168, 2159, 2174, 2123, 2148, 2121, 2134, 2125, 2140, 1297, 1322, 1295, 1308, 1299, 1314, 1263, 1288, 1261, 1274, 1265, 1280, 1467, 1492, 1465, 1478, 1469, 1484, 1433, 1458, 1431, 1444, 1435, 1450],
],
