[
[363, 348, 351, 370, 361, 342, 391, 376, 379, 398, 389, 406, 169, 154, 157, 176, 167, 148, 221, 182, 203, 212, 193, 186, 201, 210, 1195, 1180, 1183, 1202, 1193, 1174, 1223, 1208, 1211, 1230, 1221, 1238, 1001, 986, 989, 1008, 999, 980, 1053, 1014, 1035, 1044, 1025, 1018, 1033, 1042],
[350, 369, 362, 341, 352, 371, 378, 397, 390, 405, 380, 399, 156, 175, 168, 147, 158, 177, 204, 213, 222, 183, 202, 211, 194, 185, 1182, 1201, 1194, 1173, 1184, 1203, 1210, 1229, 1222, 1237, 1212, 1231, 988, 1007, 1000, 979, 990, 1009, 1036, 1045, 1054, 1015, 1034, 1043, 1026, 1017],
[347, 364, 349, 372, 343, 360, 375, 392, 377, 400, 407, 388, 153, 170, 155, 178, 149, 166, 181, 220, 205, 192, 187, 184, 209, 200, 1179, 1196, 1181, 1204, 1175, 1192, 1207, 1224, 1209, 1232, 1239, 1220, 985, 1002, 987, 1010, 981, 998, 1013, 1052, 1037, 1024, 1019, 1016, 1041, 1032],
[368, 357, 366, 353, 340, 373, 396, 385, 394, 381, 404, 401, 174, 163, 172, 159, 146, 179, 214, 223, 216, 219, 226, 197, 190, 195, 1200, 1189, 1198, 1185, 1172, 1205, 1228, 1217, 1226, 1213, 1236, 1233, 1006, 995, 1004, 991, 978, 1011, 1046, 1055, 1048, 1051, 1058, 1029, 1022, 1027],
[365, 346, 355, 338, 359, 344, 393, 374, 383, 402, 387, 408, 171, 152, 161, 144, 165, 150, 217, 180, 225, 206, 191, 188, 199, 208, 1197, 1178, 1187, 1170, 1191, 1176, 1225, 1206, 1215, 1234, 1219, 1240, 1003, 984, 993, 976, 997, 982, 1049, 1012, 1057, 1038, 1023, 1020, 1031, 1040],
[356, 367, 358, 345, 354, 339, 384, 395, 386, 409, 382, 403, 162, 173, 164, 151, 160, 145, 224, 215, 218, 227, 198, 207, 196, 189, 1188, 1199, 1190, 1177, 1186, 1171, 1216, 1227, 1218, 1241, 1214, 1235, 994, 1005, 996, 983, 992, 977, 1056, 1047, 1050, 1059, 1030, 1039, 1028, 1021],
[335, 314, 311, 328, 337, 320, 301, 424, 421, 294, 411, 430, 141, 288, 285, 134, 143, 126, 229, 268, 247, 238, 257, 264, 249, 240, 1167, 1146, 1143, 1160, 1169, 1152, 1133, 1256, 1253, 1126, 1243, 1262, 973, 1120, 1117, 966, 975, 958, 1061, 1100, 1079, 1070, 1089, 1096, 1081, 1072],
[312, 329, 336, 321, 310, 327, 422, 295, 410, 431, 420, 293, 286, 135, 142, 127, 284, 133, 246, 237, 228, 267, 248, 239, 256, 265, 1144, 1161, 1168, 1153, 1142, 1159, 1254, 1127, 1242, 1263, 1252, 1125, 1118, 967, 974, 959, 1116, 965, 1078, 1069, 1060, 1099, 1080, 1071, 1088, 1097],
[315, 334, 313, 326, 319, 302, 425, 300, 423, 292, 429, 412, 289, 140, 287, 132, 125, 276, 269, 230, 245, 258, 263, 266, 241, 250, 1147, 1166, 1145, 1158, 1151, 1134, 1257, 1132, 1255, 1124, 1261, 1244, 1121, 972, 1119, 964, 957, 1108, 1101, 1062, 1077, 1090, 1095, 1098, 1073, 1082],
[330, 305, 332, 309, 322, 325, 296, 415, 298, 419, 432, 291, 136, 279, 138, 283, 128, 131, 236, 275, 234, 231, 272, 253, 260, 255, 1162, 1137, 1164, 1141, 1154, 1157, 1128, 1247, 1130, 1251, 1264, 1123, 968, 1111, 970, 1115, 960, 963, 1068, 1107, 1066, 1063, 1104, 1085, 1092, 1087],
[333, 316, 307, 324, 303, 318, 299, 426, 417, 434, 413, 428, 139, 290, 281, 130, 277, 124, 233, 270, 273, 244, 259, 262, 251, 242, 1165, 1148, 1139, 1156, 1135, 1150, 1131, 1258, 1249, 1266, 1245, 1260, 971, 1122, 1113, 962, 1109, 956, 1065, 1102, 1105, 1076, 1091, 1094, 1083, 1074],
[306, 331, 304, 317, 308, 323, 416, 297, 414, 427, 418, 433, 280, 137, 278, 123, 282, 129, 274, 235, 232, 271, 252, 243, 254, 261, 1138, 1163, 1136, 1149, 1140, 1155, 1248, 1129, 1246, 1259, 1250, 1265, 1112, 969, 1110, 955, 1114, 961, 1106, 1067, 1064, 1103, 1084, 1075, 1086, 1093],
[577, 562, 565, 584, 575, 556, 437, 590, 593, 444, 435, 452, 603, 108, 111, 610, 121, 102, 57, 66, 87, 96, 77, 70, 85, 94, 733, 718, 721, 740, 731, 712, 1269, 746, 749, 1276, 1267, 1284, 759, 940, 943, 766, 953, 934, 889, 898, 919, 928, 909, 902, 917, 926],
[564, 583, 576, 555, 566, 585, 592, 443, 436, 451, 594, 445, 110, 609, 122, 101, 112, 611, 88, 97, 58, 67, 86, 95, 78, 69, 720, 739, 732, 711, 722, 741, 748, 1275, 1268, 1283, 750, 1277, 942, 765, 954, 933, 944, 767, 920, 929, 890, 899, 918, 927, 910, 901],
[561, 578, 563, 586, 557, 574, 589, 438, 591, 446, 453, 602, 107, 604, 109, 612, 103, 120, 65, 56, 89, 76, 71, 68, 93, 84, 717, 734, 719, 742, 713, 730, 745, 1270, 747, 1278, 1285, 758, 939, 760, 941, 768, 935, 952, 897, 888, 921, 908, 903, 900, 925, 916],
[582, 571, 580, 567, 554, 587, 442, 599, 440, 595, 450, 447, 608, 117, 606, 113, 100, 613, 98, 59, 52, 55, 62, 81, 74, 79, 738, 727, 736, 723, 710, 743, 1274, 755, 1272, 751, 1282, 1279, 764, 949, 762, 945, 932, 769, 930, 891, 884, 887, 894, 913, 906, 911],
[579, 560, 569, 552, 573, 558, 439, 588, 597, 448, 601, 454, 605, 106, 115, 614, 119, 104, 53, 64, 61, 90, 75, 72, 83, 92, 735, 716, 725, 708, 729, 714, 1271, 744, 753, 1280, 757, 1286, 761, 938, 947, 770, 951, 936, 885, 896, 893, 922, 907, 904, 915, 924],
[570, 581, 572, 559, 568, 553, 598, 441, 600, 455, 596, 449, 116, 607, 118, 105, 114, 99, 60, 51, 54, 63, 82, 91, 80, 73, 726, 737, 728, 715, 724, 709, 754, 1273, 756, 1287, 752, 1281, 948, 763, 950, 937, 946, 931, 892, 883, 886, 895, 914, 923, 912, 905],
[507, 538, 515, 548, 551, 510, 503, 472, 495, 462, 459, 500, 659, 628, 651, 618, 615, 656, 9, 14, 671, 50, 27, 38, 673, 48, 1339, 694, 1347, 704, 707, 1342, 1335, 1304, 1327, 1294, 1291, 1332, 815, 784, 807, 774, 771, 812, 841, 846, 827, 882, 859, 870, 829, 880],
[516, 547, 506, 509, 514, 549, 494, 463, 456, 501, 496, 461, 650, 619, 660, 657, 652, 617, 670, 663, 10, 15, 672, 49, 36, 39, 1348, 703, 1338, 1341, 1346, 705, 1326, 1295, 1288, 1333, 1328, 1293, 806, 775, 816, 813, 808, 773, 826, 819, 842, 847, 828, 881, 868, 871],
[537, 508, 539, 550, 511, 504, 473, 502, 471, 460, 499, 458, 629, 658, 627, 616, 655, 662, 11, 8, 13, 28, 37, 26, 47, 674, 693, 1340, 695, 706, 1343, 1336, 1305, 1334, 1303, 1292, 1331, 1290, 785, 814, 783, 772, 811, 818, 843, 840, 845, 860, 869, 858, 879, 830],
[546, 517, 526, 505, 540, 513, 464, 493, 484, 457, 470, 497, 620, 649, 640, 661, 626, 653, 664, 669, 18, 25, 16, 23, 40, 35, 702, 1349, 682, 1337, 696, 1345, 1296, 1325, 1316, 1289, 1302, 1329, 776, 805, 796, 817, 782, 809, 820, 825, 850, 857, 848, 855, 872, 867],
[527, 536, 521, 512, 525, 532, 483, 474, 489, 498, 485, 478, 639, 630, 645, 654, 641, 634, 7, 12, 665, 22, 29, 34, 675, 46, 683, 692, 677, 1344, 681, 688, 1315, 1306, 1321, 1330, 1317, 1310, 795, 786, 801, 810, 797, 790, 839, 844, 821, 854, 861, 866, 831, 878],
[520, 545, 518, 531, 522, 541, 490, 465, 492, 479, 488, 469, 646, 621, 648, 635, 644, 625, 668, 19, 30, 17, 24, 43, 2, 41, 676, 701, 1350, 687, 678, 697, 1322, 1297, 1324, 1311, 1320, 1301, 802, 777, 804, 791, 800, 781, 824, 851, 862, 849, 856, 875, 834, 873],
[535, 528, 543, 524, 533, 530, 475, 482, 467, 486, 477, 480, 631, 638, 623, 642, 633, 636, 31, 6, 21, 666, 33, 4, 45, 0, 691, 684, 699, 680, 689, 686, 1307, 1314, 1299, 1318, 1309, 1312, 787, 794, 779, 798, 789, 792, 863, 838, 853, 822, 865, 836, 877, 832],
[544, 519, 534, 529, 542, 523, 466, 491, 476, 481, 468, 487, 622, 647, 632, 637, 624, 643, 20, 667, 32, 5, 44, 1, 42, 3, 700, 1351, 690, 685, 698, 679, 1298, 1323, 1308, 1313, 1300, 1319, 778, 803, 788, 793, 780, 799, 852, 823, 864, 837, 876, 833, 874, 835],
[2541, 2556, 2553, 2534, 2543, 2562, 2513, 2528, 2525, 2506, 2515, 2498, 2059, 2074, 2071, 2052, 2061, 2080, 2683, 2046, 2701, 2692, 2035, 2042, 2703, 2694, 2021, 2006, 2009, 1352, 2019, 2000, 1373, 1358, 1361, 1380, 1371, 1388, 1827, 1812, 1815, 1834, 1825, 1806, 1879, 1840, 1861, 1870, 1851, 1844, 1859, 1868],
[2554, 2535, 2542, 2563, 2552, 2533, 2526, 2507, 2514, 2499, 2524, 2505, 2072, 2053, 2060, 2081, 2070, 2051, 2700, 2691, 2682, 2045, 2702, 2693, 2034, 2043, 2008, 2027, 2020, 1999, 2010, 1353, 1360, 1379, 1372, 1387, 1362, 1381, 1814, 1833, 1826, 1805, 1816, 1835, 1862, 1871, 1880, 1841, 1860, 1869, 1852, 1843],
[2557, 2540, 2555, 2532, 2561, 2544, 2529, 2512, 2527, 2504, 2497, 2516, 2075, 2058, 2073, 2050, 2079, 2062, 2047, 2684, 2699, 2036, 2041, 2044, 2695, 2028, 2005, 2022, 2007, 1354, 2001, 2018, 1357, 1374, 1359, 1382, 1389, 1370, 1811, 1828, 1813, 1836, 1807, 1824, 1839, 1878, 1863, 1850, 1845, 1842, 1867, 1858],
[2536, 2547, 2538, 2551, 2564, 2531, 2508, 2519, 2510, 2523, 2500, 2503, 2054, 2065, 2056, 2069, 2082, 2049, 2690, 2681, 2688, 2685, 2678, 2031, 2038, 2033, 2026, 2015, 2024, 2011, 1998, 1355, 1378, 1367, 1376, 1363, 1386, 1383, 1832, 1821, 1830, 1817, 1804, 1837, 1872, 1881, 1874, 1877, 1884, 1855, 1848, 1853],
[2539, 2558, 2549, 2566, 2545, 2560, 2511, 2530, 2521, 2502, 2517, 2496, 2057, 2076, 2067, 2084, 2063, 2078, 2687, 2048, 2679, 2698, 2037, 2040, 2029, 2696, 2023, 2004, 2013, 1996, 2017, 2002, 1375, 1356, 1365, 1384, 1369, 1390, 1829, 1810, 1819, 1802, 1823, 1808, 1875, 1838, 1883, 1864, 1849, 1846, 1857, 1866],
[2548, 2537, 2546, 2559, 2550, 2565, 2520, 2509, 2518, 2495, 2522, 2501, 2066, 2055, 2064, 2077, 2068, 2083, 2680, 2689, 2686, 2677, 2030, 2697, 2032, 2039, 2014, 2025, 2016, 2003, 2012, 1997, 1366, 1377, 1368, 1391, 1364, 1385, 1820, 1831, 1822, 1809, 1818, 1803, 1882, 1873, 1876, 1885, 1856, 1865, 1854, 1847],
[2569, 2590, 2593, 2576, 2567, 2584, 2603, 2480, 2483, 2610, 2493, 2474, 2087, 2616, 2619, 2094, 2085, 2102, 2675, 2636, 2657, 2666, 2647, 2640, 2655, 2664, 1993, 1972, 1969, 1986, 1995, 1978, 1959, 1406, 1403, 1952, 1393, 1412, 1799, 1946, 1943, 1792, 1801, 1784, 1887, 1926, 1905, 1896, 1915, 1922, 1907, 1898],
[2592, 2575, 2568, 2583, 2594, 2577, 2482, 2609, 2494, 2473, 2484, 2611, 2618, 2093, 2086, 2101, 2620, 2095, 2658, 2667, 2676, 2637, 2656, 2665, 2648, 2639, 1970, 1987, 1994, 1979, 1968, 1985, 1404, 1953, 1392, 1413, 1402, 1951, 1944, 1793, 1800, 1785, 1942, 1791, 1904, 1895, 1886, 1925, 1906, 1897, 1914, 1923],
[2589, 2570, 2591, 2578, 2585, 2602, 2479, 2604, 2481, 2612, 2475, 2492, 2615, 2088, 2617, 2096, 2103, 2628, 2635, 2674, 2659, 2646, 2641, 2638, 2663, 2654, 1973, 1992, 1971, 1984, 1977, 1960, 1407, 1958, 1405, 1950, 1411, 1394, 1947, 1798, 1945, 1790, 1783, 1934, 1927, 1888, 1903, 1916, 1921, 1924, 1899, 1908],
[2574, 2599, 2572, 2595, 2582, 2579, 2608, 2489, 2606, 2485, 2472, 2613, 2092, 2625, 2090, 2621, 2100, 2097, 2668, 2629, 2670, 2673, 2632, 2651, 2644, 2649, 1988, 1963, 1990, 1967, 1980, 1983, 1954, 1397, 1956, 1401, 1414, 1949, 1794, 1937, 1796, 1941, 1786, 1789, 1894, 1933, 1892, 1889, 1930, 1911, 1918, 1913],
[2571, 2588, 2597, 2580, 2601, 2586, 2605, 2478, 2487, 2470, 2491, 2476, 2089, 2614, 2623, 2098, 2627, 2104, 2671, 2634, 2631, 2660, 2645, 2642, 2653, 2662, 1991, 1974, 1965, 1982, 1961, 1976, 1957, 1408, 1399, 1416, 1395, 1410, 1797, 1948, 1939, 1788, 1935, 1782, 1891, 1928, 1931, 1902, 1917, 1920, 1909, 1900],
[2598, 2573, 2600, 2587, 2596, 2581, 2488, 2607, 2490, 2477, 2486, 2471, 2624, 2091, 2626, 2105, 2622, 2099, 2630, 2669, 2672, 2633, 2652, 2661, 2650, 2643, 1964, 1989, 1962, 1975, 1966, 1981, 1398, 1955, 1396, 1409, 1400, 1415, 1938, 1795, 1936, 1781, 1940, 1787, 1932, 1893, 1890, 1929, 1910, 1901, 1912, 1919],
[2327, 2342, 2339, 2320, 2329, 2348, 2467, 2314, 2311, 2460, 2469, 2452, 2301, 2120, 2117, 2294, 2107, 2126, 2171, 2162, 2141, 2132, 2151, 2158, 2143, 2134, 1559, 1544, 1547, 1566, 1557, 1538, 1419, 1572, 1575, 1426, 1417, 1434, 1585, 1766, 1769, 1592, 1779, 1760, 1715, 1724, 1745, 1754, 1735, 1728, 1743, 1752],
[2340, 2321, 2328, 2349, 2338, 2319, 2312, 2461, 2468, 2453, 2310, 2459, 2118, 2295, 2106, 2127, 2116, 2293, 2140, 2131, 2170, 2161, 2142, 2133, 2150, 2159, 1546, 1565, 1558, 1537, 1548, 1567, 1574, 1425, 1418, 1433, 1576, 1427, 1768, 1591, 1780, 1759, 1770, 1593, 1746, 1755, 1716, 1725, 1744, 1753, 1736, 1727],
[2343, 2326, 2341, 2318, 2347, 2330, 2315, 2466, 2313, 2458, 2451, 2302, 2121, 2300, 2119, 2292, 2125, 2108, 2163, 2172, 2139, 2152, 2157, 2160, 2135, 2144, 1543, 1560, 1545, 1568, 1539, 1556, 1571, 1420, 1573, 1428, 1435, 1584, 1765, 1586, 1767, 1594, 1761, 1778, 1723, 1714, 1747, 1734, 1729, 1726, 1751, 1742],
[2322, 2333, 2324, 2337, 2350, 2317, 2462, 2305, 2464, 2309, 2454, 2457, 2296, 2111, 2298, 2115, 2128, 2291, 2130, 2169, 2176, 2173, 2166, 2147, 2154, 2149, 1564, 1553, 1562, 1549, 1536, 1569, 1424, 1581, 1422, 1577, 1432, 1429, 1590, 1775, 1588, 1771, 1758, 1595, 1756, 1717, 1710, 1713, 1720, 1739, 1732, 1737],
[2325, 2344, 2335, 2352, 2331, 2346, 2465, 2316, 2307, 2456, 2303, 2450, 2299, 2122, 2113, 2290, 2109, 2124, 2175, 2164, 2167, 2138, 2153, 2156, 2145, 2136, 1561, 1542, 1551, 1534, 1555, 1540, 1421, 1570, 1579, 1430, 1583, 1436, 1587, 1764, 1773, 1596, 1777, 1762, 1711, 1722, 1719, 1748, 1733, 1730, 1741, 1750],
[2334, 2323, 2332, 2345, 2336, 2351, 2306, 2463, 2304, 2449, 2308, 2455, 2112, 2297, 2110, 2123, 2114, 2129, 2168, 2177, 2174, 2165, 2146, 2137, 2148, 2155, 1552, 1563, 1554, 1541, 1550, 1535, 1580, 1423, 1582, 1437, 1578, 1431, 1774, 1589, 1776, 1763, 1772, 1757, 1718, 1709, 1712, 1721, 1740, 1749, 1738, 1731],
[2397, 2366, 2389, 2356, 2353, 2394, 2401, 2432, 2409, 2442, 2445, 2404, 2245, 2276, 2253, 2286, 2289, 2248, 2219, 2214, 2233, 2178, 2201, 2190, 2231, 2180, 1489, 1520, 1497, 1530, 1533, 1492, 1485, 1454, 1477, 1444, 1441, 1482, 1641, 1610, 1633, 1600, 1597, 1638, 1667, 1672, 1653, 1708, 1685, 1696, 1655, 1706],
[2388, 2357, 2398, 2395, 2390, 2355, 2410, 2441, 2448, 2403, 2408, 2443, 2254, 2285, 2244, 2247, 2252, 2287, 2234, 2241, 2218, 2213, 2232, 2179, 2192, 2189, 1498, 1529, 1488, 1491, 1496, 1531, 1476, 1445, 1438, 1483, 1478, 1443, 1632, 1601, 1642, 1639, 1634, 1599, 1652, 1645, 1668, 1673, 1654, 1707, 1694, 1697],
[2367, 2396, 2365, 2354, 2393, 2400, 2431, 2402, 2433, 2444, 2405, 2446, 2275, 2246, 2277, 2288, 2249, 2242, 2217, 2220, 2215, 2200, 2191, 2202, 2181, 2230, 1519, 1490, 1521, 1532, 1493, 1486, 1455, 1484, 1453, 1442, 1481, 1440, 1611, 1640, 1609, 1598, 1637, 1644, 1669, 1666, 1671, 1686, 1695, 1684, 1705, 1656],
[2358, 2387, 2378, 2399, 2364, 2391, 2440, 2411, 2420, 2447, 2434, 2407, 2284, 2255, 2264, 2243, 2278, 2251, 2240, 2235, 2210, 2203, 2212, 2205, 2188, 2193, 1528, 1499, 1508, 1487, 1522, 1495, 1446, 1475, 1466, 1439, 1452, 1479, 1602, 1631, 1622, 1643, 1608, 1635, 1646, 1651, 1676, 1683, 1674, 1681, 1698, 1693],
[2377, 2368, 2383, 2392, 2379, 2372, 2421, 2430, 2415, 2406, 2419, 2426, 2265, 2274, 2259, 2250, 2263, 2270, 2221, 2216, 2239, 2206, 2199, 2194, 2229, 2182, 1509, 1518, 1503, 1494, 1507, 1514, 1465, 1456, 1471, 1480, 1467, 1460, 1621, 1612, 1627, 1636, 1623, 1616, 1665, 1670, 1647, 1680, 1687, 1692, 1657, 1704],
[2384, 2359, 2386, 2373, 2382, 2363, 2414, 2439, 2412, 2425, 2416, 2435, 2258, 2283, 2256, 2269, 2260, 2279, 2236, 2209, 2198, 2211, 2204, 2185, 2226, 2187, 1502, 1527, 1500, 1513, 1504, 1523, 1472, 1447, 1474, 1461, 1470, 1451, 1628, 1603, 1630, 1617, 1626, 1607, 1650, 1677, 1688, 1675, 1682, 1701, 1660, 1699],
[2369, 2376, 2361, 2380, 2371, 2374, 2429, 2422, 2437, 2418, 2427, 2424, 2273, 2266, 2281, 2262, 2271, 2268, 2197, 2222, 2207, 2238, 2195, 2224, 2183, 2228, 1517, 1510, 1525, 1506, 1515, 1512, 1457, 1464, 1449, 1468, 1459, 1462, 1613, 1620, 1605, 1624, 1615, 1618, 1689, 1664, 1679, 1648, 1691, 1662, 1703, 1658],
[2360, 2385, 2370, 2375, 2362, 2381, 2438, 2413, 2428, 2423, 2436, 2417, 2282, 2257, 2272, 2267, 2280, 2261, 2208, 2237, 2196, 2223, 2184, 2227, 2186, 2225, 1526, 1501, 1516, 1511, 1524, 1505, 1448, 1473, 1458, 1463, 1450, 1469, 1604, 1629, 1614, 1619, 1606, 1625, 1678, 1649, 1690, 1663, 1702, 1659, 1700, 1661],
],
