[
[363, 348, 351, 370, 361, 342, 391, 376, 379, 398, 389, 406, 169, 154, 157, 176, 167, 148, 221, 182, 203, 212, 193, 186, 201, 210, 1219, 1234, 1231, 1212, 1221, 1240, 1167, 1206, 1185, 1176, 1195, 1202, 1187, 1178, 1007, 992, 995, 1014, 1005, 986, 1059, 1020, 1041, 1050, 1031, 1024, 1039, 1048],
[350, 369, 362, 341, 352, 371, 378, 397, 390, 405, 380, 399, 156, 175, 168, 147, 158, 177, 204, 213, 222, 183, 202, 211, 194, 185, 1232, 1213, 1220, 1241, 1230, 1211, 1184, 1175, 1166, 1205, 1186, 1177, 1194, 1203, 994, 1013, 1006, 985, 996, 1015, 1042, 1051, 1060, 1021, 1040, 1049, 1032, 1023],
[347, 364, 349, 372, 343, 360, 375, 392, 377, 400, 407, 388, 153, 170, 155, 178, 149, 166, 181, 220, 205, 192, 187, 184, 209, 200, 1235, 1218, 1233, 1210, 1239, 1222, 1207, 1168, 1183, 1196, 1201, 1204, 1179, 1188, 991, 1008, 993, 1016, 987, 1004, 1019, 1058, 1043, 1030, 1025, 1022, 1047, 1038],
[368, 357, 366, 353, 340, 373, 396, 385, 394, 381, 404, 401, 174, 163, 172, 159, 146, 179, 214, 223, 216, 219, 226, 197, 190, 195, 1214, 1225, 1216, 1229, 1242, 1209, 1174, 1165, 1172, 1169, 1162, 1191, 1198, 1193, 1012, 1001, 1010, 997, 984, 1017, 1052, 1061, 1054, 1057, 1064, 1035, 1028, 1033],
[365, 346, 355, 338, 359, 344, 393, 374, 383, 402, 387, 408, 171, 152, 161, 144, 165, 150, 217, 180, 225, 206, 191, 188, 199, 208, 1217, 1236, 1227, 1244, 1223, 1238, 1171, 1208, 1163, 1182, 1197, 1200, 1189, 1180, 1009, 990, 999, 982, 1003, 988, 1055, 1018, 1063, 1044, 1029, 1026, 1037, 1046],
[356, 367, 358, 345, 354, 339, 384, 395, 386, 409, 382, 403, 162, 173, 164, 151, 160, 145, 224, 215, 218, 227, 198, 207, 196, 189, 1226, 1215, 1224, 1237, 1228, 1243, 1164, 1173, 1170, 1161, 1190, 1181, 1192, 1199, 1000, 1011, 1002, 989, 998, 983, 1062, 1053, 1056, 1065, 1036, 1045, 1034, 1027],
[335, 314, 311, 328, 337, 320, 301, 424, 421, 294, 411, 430, 141, 288, 285, 134, 143, 126, 229, 268, 247, 238, 257, 264, 249, 240, 1247, 1268, 1271, 1254, 1245, 1262, 1159, 1288, 1141, 1150, 1131, 1292, 1139, 1148, 979, 1126, 1123, 972, 981, 964, 1067, 1106, 1085, 1076, 1095, 1102, 1087, 1078],
[312, 329, 336, 321, 310, 327, 422, 295, 410, 431, 420, 293, 286, 135, 142, 127, 284, 133, 246, 237, 228, 267, 248, 239, 256, 265, 1270, 1253, 1246, 1261, 1272, 1255, 1142, 1151, 1160, 1289, 1140, 1149, 1132, 1291, 1124, 973, 980, 965, 1122, 971, 1084, 1075, 1066, 1105, 1086, 1077, 1094, 1103],
[315, 334, 313, 326, 319, 302, 425, 300, 423, 292, 429, 412, 289, 140, 287, 132, 125, 276, 269, 230, 245, 258, 263, 266, 241, 250, 1267, 1248, 1269, 1256, 1263, 1280, 1287, 1158, 1143, 1130, 1293, 1290, 1147, 1138, 1127, 978, 1125, 970, 963, 1114, 1107, 1068, 1083, 1096, 1101, 1104, 1079, 1088],
[330, 305, 332, 309, 322, 325, 296, 415, 298, 419, 432, 291, 136, 279, 138, 283, 128, 131, 236, 275, 234, 231, 272, 253, 260, 255, 1252, 1277, 1250, 1273, 1260, 1257, 1152, 1281, 1154, 1157, 1284, 1135, 1128, 1133, 974, 1117, 976, 1121, 966, 969, 1074, 1113, 1072, 1069, 1110, 1091, 1098, 1093],
[333, 316, 307, 324, 303, 318, 299, 426, 417, 434, 413, 428, 139, 290, 281, 130, 277, 124, 233, 270, 273, 244, 259, 262, 251, 242, 1249, 1266, 1275, 1258, 1279, 1264, 1155, 1286, 1283, 1144, 1129, 1294, 1137, 1146, 977, 960, 1119, 968, 1115, 962, 1071, 1108, 1111, 1082, 1097, 1100, 1089, 1080],
[306, 331, 304, 317, 308, 323, 416, 297, 414, 427, 418, 433, 280, 137, 278, 123, 282, 129, 274, 235, 232, 271, 252, 243, 254, 261, 1276, 1251, 1278, 1265, 1274, 1259, 1282, 1153, 1156, 1285, 1136, 1145, 1134, 1295, 1118, 975, 1116, 961, 1120, 967, 1112, 1073, 1070, 1109, 1090, 1081, 1092, 1099],
[577, 562, 565, 584, 575, 556, 437, 590, 593, 444, 435, 452, 603, 108, 111, 610, 121, 102, 57, 66, 87, 96, 77, 70, 85, 94, 719, 734, 731, 712, 721, 740, 1317, 1308, 755, 746, 1297, 1304, 757, 748, 947, 766, 959, 940, 949, 772, 817, 808, 787, 778, 797, 804, 789, 780],
[564, 583, 576, 555, 566, 585, 592, 443, 436, 451, 594, 445, 110, 609, 122, 101, 112, 611, 88, 97, 58, 67, 86, 95, 78, 69, 732, 713, 720, 741, 730, 711, 754, 745, 1316, 1307, 756, 747, 1296, 1305, 764, 941, 948, 773, 958, 939, 786, 777, 816, 807, 788, 779, 796, 805],
[561, 578, 563, 586, 557, 574, 589, 438, 591, 446, 453, 602, 107, 604, 109, 612, 103, 120, 65, 56, 89, 76, 71, 68, 93, 84, 735, 718, 733, 710, 739, 722, 1309, 1318, 753, 1298, 1303, 1306, 749, 758, 767, 946, 765, 938, 771, 950, 809, 818, 785, 798, 803, 806, 781, 790],
[582, 571, 580, 567, 554, 587, 442, 599, 440, 595, 450, 447, 608, 117, 606, 113, 100, 613, 98, 59, 52, 55, 62, 81, 74, 79, 714, 725, 716, 729, 742, 709, 744, 1315, 1322, 1319, 1312, 761, 1300, 763, 942, 953, 944, 957, 774, 937, 776, 815, 822, 819, 812, 793, 800, 795],
[579, 560, 569, 552, 573, 558, 439, 588, 597, 448, 601, 454, 605, 106, 115, 614, 119, 104, 53, 64, 61, 90, 75, 72, 83, 92, 717, 736, 727, 708, 723, 738, 1321, 1310, 1313, 752, 1299, 1302, 759, 750, 945, 768, 955, 936, 951, 770, 821, 810, 813, 784, 799, 802, 791, 782],
[570, 581, 572, 559, 568, 553, 598, 441, 600, 455, 596, 449, 116, 607, 118, 105, 114, 99, 60, 51, 54, 63, 82, 91, 80, 73, 726, 715, 724, 737, 728, 743, 1314, 1323, 1320, 1311, 760, 751, 762, 1301, 954, 943, 952, 769, 956, 775, 814, 823, 820, 811, 792, 783, 794, 801],
[507, 538, 515, 548, 551, 510, 503, 472, 495, 462, 459, 500, 659, 628, 651, 618, 615, 656, 9, 14, 671, 50, 27, 38, 673, 48, 1391, 694, 1399, 704, 707, 1394, 1365, 1360, 1379, 1324, 1347, 1336, 1377, 1326, 891, 922, 899, 932, 935, 894, 865, 860, 879, 824, 847, 836, 877, 826],
[516, 547, 506, 509, 514, 549, 494, 463, 456, 501, 496, 461, 650, 619, 660, 657, 652, 617, 670, 663, 10, 15, 672, 49, 36, 39, 1400, 703, 1390, 1393, 1398, 705, 1380, 1387, 1364, 1359, 1378, 1325, 1338, 1335, 900, 931, 890, 893, 898, 933, 880, 887, 864, 859, 878, 825, 838, 835],
[537, 508, 539, 550, 511, 504, 473, 502, 471, 460, 499, 458, 629, 658, 627, 616, 655, 662, 11, 8, 13, 28, 37, 26, 47, 674, 693, 1392, 695, 706, 1395, 1388, 1363, 1366, 1361, 1346, 1337, 1348, 1327, 1376, 921, 892, 923, 934, 895, 888, 863, 866, 861, 846, 837, 848, 827, 876],
[546, 517, 526, 505, 540, 513, 464, 493, 484, 457, 470, 497, 620, 649, 640, 661, 626, 653, 664, 669, 18, 25, 16, 23, 40, 35, 702, 1401, 682, 1389, 696, 1397, 1386, 1381, 1356, 1349, 1358, 1351, 1334, 1339, 930, 901, 910, 889, 924, 897, 886, 881, 856, 849, 858, 851, 834, 839],
[527, 536, 521, 512, 525, 532, 483, 474, 489, 498, 485, 478, 639, 630, 645, 654, 641, 634, 7, 12, 665, 22, 29, 34, 675, 46, 683, 692, 677, 1396, 681, 688, 1367, 1362, 1385, 1352, 1345, 1340, 1375, 1328, 911, 920, 905, 896, 909, 916, 867, 862, 885, 852, 845, 840, 875, 828],
[520, 545, 518, 531, 522, 541, 490, 465, 492, 479, 488, 469, 646, 621, 648, 635, 644, 625, 668, 19, 30, 17, 24, 43, 2, 41, 676, 701, 1402, 687, 678, 697, 1382, 1355, 1344, 1357, 1350, 1331, 1372, 1333, 904, 929, 902, 915, 906, 925, 882, 855, 844, 857, 850, 831, 872, 833],
[535, 528, 543, 524, 533, 530, 475, 482, 467, 486, 477, 480, 631, 638, 623, 642, 633, 636, 31, 6, 21, 666, 33, 4, 45, 0, 691, 684, 699, 680, 689, 686, 1343, 1368, 1353, 1384, 1341, 1370, 1329, 1374, 919, 912, 927, 908, 917, 914, 843, 868, 853, 884, 841, 870, 829, 874],
[544, 519, 534, 529, 542, 523, 466, 491, 476, 481, 468, 487, 622, 647, 632, 637, 624, 643, 20, 667, 32, 5, 44, 1, 42, 3, 700, 1403, 690, 685, 698, 679, 1354, 1383, 1342, 1369, 1330, 1373, 1332, 1371, 928, 903, 918, 913, 926, 907, 854, 883, 842, 869, 830, 873, 832, 871],
[2733, 2748, 2745, 2726, 2735, 2754, 2705, 2720, 2717, 2698, 2707, 2690, 2877, 2892, 2889, 2870, 2879, 2898, 2215, 2206, 2913, 2904, 2195, 2202, 2915, 2906, 2181, 2166, 2169, 1404, 2179, 2160, 2115, 2124, 2145, 2154, 2135, 2128, 2143, 2152, 1513, 1528, 1525, 1506, 1515, 1534, 1579, 1570, 1549, 1540, 1559, 1566, 1551, 1542],
[2746, 2727, 2734, 2755, 2744, 2725, 2718, 2699, 2706, 2691, 2716, 2697, 2890, 2871, 2878, 2899, 2888, 2869, 2912, 2903, 2214, 2205, 2914, 2905, 2194, 2203, 2168, 2187, 2180, 2159, 2170, 1405, 2146, 2155, 2116, 2125, 2144, 2153, 2136, 2127, 1526, 1507, 1514, 1535, 1524, 1505, 1548, 1539, 1578, 1569, 1550, 1541, 1558, 1567],
[2749, 2732, 2747, 2724, 2753, 2736, 2721, 2704, 2719, 2696, 2689, 2708, 2893, 2876, 2891, 2868, 2897, 2880, 2207, 2216, 2911, 2196, 2201, 2204, 2907, 2188, 2165, 2182, 2167, 1406, 2161, 2178, 2123, 2114, 2147, 2134, 2129, 2126, 2151, 2142, 1529, 1512, 1527, 1504, 1533, 1516, 1571, 1580, 1547, 1560, 1565, 1568, 1543, 1552],
[2728, 2739, 2730, 2743, 2756, 2723, 2700, 2711, 2702, 2715, 2692, 2695, 2872, 2883, 2874, 2887, 2900, 2867, 2902, 2213, 2220, 2217, 2210, 2191, 2198, 2193, 2186, 2175, 2184, 2171, 2158, 1407, 2156, 2117, 2110, 2113, 2120, 2139, 2132, 2137, 1508, 1519, 1510, 1523, 1536, 1503, 1538, 1577, 1584, 1581, 1574, 1555, 1562, 1557],
[2731, 2750, 2741, 2758, 2737, 2752, 2703, 2722, 2713, 2694, 2709, 2688, 2875, 2894, 2885, 2866, 2881, 2896, 2219, 2208, 2211, 2910, 2197, 2200, 2189, 2908, 2183, 2164, 2173, 1408, 2177, 2162, 2111, 2122, 2119, 2148, 2133, 2130, 2141, 2150, 1511, 1530, 1521, 1502, 1517, 1532, 1583, 1572, 1575, 1546, 1561, 1564, 1553, 1544],
[2740, 2729, 2738, 2751, 2742, 2757, 2712, 2701, 2710, 2687, 2714, 2693, 2884, 2873, 2882, 2895, 2886, 2901, 2212, 2221, 2218, 2209, 2190, 2909, 2192, 2199, 2174, 2185, 2176, 2163, 2172, 2157, 2118, 2109, 2112, 2121, 2140, 2149, 2138, 2131, 1520, 1509, 1518, 1531, 1522, 1537, 1576, 1585, 1582, 1573, 1554, 1545, 1556, 1563],
[2803, 2772, 2795, 2762, 2759, 2800, 2807, 2670, 2815, 2680, 2683, 2810, 2289, 2852, 2297, 2862, 2865, 2292, 2263, 2258, 2277, 2222, 2245, 2234, 2275, 2224, 1453, 1422, 1445, 1412, 1409, 1450, 2067, 2072, 1465, 2108, 2085, 2096, 1467, 2106, 1653, 1488, 1661, 1498, 1501, 1656, 1627, 1622, 1641, 1586, 1609, 1598, 1639, 1588],
[2794, 2763, 2804, 2801, 2796, 2761, 2816, 2679, 2686, 2809, 2814, 2681, 2298, 2861, 2288, 2291, 2296, 2863, 2278, 2285, 2262, 2257, 2276, 2223, 2236, 2233, 1444, 1413, 1454, 1451, 1446, 1411, 1464, 1457, 2068, 2073, 1466, 2107, 2094, 2097, 1662, 1497, 1652, 1655, 1660, 1499, 1642, 1649, 1626, 1621, 1640, 1587, 1600, 1597],
[2773, 2802, 2771, 2760, 2799, 2806, 2669, 2808, 2671, 2682, 2811, 2684, 2851, 2290, 2853, 2864, 2293, 2286, 2261, 2264, 2259, 2244, 2235, 2246, 2225, 2274, 1423, 1452, 1421, 1410, 1449, 1456, 2069, 2066, 2071, 2086, 2095, 2084, 2105, 1468, 1487, 1654, 1489, 1500, 1657, 1650, 1625, 1628, 1623, 1608, 1599, 1610, 1589, 1638],
[2764, 2793, 2784, 2805, 2770, 2797, 2678, 2817, 2826, 2685, 2672, 2813, 2860, 2299, 2840, 2287, 2854, 2295, 2284, 2279, 2254, 2247, 2256, 2249, 2232, 2237, 1414, 1443, 1434, 1455, 1420, 1447, 1458, 1463, 2076, 2083, 2074, 2081, 2098, 2093, 1496, 1663, 1476, 1651, 1490, 1659, 1648, 1643, 1618, 1611, 1620, 1613, 1596, 1601],
[2783, 2774, 2789, 2798, 2785, 2778, 2827, 2668, 2821, 2812, 2825, 2832, 2841, 2850, 2835, 2294, 2839, 2846, 2265, 2260, 2283, 2250, 2243, 2238, 2273, 2226, 1433, 1424, 1439, 1448, 1435, 1428, 2065, 2070, 1459, 2080, 2087, 2092, 1469, 2104, 1477, 1486, 1471, 1658, 1475, 1482, 1629, 1624, 1647, 1614, 1607, 1602, 1637, 1590],
[2790, 2765, 2792, 2779, 2788, 2769, 2820, 2677, 2818, 2831, 2822, 2673, 2834, 2859, 2300, 2845, 2836, 2855, 2280, 2253, 2242, 2255, 2248, 2229, 2270, 2231, 1440, 1415, 1442, 1429, 1438, 1419, 1462, 2077, 2088, 2075, 2082, 2101, 2060, 2099, 1470, 1495, 1664, 1481, 1472, 1491, 1644, 1617, 1606, 1619, 1612, 1593, 1634, 1595],
[2775, 2782, 2767, 2786, 2777, 2780, 2667, 2828, 2675, 2824, 2833, 2830, 2849, 2842, 2857, 2838, 2847, 2844, 2241, 2266, 2251, 2282, 2239, 2268, 2227, 2272, 1425, 1432, 1417, 1436, 1427, 1430, 2089, 2064, 2079, 1460, 2091, 2062, 2103, 2058, 1485, 1478, 1493, 1474, 1483, 1480, 1605, 1630, 1615, 1646, 1603, 1632, 1591, 1636],
[2766, 2791, 2776, 2781, 2768, 2787, 2676, 2819, 2666, 2829, 2674, 2823, 2858, 2301, 2848, 2843, 2856, 2837, 2252, 2281, 2240, 2267, 2228, 2271, 2230, 2269, 1416, 1441, 1426, 1431, 1418, 1437, 2078, 1461, 2090, 2063, 2102, 2059, 2100, 2061, 1494, 1665, 1484, 1479, 1492, 1473, 1616, 1645, 1604, 1631, 1592, 1635, 1594, 1633],
[2523, 2538, 2535, 2516, 2525, 2544, 2663, 2510, 2507, 2656, 2665, 2648, 2491, 2476, 2479, 2302, 2489, 2470, 2425, 2434, 2455, 2464, 2445, 2438, 2453, 2462, 2019, 2034, 2031, 2012, 2021, 2040, 1889, 1880, 2055, 2046, 1869, 1876, 2057, 2048, 1855, 1840, 1843, 1666, 1853, 1834, 1789, 1798, 1819, 1828, 1809, 1802, 1817, 1826],
[2536, 2517, 2524, 2545, 2534, 2515, 2508, 2657, 2664, 2649, 2506, 2655, 2478, 2497, 2490, 2469, 2480, 2303, 2456, 2465, 2426, 2435, 2454, 2463, 2446, 2437, 2032, 2013, 2020, 2041, 2030, 2011, 2054, 2045, 1888, 1879, 2056, 2047, 1868, 1877, 1842, 1861, 1854, 1833, 1844, 1667, 1820, 1829, 1790, 1799, 1818, 1827, 1810, 1801],
[2539, 2522, 2537, 2514, 2543, 2526, 2511, 2662, 2509, 2654, 2647, 2498, 2475, 2492, 2477, 2304, 2471, 2488, 2433, 2424, 2457, 2444, 2439, 2436, 2461, 2452, 2035, 2018, 2033, 2010, 2039, 2022, 1881, 1890, 2053, 1870, 1875, 1878, 2049, 1862, 1839, 1856, 1841, 1668, 1835, 1852, 1797, 1788, 1821, 1808, 1803, 1800, 1825, 1816],
[2518, 2529, 2520, 2533, 2546, 2513, 2658, 2501, 2660, 2505, 2650, 2653, 2496, 2485, 2494, 2481, 2468, 2305, 2466, 2427, 2420, 2423, 2430, 2449, 2442, 2447, 2014, 2025, 2016, 2029, 2042, 2009, 2044, 1887, 1894, 1891, 1884, 1865, 1872, 1867, 1860, 1849, 1858, 1845, 1832, 1669, 1830, 1791, 1784, 1787, 1794, 1813, 1806, 1811],
[2521, 2540, 2531, 2548, 2527, 2542, 2661, 2512, 2503, 2652, 2499, 2646, 2493, 2474, 2483, 2306, 2487, 2472, 2421, 2432, 2429, 2458, 2443, 2440, 2451, 2460, 2017, 2036, 2027, 2008, 2023, 2038, 1893, 1882, 1885, 2052, 1871, 1874, 1863, 2050, 1857, 1838, 1847, 1670, 1851, 1836, 1785, 1796, 1793, 1822, 1807, 1804, 1815, 1824],
[2530, 2519, 2528, 2541, 2532, 2547, 2502, 2659, 2500, 2645, 2504, 2651, 2484, 2495, 2486, 2473, 2482, 2467, 2428, 2419, 2422, 2431, 2450, 2459, 2448, 2441, 2026, 2015, 2024, 2037, 2028, 2043, 1886, 1895, 1892, 1883, 1864, 2051, 1866, 1873, 1848, 1859, 1850, 1837, 1846, 1831, 1792, 1783, 1786, 1795, 1814, 1823, 1812, 1805],
[2593, 2562, 2585, 2552, 2549, 2590, 2597, 2628, 2605, 2638, 2641, 2600, 2351, 2320, 2343, 2310, 2307, 2348, 2377, 2382, 2363, 2418, 2395, 2406, 2365, 2416, 1963, 1994, 1971, 2004, 2007, 1966, 1937, 1932, 1951, 1896, 1919, 1908, 1949, 1898, 1715, 1684, 1707, 1674, 1671, 1712, 1741, 1746, 1727, 1782, 1759, 1770, 1729, 1780],
[2584, 2553, 2594, 2591, 2586, 2551, 2606, 2637, 2644, 2599, 2604, 2639, 2342, 2311, 2352, 2349, 2344, 2309, 2362, 2355, 2378, 2383, 2364, 2417, 2404, 2407, 1972, 2003, 1962, 1965, 1970, 2005, 1952, 1959, 1936, 1931, 1950, 1897, 1910, 1907, 1706, 1675, 1716, 1713, 1708, 1673, 1726, 1719, 1742, 1747, 1728, 1781, 1768, 1771],
[2563, 2592, 2561, 2550, 2589, 2596, 2627, 2598, 2629, 2640, 2601, 2642, 2321, 2350, 2319, 2308, 2347, 2354, 2379, 2376, 2381, 2396, 2405, 2394, 2415, 2366, 1993, 1964, 1995, 2006, 1967, 1960, 1935, 1938, 1933, 1918, 1909, 1920, 1899, 1948, 1685, 1714, 1683, 1672, 1711, 1718, 1743, 1740, 1745, 1760, 1769, 1758, 1779, 1730],
[2554, 2583, 2574, 2595, 2560, 2587, 2636, 2607, 2616, 2643, 2630, 2603, 2312, 2341, 2332, 2353, 2318, 2345, 2356, 2361, 2386, 2393, 2384, 2391, 2408, 2403, 2002, 1973, 1982, 1961, 1996, 1969, 1958, 1953, 1928, 1921, 1930, 1923, 1906, 1911, 1676, 1705, 1696, 1717, 1682, 1709, 1720, 1725, 1750, 1757, 1748, 1755, 1772, 1767],
[2573, 2564, 2579, 2588, 2575, 2568, 2617, 2626, 2611, 2602, 2615, 2622, 2331, 2322, 2337, 2346, 2333, 2326, 2375, 2380, 2357, 2390, 2397, 2402, 2367, 2414, 1983, 1992, 1977, 1968, 1981, 1988, 1939, 1934, 1957, 1924, 1917, 1912, 1947, 1900, 1695, 1686, 1701, 1710, 1697, 1690, 1739, 1744, 1721, 1754, 1761, 1766, 1731, 1778],
[2580, 2555, 2582, 2569, 2578, 2559, 2610, 2635, 2608, 2621, 2612, 2631, 2338, 2313, 2340, 2327, 2336, 2317, 2360, 2387, 2398, 2385, 2392, 2411, 2370, 2409, 1976, 2001, 1974, 1987, 1978, 1997, 1954, 1927, 1916, 1929, 1922, 1903, 1944, 1905, 1702, 1677, 1704, 1691, 1700, 1681, 1724, 1751, 1762, 1749, 1756, 1775, 1734, 1773],
[2565, 2572, 2557, 2576, 2567, 2570, 2625, 2618, 2633, 2614, 2623, 2620, 2323, 2330, 2315, 2334, 2325, 2328, 2399, 2374, 2389, 2358, 2401, 2372, 2413, 2368, 1991, 1984, 1999, 1980, 1989, 1986, 1915, 1940, 1925, 1956, 1913, 1942, 1901, 1946, 1687, 1694, 1679, 1698, 1689, 1692, 1763, 1738, 1753, 1722, 1765, 1736, 1777, 1732],
[2556, 2581, 2566, 2571, 2558, 2577, 2634, 2609, 2624, 2619, 2632, 2613, 2314, 2339, 2324, 2329, 2316, 2335, 2388, 2359, 2400, 2373, 2412, 2369, 2410, 2371, 2000, 1975, 1990, 1985, 1998, 1979, 1926, 1955, 1914, 1941, 1902, 1945, 1904, 1943, 1678, 1703, 1688, 1693, 1680, 1699, 1752, 1723, 1764, 1737, 1776, 1733, 1774, 1735],
],
