[
[380, 395, 392, 373, 382, 401, 446, 437, 416, 407, 426, 433, 418, 409, 264, 249, 252, 271, 262, 243, 198, 207, 228, 237, 218, 211, 226, 235, 964, 949, 952, 971, 962, 943, 898, 907, 928, 937, 918, 911, 926, 935, 1080, 1095, 1092, 1073, 1082, 1101, 1146, 1137, 1116, 1107, 1126, 1133, 1118, 1109],
[393, 374, 381, 402, 391, 372, 415, 406, 445, 436, 417, 408, 425, 434, 251, 270, 263, 242, 253, 272, 229, 238, 199, 208, 227, 236, 219, 210, 951, 970, 963, 942, 953, 972, 929, 938, 899, 908, 927, 936, 919, 910, 1093, 1074, 1081, 1102, 1091, 1072, 1115, 1106, 1145, 1136, 1117, 1108, 1125, 1134],
[396, 379, 394, 371, 400, 383, 438, 447, 414, 427, 432, 435, 410, 419, 248, 265, 250, 273, 244, 261, 206, 197, 230, 217, 212, 209, 234, 225, 948, 965, 950, 973, 944, 961, 906, 897, 930, 917, 912, 909, 934, 925, 1096, 1079, 1094, 1071, 1100, 1083, 1138, 1147, 1114, 1127, 1132, 1135, 1110, 1119],
[375, 386, 377, 390, 403, 370, 405, 444, 451, 448, 441, 422, 429, 424, 269, 258, 267, 254, 241, 274, 239, 200, 193, 196, 203, 222, 215, 220, 969, 958, 967, 954, 941, 974, 939, 900, 893, 896, 903, 922, 915, 920, 1075, 1086, 1077, 1090, 1103, 1070, 1105, 1144, 1151, 1148, 1141, 1122, 1129, 1124],
[378, 397, 388, 369, 384, 399, 450, 439, 442, 413, 428, 431, 420, 411, 266, 247, 256, 275, 260, 245, 194, 205, 202, 231, 216, 213, 224, 233, 966, 947, 956, 975, 960, 945, 894, 905, 902, 931, 916, 913, 924, 933, 1078, 1097, 1088, 1069, 1084, 1099, 1150, 1139, 1142, 1113, 1128, 1131, 1120, 1111],
[387, 376, 385, 398, 389, 404, 443, 452, 449, 440, 421, 412, 423, 430, 257, 268, 259, 246, 255, 240, 201, 192, 195, 204, 223, 232, 221, 214, 957, 968, 959, 946, 955, 940, 901, 892, 895, 904, 923, 932, 921, 914, 1087, 1076, 1085, 1098, 1089, 1104, 1143, 1152, 1149, 1140, 1121, 1112, 1123, 1130],
[324, 355, 332, 365, 368, 327, 494, 489, 312, 453, 476, 465, 310, 455, 124, 289, 116, 279, 276, 121, 150, 155, 136, 191, 168, 179, 138, 189, 1020, 989, 1012, 979, 976, 1017, 850, 855, 1032, 891, 868, 879, 1034, 889, 1220, 1055, 1228, 1065, 1068, 1223, 1194, 1189, 1208, 1153, 1176, 1165, 1206, 1155],
[333, 364, 323, 326, 331, 366, 313, 320, 493, 488, 311, 454, 467, 464, 115, 280, 125, 122, 117, 278, 135, 128, 151, 156, 137, 190, 177, 180, 1011, 980, 1021, 1018, 1013, 978, 1031, 1024, 851, 856, 1033, 890, 877, 880, 1229, 1064, 1219, 1222, 1227, 1066, 1209, 1216, 1193, 1188, 1207, 1154, 1167, 1164],
[354, 325, 356, 367, 328, 321, 492, 495, 490, 475, 466, 477, 456, 309, 290, 123, 288, 277, 120, 127, 152, 149, 154, 169, 178, 167, 188, 139, 990, 1019, 988, 977, 1016, 1023, 852, 849, 854, 869, 878, 867, 888, 1035, 1054, 1221, 1056, 1067, 1224, 1217, 1192, 1195, 1190, 1175, 1166, 1177, 1156, 1205],
[363, 334, 343, 322, 357, 330, 319, 314, 485, 478, 487, 480, 463, 468, 281, 114, 301, 126, 287, 118, 129, 134, 159, 166, 157, 164, 181, 176, 981, 1010, 1001, 1022, 987, 1014, 1025, 1030, 859, 866, 857, 864, 881, 876, 1063, 1230, 1043, 1218, 1057, 1226, 1215, 1210, 1185, 1178, 1187, 1180, 1163, 1168],
[344, 353, 338, 329, 342, 349, 496, 491, 318, 481, 474, 469, 308, 457, 300, 291, 306, 119, 302, 295, 148, 153, 130, 163, 170, 175, 140, 187, 1000, 991, 1006, 1015, 1002, 995, 848, 853, 1026, 863, 870, 875, 1036, 887, 1044, 1053, 1038, 1225, 1042, 1049, 1196, 1191, 1214, 1181, 1174, 1169, 1204, 1157],
[337, 362, 335, 348, 339, 358, 315, 484, 473, 486, 479, 460, 501, 462, 307, 282, 113, 296, 305, 286, 133, 160, 171, 158, 165, 184, 143, 182, 1007, 982, 1009, 996, 1005, 986, 1029, 860, 871, 858, 865, 884, 843, 882, 1037, 1062, 1231, 1048, 1039, 1058, 1211, 1184, 1173, 1186, 1179, 1160, 1201, 1162],
[352, 345, 360, 341, 350, 347, 472, 497, 482, 317, 470, 499, 458, 503, 292, 299, 284, 303, 294, 297, 172, 147, 162, 131, 174, 145, 186, 141, 992, 999, 984, 1003, 994, 997, 872, 847, 862, 1027, 874, 845, 886, 841, 1052, 1045, 1060, 1041, 1050, 1047, 1172, 1197, 1182, 1213, 1170, 1199, 1158, 1203],
[361, 336, 351, 346, 359, 340, 483, 316, 471, 498, 459, 502, 461, 500, 283, 112, 293, 298, 285, 304, 161, 132, 173, 146, 185, 142, 183, 144, 983, 1008, 993, 998, 985, 1004, 861, 1028, 873, 846, 885, 842, 883, 844, 1061, 1232, 1051, 1046, 1059, 1040, 1183, 1212, 1171, 1198, 1159, 1202, 1161, 1200],
[542, 527, 530, 549, 540, 521, 672, 681, 506, 515, 692, 685, 504, 513, 706, 721, 718, 111, 708, 727, 772, 763, 742, 733, 752, 759, 744, 735, 802, 817, 814, 795, 804, 823, 1456, 1447, 838, 829, 1436, 1443, 840, 831, 1422, 1407, 1410, 1233, 1420, 1401, 1356, 1365, 1386, 1395, 1376, 1369, 1384, 1393],
[529, 548, 541, 520, 531, 550, 507, 516, 673, 682, 505, 514, 693, 684, 719, 700, 707, 728, 717, 110, 741, 732, 771, 762, 743, 734, 751, 760, 815, 796, 803, 824, 813, 794, 837, 828, 1455, 1446, 839, 830, 1435, 1444, 1409, 1428, 1421, 1400, 1411, 1234, 1387, 1396, 1357, 1366, 1385, 1394, 1377, 1368],
[526, 543, 528, 551, 522, 539, 680, 671, 508, 691, 686, 683, 512, 699, 722, 705, 720, 109, 726, 709, 764, 773, 740, 753, 758, 761, 736, 745, 818, 801, 816, 793, 822, 805, 1448, 1457, 836, 1437, 1442, 1445, 832, 1429, 1406, 1423, 1408, 1235, 1402, 1419, 1364, 1355, 1388, 1375, 1370, 1367, 1392, 1383],
[547, 536, 545, 532, 519, 552, 517, 674, 667, 670, 677, 696, 689, 694, 701, 712, 703, 716, 729, 108, 731, 770, 777, 774, 767, 748, 755, 750, 797, 808, 799, 812, 825, 792, 827, 1454, 1461, 1458, 1451, 1432, 1439, 1434, 1427, 1416, 1425, 1412, 1399, 1236, 1397, 1358, 1351, 1354, 1361, 1380, 1373, 1378],
[544, 525, 534, 553, 538, 523, 668, 679, 676, 509, 690, 687, 698, 511, 704, 723, 714, 107, 710, 725, 776, 765, 768, 739, 754, 757, 746, 737, 800, 819, 810, 791, 806, 821, 1460, 1449, 1452, 835, 1438, 1441, 1430, 833, 1424, 1405, 1414, 1237, 1418, 1403, 1352, 1363, 1360, 1389, 1374, 1371, 1382, 1391],
[535, 546, 537, 524, 533, 518, 675, 666, 669, 678, 697, 510, 695, 688, 713, 702, 711, 724, 715, 730, 769, 778, 775, 766, 747, 738, 749, 756, 809, 798, 807, 820, 811, 826, 1453, 1462, 1459, 1450, 1431, 834, 1433, 1440, 1415, 1426, 1417, 1404, 1413, 1398, 1359, 1350, 1353, 1362, 1381, 1390, 1379, 1372],
[598, 567, 590, 557, 554, 595, 624, 629, 610, 665, 642, 653, 612, 663, 62, 93, 70, 103, 106, 65, 36, 31, 50, 779, 18, 7, 48, 781, 1530, 1561, 1538, 787, 790, 1533, 1504, 1499, 1518, 1463, 1486, 1475, 1516, 1465, 1282, 1251, 1274, 1241, 1238, 1279, 1308, 1313, 1294, 1349, 1326, 1337, 1296, 1347],
[589, 558, 599, 596, 591, 556, 609, 602, 625, 630, 611, 664, 651, 654, 71, 102, 61, 64, 69, 104, 51, 58, 35, 30, 49, 780, 9, 6, 1539, 786, 1529, 1532, 1537, 788, 1519, 1526, 1503, 1498, 1517, 1464, 1477, 1474, 1273, 1242, 1283, 1280, 1275, 1240, 1293, 1286, 1309, 1314, 1295, 1348, 1335, 1338],
[568, 597, 566, 555, 594, 601, 626, 623, 628, 643, 652, 641, 662, 613, 92, 63, 94, 105, 66, 59, 34, 37, 32, 17, 8, 19, 782, 47, 1560, 1531, 1562, 789, 1534, 1527, 1502, 1505, 1500, 1485, 1476, 1487, 1466, 1515, 1252, 1281, 1250, 1239, 1278, 1285, 1310, 1307, 1312, 1327, 1336, 1325, 1346, 1297],
[559, 588, 579, 600, 565, 592, 603, 608, 633, 640, 631, 638, 655, 650, 101, 72, 81, 60, 95, 68, 57, 52, 27, 20, 29, 22, 5, 10, 785, 1540, 1549, 1528, 1563, 1536, 1525, 1520, 1495, 1488, 1497, 1490, 1473, 1478, 1243, 1272, 1263, 1284, 1249, 1276, 1287, 1292, 1317, 1324, 1315, 1322, 1339, 1334],
[578, 569, 584, 593, 580, 573, 622, 627, 604, 637, 644, 649, 614, 661, 82, 91, 76, 67, 80, 87, 38, 33, 56, 23, 16, 11, 46, 783, 1550, 1559, 1544, 1535, 1548, 1555, 1506, 1501, 1524, 1491, 1484, 1479, 1514, 1467, 1262, 1253, 1268, 1277, 1264, 1257, 1306, 1311, 1288, 1321, 1328, 1333, 1298, 1345],
[585, 560, 587, 574, 583, 564, 607, 634, 645, 632, 639, 658, 617, 656, 75, 100, 73, 86, 77, 96, 53, 26, 15, 28, 21, 2, 43, 4, 1543, 784, 1541, 1554, 1545, 1564, 1521, 1494, 1483, 1496, 1489, 1470, 1511, 1472, 1269, 1244, 1271, 1258, 1267, 1248, 1291, 1318, 1329, 1316, 1323, 1342, 1301, 1340],
[570, 577, 562, 581, 572, 575, 646, 621, 636, 605, 648, 619, 660, 615, 90, 83, 98, 79, 88, 85, 14, 39, 24, 55, 12, 41, 0, 45, 1558, 1551, 1566, 1547, 1556, 1553, 1482, 1507, 1492, 1523, 1480, 1509, 1468, 1513, 1254, 1261, 1246, 1265, 1256, 1259, 1330, 1305, 1320, 1289, 1332, 1303, 1344, 1299],
[561, 586, 571, 576, 563, 582, 635, 606, 647, 620, 659, 616, 657, 618, 99, 74, 89, 84, 97, 78, 25, 54, 13, 40, 1, 44, 3, 42, 1567, 1542, 1557, 1552, 1565, 1546, 1493, 1522, 1481, 1508, 1469, 1512, 1471, 1510, 1245, 1270, 1255, 1260, 1247, 1266, 1319, 1290, 1331, 1304, 1343, 1300, 1341, 1302],
[2990, 2975, 2978, 2997, 2988, 2969, 2924, 2933, 2954, 2963, 2944, 2937, 2952, 2961, 3106, 3121, 3118, 3099, 3108, 3127, 2388, 2379, 2358, 3133, 2368, 2375, 2360, 3135, 1580, 2349, 1568, 1587, 1578, 2343, 2298, 2307, 2328, 2337, 2318, 2311, 2326, 2335, 1696, 1711, 1708, 1689, 1698, 1717, 1762, 1753, 1732, 1723, 1742, 1749, 1734, 1725],
[2977, 2996, 2989, 2968, 2979, 2998, 2955, 2964, 2925, 2934, 2953, 2962, 2945, 2936, 3119, 3100, 3107, 3128, 3117, 3098, 2357, 3132, 2387, 2378, 2359, 3134, 2367, 2376, 2351, 1586, 1579, 2342, 1569, 1588, 2329, 2338, 2299, 2308, 2327, 2336, 2319, 2310, 1709, 1690, 1697, 1718, 1707, 1688, 1731, 1722, 1761, 1752, 1733, 1724, 1741, 1750],
[2974, 2991, 2976, 2999, 2970, 2987, 2932, 2923, 2956, 2943, 2938, 2935, 2960, 2951, 3122, 3105, 3120, 3097, 3126, 3109, 2380, 2389, 2356, 2369, 2374, 2377, 2352, 2361, 2348, 1581, 2350, 1589, 2344, 1577, 2306, 2297, 2330, 2317, 2312, 2309, 2334, 2325, 1712, 1695, 1710, 1687, 1716, 1699, 1754, 1763, 1730, 1743, 1748, 1751, 1726, 1735],
[2995, 2984, 2993, 2980, 2967, 3000, 2965, 2926, 2919, 2922, 2929, 2948, 2941, 2946, 3101, 3112, 3103, 3116, 3129, 3096, 3131, 2386, 2393, 2390, 2383, 2364, 2371, 2366, 1585, 1574, 1583, 1570, 2341, 1590, 2339, 2300, 2293, 2296, 2303, 2322, 2315, 2320, 1691, 1702, 1693, 1706, 1719, 1686, 1721, 1760, 1767, 1764, 1757, 1738, 1745, 1740],
[2992, 2973, 2982, 3001, 2986, 2971, 2920, 2931, 2928, 2957, 2942, 2939, 2950, 2959, 3104, 3123, 3114, 3095, 3110, 3125, 2392, 2381, 2384, 2355, 2370, 2373, 2362, 2353, 1582, 2347, 1572, 1591, 1576, 2345, 2294, 2305, 2302, 2331, 2316, 2313, 2324, 2333, 1694, 1713, 1704, 1685, 1700, 1715, 1766, 1755, 1758, 1729, 1744, 1747, 1736, 1727],
[2983, 2994, 2985, 2972, 2981, 2966, 2927, 2918, 2921, 2930, 2949, 2958, 2947, 2940, 3113, 3102, 3111, 3124, 3115, 3130, 2385, 2394, 2391, 2382, 2363, 2354, 2365, 2372, 1573, 1584, 1575, 2346, 1571, 2340, 2301, 2292, 2295, 2304, 2323, 2332, 2321, 2314, 1703, 1692, 1701, 1714, 1705, 1720, 1759, 1768, 1765, 1756, 1737, 1728, 1739, 1746],
[3046, 3015, 3038, 3005, 3002, 3043, 2876, 2881, 3058, 2917, 2894, 2905, 3060, 2915, 2462, 3081, 2470, 3091, 3094, 2465, 2436, 2431, 2450, 2395, 2418, 2407, 2448, 2397, 1636, 1605, 1628, 1595, 1592, 1633, 2250, 2255, 1648, 2291, 2268, 2279, 1650, 2289, 1836, 1671, 1844, 1681, 1684, 1839, 1810, 1805, 1824, 1769, 1792, 1781, 1822, 1771],
[3037, 3006, 3047, 3044, 3039, 3004, 3057, 3050, 2877, 2882, 3059, 2916, 2903, 2906, 2471, 3090, 2461, 2464, 2469, 3092, 2451, 2458, 2435, 2430, 2449, 2396, 2409, 2406, 1627, 1596, 1637, 1634, 1629, 1594, 1647, 1640, 2251, 2256, 1649, 2290, 2277, 2280, 1845, 1680, 1835, 1838, 1843, 1682, 1825, 1832, 1809, 1804, 1823, 1770, 1783, 1780],
[3016, 3045, 3014, 3003, 3042, 3049, 2878, 2875, 2880, 2895, 2904, 2893, 2914, 3061, 3080, 2463, 3082, 3093, 2466, 2459, 2434, 2437, 2432, 2417, 2408, 2419, 2398, 2447, 1606, 1635, 1604, 1593, 1632, 1639, 2252, 2249, 2254, 2269, 2278, 2267, 2288, 1651, 1670, 1837, 1672, 1683, 1840, 1833, 1808, 1811, 1806, 1791, 1782, 1793, 1772, 1821],
[3007, 3036, 3027, 3048, 3013, 3040, 3051, 3056, 2885, 2892, 2883, 2890, 2907, 2902, 3089, 2472, 3069, 2460, 3083, 2468, 2457, 2452, 2427, 2420, 2429, 2422, 2405, 2410, 1597, 1626, 1617, 1638, 1603, 1630, 1641, 1646, 2259, 2266, 2257, 2264, 2281, 2276, 1679, 1846, 1659, 1834, 1673, 1842, 1831, 1826, 1801, 1794, 1803, 1796, 1779, 1784],
[3026, 3017, 3032, 3041, 3028, 3021, 2874, 2879, 3052, 2889, 2896, 2901, 3062, 2913, 3070, 3079, 3064, 2467, 3068, 3075, 2438, 2433, 2456, 2423, 2416, 2411, 2446, 2399, 1616, 1607, 1622, 1631, 1618, 1611, 2248, 2253, 1642, 2263, 2270, 2275, 1652, 2287, 1660, 1669, 1654, 1841, 1658, 1665, 1812, 1807, 1830, 1797, 1790, 1785, 1820, 1773],
[3033, 3008, 3035, 3022, 3031, 3012, 3055, 2886, 2897, 2884, 2891, 2910, 2869, 2908, 3063, 3088, 2473, 3074, 3065, 3084, 2453, 2426, 2415, 2428, 2421, 2402, 2443, 2404, 1623, 1598, 1625, 1612, 1621, 1602, 1645, 2260, 2271, 2258, 2265, 2284, 2243, 2282, 1653, 1678, 1847, 1664, 1655, 1674, 1827, 1800, 1789, 1802, 1795, 1776, 1817, 1778],
[3018, 3025, 3010, 3029, 3020, 3023, 2898, 2873, 2888, 3053, 2900, 2871, 2912, 2867, 3078, 3071, 3086, 3067, 3076, 3073, 2414, 2439, 2424, 2455, 2412, 2441, 2400, 2445, 1608, 1615, 1600, 1619, 1610, 1613, 2272, 2247, 2262, 1643, 2274, 2245, 2286, 2241, 1668, 1661, 1676, 1657, 1666, 1663, 1788, 1813, 1798, 1829, 1786, 1815, 1774, 1819],
[3009, 3034, 3019, 3024, 3011, 3030, 2887, 3054, 2899, 2872, 2911, 2868, 2909, 2870, 3087, 2474, 3077, 3072, 3085, 3066, 2425, 2454, 2413, 2440, 2401, 2444, 2403, 2442, 1599, 1624, 1609, 1614, 1601, 1620, 2261, 1644, 2273, 2246, 2285, 2242, 2283, 2244, 1677, 1848, 1667, 1662, 1675, 1656, 1799, 1828, 1787, 1814, 1775, 1818, 1777, 1816],
[2828, 2843, 2840, 2821, 2830, 2849, 2698, 2689, 2864, 2855, 2678, 2685, 2866, 2857, 2664, 2649, 2652, 2475, 2662, 2643, 2598, 2607, 2628, 2637, 2618, 2611, 2626, 2635, 2202, 2217, 2214, 2195, 2204, 2223, 2072, 2063, 2238, 2229, 2052, 2059, 2240, 2231, 2038, 2023, 2026, 1849, 2036, 2017, 1972, 1981, 2002, 2011, 1992, 1985, 2000, 2009],
[2841, 2822, 2829, 2850, 2839, 2820, 2863, 2854, 2697, 2688, 2865, 2856, 2677, 2686, 2651, 2670, 2663, 2642, 2653, 2476, 2629, 2638, 2599, 2608, 2627, 2636, 2619, 2610, 2215, 2196, 2203, 2224, 2213, 2194, 2237, 2228, 2071, 2062, 2239, 2230, 2051, 2060, 2025, 2044, 2037, 2016, 2027, 1850, 2003, 2012, 1973, 1982, 2001, 2010, 1993, 1984],
[2844, 2827, 2842, 2819, 2848, 2831, 2690, 2699, 2862, 2679, 2684, 2687, 2858, 2671, 2648, 2665, 2650, 2477, 2644, 2661, 2606, 2597, 2630, 2617, 2612, 2609, 2634, 2625, 2218, 2201, 2216, 2193, 2222, 2205, 2064, 2073, 2236, 2053, 2058, 2061, 2232, 2045, 2022, 2039, 2024, 1851, 2018, 2035, 1980, 1971, 2004, 1991, 1986, 1983, 2008, 1999],
[2823, 2834, 2825, 2838, 2851, 2818, 2853, 2696, 2703, 2700, 2693, 2674, 2681, 2676, 2669, 2658, 2667, 2654, 2641, 2478, 2639, 2600, 2593, 2596, 2603, 2622, 2615, 2620, 2197, 2208, 2199, 2212, 2225, 2192, 2227, 2070, 2077, 2074, 2067, 2048, 2055, 2050, 2043, 2032, 2041, 2028, 2015, 1852, 2013, 1974, 1967, 1970, 1977, 1996, 1989, 1994],
[2826, 2845, 2836, 2817, 2832, 2847, 2702, 2691, 2694, 2861, 2680, 2683, 2672, 2859, 2666, 2647, 2656, 2479, 2660, 2645, 2594, 2605, 2602, 2631, 2616, 2613, 2624, 2633, 2200, 2219, 2210, 2191, 2206, 2221, 2076, 2065, 2068, 2235, 2054, 2057, 2046, 2233, 2040, 2021, 2030, 1853, 2034, 2019, 1968, 1979, 1976, 2005, 1990, 1987, 1998, 2007],
[2835, 2824, 2833, 2846, 2837, 2852, 2695, 2704, 2701, 2692, 2673, 2860, 2675, 2682, 2657, 2668, 2659, 2646, 2655, 2640, 2601, 2592, 2595, 2604, 2623, 2632, 2621, 2614, 2209, 2198, 2207, 2220, 2211, 2226, 2069, 2078, 2075, 2066, 2047, 2234, 2049, 2056, 2031, 2042, 2033, 2020, 2029, 2014, 1975, 1966, 1969, 1978, 1997, 2006, 1995, 1988],
[2772, 2803, 2780, 2813, 2816, 2775, 2746, 2741, 2760, 2705, 2728, 2717, 2758, 2707, 2524, 2493, 2516, 2483, 2480, 2521, 2550, 2555, 2536, 2591, 2568, 2579, 2538, 2589, 2146, 2177, 2154, 2187, 2190, 2149, 2120, 2115, 2134, 2079, 2102, 2091, 2132, 2081, 1898, 1867, 1890, 1857, 1854, 1895, 1924, 1929, 1910, 1965, 1942, 1953, 1912, 1963],
[2781, 2812, 2771, 2774, 2779, 2814, 2761, 2768, 2745, 2740, 2759, 2706, 2719, 2716, 2515, 2484, 2525, 2522, 2517, 2482, 2535, 2528, 2551, 2556, 2537, 2590, 2577, 2580, 2155, 2186, 2145, 2148, 2153, 2188, 2135, 2142, 2119, 2114, 2133, 2080, 2093, 2090, 1889, 1858, 1899, 1896, 1891, 1856, 1909, 1902, 1925, 1930, 1911, 1964, 1951, 1954],
[2802, 2773, 2804, 2815, 2776, 2769, 2744, 2747, 2742, 2727, 2718, 2729, 2708, 2757, 2494, 2523, 2492, 2481, 2520, 2527, 2552, 2549, 2554, 2569, 2578, 2567, 2588, 2539, 2176, 2147, 2178, 2189, 2150, 2143, 2118, 2121, 2116, 2101, 2092, 2103, 2082, 2131, 1868, 1897, 1866, 1855, 1894, 1901, 1926, 1923, 1928, 1943, 1952, 1941, 1962, 1913],
[2811, 2782, 2791, 2770, 2805, 2778, 2767, 2762, 2737, 2730, 2739, 2732, 2715, 2720, 2485, 2514, 2505, 2526, 2491, 2518, 2529, 2534, 2559, 2566, 2557, 2564, 2581, 2576, 2185, 2156, 2165, 2144, 2179, 2152, 2141, 2136, 2111, 2104, 2113, 2106, 2089, 2094, 1859, 1888, 1879, 1900, 1865, 1892, 1903, 1908, 1933, 1940, 1931, 1938, 1955, 1950],
[2792, 2801, 2786, 2777, 2790, 2797, 2748, 2743, 2766, 2733, 2726, 2721, 2756, 2709, 2504, 2495, 2510, 2519, 2506, 2499, 2548, 2553, 2530, 2563, 2570, 2575, 2540, 2587, 2166, 2175, 2160, 2151, 2164, 2171, 2122, 2117, 2140, 2107, 2100, 2095, 2130, 2083, 1878, 1869, 1884, 1893, 1880, 1873, 1922, 1927, 1904, 1937, 1944, 1949, 1914, 1961],
[2785, 2810, 2783, 2796, 2787, 2806, 2763, 2736, 2725, 2738, 2731, 2712, 2753, 2714, 2511, 2486, 2513, 2500, 2509, 2490, 2533, 2560, 2571, 2558, 2565, 2584, 2543, 2582, 2159, 2184, 2157, 2170, 2161, 2180, 2137, 2110, 2099, 2112, 2105, 2086, 2127, 2088, 1885, 1860, 1887, 1874, 1883, 1864, 1907, 1934, 1945, 1932, 1939, 1958, 1917, 1956],
[2800, 2793, 2808, 2789, 2798, 2795, 2724, 2749, 2734, 2765, 2722, 2751, 2710, 2755, 2496, 2503, 2488, 2507, 2498, 2501, 2572, 2547, 2562, 2531, 2574, 2545, 2586, 2541, 2174, 2167, 2182, 2163, 2172, 2169, 2098, 2123, 2108, 2139, 2096, 2125, 2084, 2129, 1870, 1877, 1862, 1881, 1872, 1875, 1946, 1921, 1936, 1905, 1948, 1919, 1960, 1915],
[2809, 2784, 2799, 2794, 2807, 2788, 2735, 2764, 2723, 2750, 2711, 2754, 2713, 2752, 2487, 2512, 2497, 2502, 2489, 2508, 2561, 2532, 2573, 2546, 2585, 2542, 2583, 2544, 2183, 2158, 2173, 2168, 2181, 2162, 2109, 2138, 2097, 2124, 2085, 2128, 2087, 2126, 1861, 1886, 1871, 1876, 1863, 1882, 1935, 1906, 1947, 1920, 1959, 1916, 1957, 1918],
],
