[
[380, 395, 392, 373, 382, 401, 446, 437, 416, 407, 426, 433, 418, 409, 264, 249, 252, 271, 262, 243, 198, 207, 228, 237, 218, 211, 226, 235, 964, 949, 952, 971, 962, 943, 898, 907, 928, 937, 918, 911, 926, 935, 1100, 1091, 1118, 1109, 1128, 1087, 1120, 1111, 1176, 1167, 1146, 1137, 1156, 1163, 1148, 1139],
[393, 374, 381, 402, 391, 372, 415, 406, 445, 436, 417, 408, 425, 434, 251, 270, 263, 242, 253, 272, 229, 238, 199, 208, 227, 236, 219, 210, 951, 970, 963, 942, 953, 972, 929, 938, 899, 908, 927, 936, 919, 910, 1117, 1108, 1099, 1090, 1119, 1110, 1127, 1088, 1145, 1136, 1175, 1166, 1147, 1138, 1155, 1164],
[396, 379, 394, 371, 400, 383, 438, 447, 414, 427, 432, 435, 410, 419, 248, 265, 250, 273, 244, 261, 206, 197, 230, 217, 212, 209, 234, 225, 948, 965, 950, 973, 944, 961, 906, 897, 930, 917, 912, 909, 934, 925, 1092, 1101, 1116, 1129, 1086, 1089, 1112, 1121, 1168, 1177, 1144, 1157, 1162, 1165, 1140, 1149],
[375, 386, 377, 390, 403, 370, 405, 444, 451, 448, 441, 422, 429, 424, 269, 258, 267, 254, 241, 274, 239, 200, 193, 196, 203, 222, 215, 220, 969, 958, 967, 954, 941, 974, 939, 900, 893, 896, 903, 922, 915, 920, 1107, 1098, 1105, 1102, 1095, 1124, 1131, 1126, 1135, 1174, 1133, 1178, 1171, 1152, 1159, 1154],
[378, 397, 388, 369, 384, 399, 450, 439, 442, 413, 428, 431, 420, 411, 266, 247, 256, 275, 260, 245, 194, 205, 202, 231, 216, 213, 224, 233, 966, 947, 956, 975, 960, 945, 894, 905, 902, 931, 916, 913, 924, 933, 1104, 1093, 1096, 1115, 1130, 1085, 1122, 1113, 1132, 1169, 1172, 1143, 1158, 1161, 1150, 1141],
[387, 376, 385, 398, 389, 404, 443, 452, 449, 440, 421, 412, 423, 430, 257, 268, 259, 246, 255, 240, 201, 192, 195, 204, 223, 232, 221, 214, 957, 968, 959, 946, 955, 940, 901, 892, 895, 904, 923, 932, 921, 914, 1097, 1106, 1103, 1094, 1123, 1114, 1125, 1084, 1173, 1134, 1179, 1170, 1151, 1142, 1153, 1160],
[324, 355, 332, 365, 368, 327, 494, 489, 312, 453, 476, 465, 310, 455, 124, 289, 116, 279, 276, 121, 150, 155, 136, 191, 168, 179, 138, 189, 1020, 989, 1012, 979, 976, 1017, 850, 855, 1032, 891, 868, 879, 1034, 889, 1054, 1059, 1040, 1255, 1072, 1083, 1042, 1253, 1238, 1243, 1224, 1215, 1192, 1203, 1226, 1213],
[333, 364, 323, 326, 331, 366, 313, 320, 493, 488, 311, 454, 467, 464, 115, 280, 125, 122, 117, 278, 135, 128, 151, 156, 137, 190, 177, 180, 1011, 980, 1021, 1018, 1013, 978, 1031, 1024, 851, 856, 1033, 890, 877, 880, 1039, 1256, 1055, 1060, 1041, 1254, 1081, 1244, 1223, 1216, 1239, 1180, 1225, 1214, 1201, 1204],
[354, 325, 356, 367, 328, 321, 492, 495, 490, 475, 466, 477, 456, 309, 290, 123, 288, 277, 120, 127, 152, 149, 154, 169, 178, 167, 188, 139, 990, 1019, 988, 977, 1016, 1023, 852, 849, 854, 869, 878, 867, 888, 1035, 1056, 1053, 1058, 1073, 1082, 1071, 1252, 1043, 1240, 1237, 1242, 1193, 1202, 1191, 1212, 1227],
[363, 334, 343, 322, 357, 330, 319, 314, 485, 478, 487, 480, 463, 468, 281, 114, 301, 126, 287, 118, 129, 134, 159, 166, 157, 164, 181, 176, 981, 1010, 1001, 1022, 987, 1014, 1025, 1030, 859, 866, 857, 864, 881, 876, 1257, 1038, 1063, 1070, 1061, 1068, 1245, 1080, 1217, 1222, 1183, 1190, 1181, 1188, 1205, 1200],
[344, 353, 338, 329, 342, 349, 496, 491, 318, 481, 474, 469, 308, 457, 300, 291, 306, 119, 302, 295, 148, 153, 130, 163, 170, 175, 140, 187, 1000, 991, 1006, 1015, 1002, 995, 848, 853, 1026, 863, 870, 875, 1036, 887, 1052, 1057, 1258, 1067, 1074, 1079, 1044, 1251, 1236, 1241, 1218, 1187, 1194, 1199, 1228, 1211],
[337, 362, 335, 348, 339, 358, 315, 484, 473, 486, 479, 460, 501, 462, 307, 282, 113, 296, 305, 286, 133, 160, 171, 158, 165, 184, 143, 182, 1007, 982, 1009, 996, 1005, 986, 1029, 860, 871, 858, 865, 884, 843, 882, 1037, 1064, 1075, 1062, 1069, 1248, 1047, 1246, 1221, 1184, 1195, 1182, 1189, 1208, 1231, 1206],
[352, 345, 360, 341, 350, 347, 472, 497, 482, 317, 470, 499, 458, 503, 292, 299, 284, 303, 294, 297, 172, 147, 162, 131, 174, 145, 186, 141, 992, 999, 984, 1003, 994, 997, 872, 847, 862, 1027, 874, 845, 886, 841, 1076, 1051, 1066, 1259, 1078, 1049, 1250, 1045, 1196, 1235, 1186, 1219, 1198, 1233, 1210, 1229],
[361, 336, 351, 346, 359, 340, 483, 316, 471, 498, 459, 502, 461, 500, 283, 112, 293, 298, 285, 304, 161, 132, 173, 146, 185, 142, 183, 144, 983, 1008, 993, 998, 985, 1004, 861, 1028, 873, 846, 885, 842, 883, 844, 1065, 1260, 1077, 1050, 1249, 1046, 1247, 1048, 1185, 1220, 1197, 1234, 1209, 1230, 1207, 1232],
[542, 527, 530, 549, 540, 521, 672, 681, 506, 515, 692, 685, 504, 513, 706, 721, 718, 111, 708, 727, 772, 763, 742, 733, 752, 759, 744, 735, 802, 817, 814, 795, 804, 823, 1512, 1503, 838, 829, 1492, 1499, 840, 831, 1476, 1467, 1270, 1261, 1280, 1463, 1272, 1263, 1328, 1319, 1298, 1289, 1308, 1315, 1300, 1291],
[529, 548, 541, 520, 531, 550, 507, 516, 673, 682, 505, 514, 693, 684, 719, 700, 707, 728, 717, 110, 741, 732, 771, 762, 743, 734, 751, 760, 815, 796, 803, 824, 813, 794, 837, 828, 1511, 1502, 839, 830, 1491, 1500, 1269, 1484, 1475, 1466, 1271, 1262, 1279, 1464, 1297, 1288, 1327, 1318, 1299, 1290, 1307, 1316],
[526, 543, 528, 551, 522, 539, 680, 671, 508, 691, 686, 683, 512, 699, 722, 705, 720, 109, 726, 709, 764, 773, 740, 753, 758, 761, 736, 745, 818, 801, 816, 793, 822, 805, 1504, 1513, 836, 1493, 1498, 1501, 832, 1485, 1468, 1477, 1268, 1281, 1462, 1465, 1264, 1273, 1320, 1329, 1296, 1309, 1314, 1317, 1292, 1301],
[547, 536, 545, 532, 519, 552, 517, 674, 667, 670, 677, 696, 689, 694, 701, 712, 703, 716, 729, 108, 731, 770, 777, 774, 767, 748, 755, 750, 797, 808, 799, 812, 825, 792, 827, 1510, 1517, 1514, 1507, 1488, 1495, 1490, 1483, 1474, 1481, 1478, 1471, 1276, 1283, 1278, 1287, 1326, 1285, 1330, 1323, 1304, 1311, 1306],
[544, 525, 534, 553, 538, 523, 668, 679, 676, 509, 690, 687, 698, 511, 704, 723, 714, 107, 710, 725, 776, 765, 768, 739, 754, 757, 746, 737, 800, 819, 810, 791, 806, 821, 1516, 1505, 1508, 835, 1494, 1497, 1486, 833, 1480, 1469, 1472, 1267, 1282, 1461, 1274, 1265, 1284, 1321, 1324, 1295, 1310, 1313, 1302, 1293],
[535, 546, 537, 524, 533, 518, 675, 666, 669, 678, 697, 510, 695, 688, 713, 702, 711, 724, 715, 730, 769, 778, 775, 766, 747, 738, 749, 756, 809, 798, 807, 820, 811, 826, 1509, 1518, 1515, 1506, 1487, 834, 1489, 1496, 1473, 1482, 1479, 1470, 1275, 1266, 1277, 1460, 1325, 1286, 1331, 1322, 1303, 1294, 1305, 1312],
[598, 567, 590, 557, 554, 595, 624, 629, 610, 665, 642, 653, 612, 663, 62, 93, 70, 103, 106, 65, 36, 31, 50, 779, 18, 7, 48, 781, 1586, 1617, 1594, 787, 790, 1589, 1560, 1555, 1574, 1519, 1542, 1531, 1572, 1521, 1430, 1435, 1416, 1407, 1448, 1459, 1418, 1405, 1390, 1395, 1376, 1367, 1344, 1355, 1378, 1365],
[589, 558, 599, 596, 591, 556, 609, 602, 625, 630, 611, 664, 651, 654, 71, 102, 61, 64, 69, 104, 51, 58, 35, 30, 49, 780, 9, 6, 1595, 786, 1585, 1588, 1593, 788, 1575, 1582, 1559, 1554, 1573, 1520, 1533, 1530, 1415, 1408, 1431, 1436, 1417, 1406, 1457, 1396, 1375, 1368, 1391, 1332, 1377, 1366, 1353, 1356],
[568, 597, 566, 555, 594, 601, 626, 623, 628, 643, 652, 641, 662, 613, 92, 63, 94, 105, 66, 59, 34, 37, 32, 17, 8, 19, 782, 47, 1616, 1587, 1618, 789, 1590, 1583, 1558, 1561, 1556, 1541, 1532, 1543, 1522, 1571, 1432, 1429, 1434, 1449, 1458, 1447, 1404, 1419, 1392, 1389, 1394, 1345, 1354, 1343, 1364, 1379],
[559, 588, 579, 600, 565, 592, 603, 608, 633, 640, 631, 638, 655, 650, 101, 72, 81, 60, 95, 68, 57, 52, 27, 20, 29, 22, 5, 10, 785, 1596, 1605, 1584, 1619, 1592, 1581, 1576, 1551, 1544, 1553, 1546, 1529, 1534, 1409, 1414, 1439, 1446, 1437, 1444, 1397, 1456, 1369, 1374, 1335, 1342, 1333, 1340, 1357, 1352],
[578, 569, 584, 593, 580, 573, 622, 627, 604, 637, 644, 649, 614, 661, 82, 91, 76, 67, 80, 87, 38, 33, 56, 23, 16, 11, 46, 783, 1606, 1615, 1600, 1591, 1604, 1611, 1562, 1557, 1580, 1547, 1540, 1535, 1570, 1523, 1428, 1433, 1410, 1443, 1450, 1455, 1420, 1403, 1388, 1393, 1370, 1339, 1346, 1351, 1380, 1363],
[585, 560, 587, 574, 583, 564, 607, 634, 645, 632, 639, 658, 617, 656, 75, 100, 73, 86, 77, 96, 53, 26, 15, 28, 21, 2, 43, 4, 1599, 784, 1597, 1610, 1601, 1620, 1577, 1550, 1539, 1552, 1545, 1526, 1567, 1528, 1413, 1440, 1451, 1438, 1445, 1400, 1423, 1398, 1373, 1336, 1347, 1334, 1341, 1360, 1383, 1358],
[570, 577, 562, 581, 572, 575, 646, 621, 636, 605, 648, 619, 660, 615, 90, 83, 98, 79, 88, 85, 14, 39, 24, 55, 12, 41, 0, 45, 1614, 1607, 1622, 1603, 1612, 1609, 1538, 1563, 1548, 1579, 1536, 1565, 1524, 1569, 1452, 1427, 1442, 1411, 1454, 1425, 1402, 1421, 1348, 1387, 1338, 1371, 1350, 1385, 1362, 1381],
[561, 586, 571, 576, 563, 582, 635, 606, 647, 620, 659, 616, 657, 618, 99, 74, 89, 84, 97, 78, 25, 54, 13, 40, 1, 44, 3, 42, 1623, 1598, 1613, 1608, 1621, 1602, 1549, 1578, 1537, 1564, 1525, 1568, 1527, 1566, 1441, 1412, 1453, 1426, 1401, 1422, 1399, 1424, 1337, 1372, 1349, 1386, 1361, 1382, 1359, 1384],
[3218, 3203, 3206, 3225, 3216, 3197, 3152, 3161, 3182, 3191, 3172, 3165, 3180, 3189, 3334, 3349, 3346, 3327, 3336, 3355, 2560, 2551, 2530, 3361, 2540, 2547, 2532, 3363, 1636, 2521, 1624, 1643, 1634, 2515, 2470, 2479, 2500, 2509, 2490, 2483, 2498, 2507, 1772, 1763, 1790, 1781, 1800, 1759, 1792, 1783, 1848, 1839, 1818, 1809, 1828, 1835, 1820, 1811],
[3205, 3224, 3217, 3196, 3207, 3226, 3183, 3192, 3153, 3162, 3181, 3190, 3173, 3164, 3347, 3328, 3335, 3356, 3345, 3326, 2529, 3360, 2559, 2550, 2531, 3362, 2539, 2548, 2523, 1642, 1635, 2514, 1625, 1644, 2501, 2510, 2471, 2480, 2499, 2508, 2491, 2482, 1789, 1780, 1771, 1762, 1791, 1782, 1799, 1760, 1817, 1808, 1847, 1838, 1819, 1810, 1827, 1836],
[3202, 3219, 3204, 3227, 3198, 3215, 3160, 3151, 3184, 3171, 3166, 3163, 3188, 3179, 3350, 3333, 3348, 3325, 3354, 3337, 2552, 2561, 2528, 2541, 2546, 2549, 2524, 2533, 2520, 1637, 2522, 1645, 2516, 1633, 2478, 2469, 2502, 2489, 2484, 2481, 2506, 2497, 1764, 1773, 1788, 1801, 1758, 1761, 1784, 1793, 1840, 1849, 1816, 1829, 1834, 1837, 1812, 1821],
[3223, 3212, 3221, 3208, 3195, 3228, 3193, 3154, 3147, 3150, 3157, 3176, 3169, 3174, 3329, 3340, 3331, 3344, 3357, 3324, 3359, 2558, 2565, 2562, 2555, 2536, 2543, 2538, 1641, 1630, 1639, 1626, 2513, 1646, 2511, 2472, 2465, 2468, 2475, 2494, 2487, 2492, 1779, 1770, 1777, 1774, 1767, 1796, 1803, 1798, 1807, 1846, 1805, 1850, 1843, 1824, 1831, 1826],
[3220, 3201, 3210, 3229, 3214, 3199, 3148, 3159, 3156, 3185, 3170, 3167, 3178, 3187, 3332, 3351, 3342, 3323, 3338, 3353, 2564, 2553, 2556, 2527, 2542, 2545, 2534, 2525, 1638, 2519, 1628, 1647, 1632, 2517, 2466, 2477, 2474, 2503, 2488, 2485, 2496, 2505, 1776, 1765, 1768, 1787, 1802, 1757, 1794, 1785, 1804, 1841, 1844, 1815, 1830, 1833, 1822, 1813],
[3211, 3222, 3213, 3200, 3209, 3194, 3155, 3146, 3149, 3158, 3177, 3186, 3175, 3168, 3341, 3330, 3339, 3352, 3343, 3358, 2557, 2566, 2563, 2554, 2535, 2526, 2537, 2544, 1629, 1640, 1631, 2518, 1627, 2512, 2473, 2464, 2467, 2476, 2495, 2504, 2493, 2486, 1769, 1778, 1775, 1766, 1795, 1786, 1797, 1756, 1845, 1806, 1851, 1842, 1823, 1814, 1825, 1832],
[3274, 3243, 3266, 3233, 3230, 3271, 3104, 3109, 3286, 3145, 3122, 3133, 3288, 3143, 2634, 3309, 2642, 3319, 3322, 2637, 2608, 2603, 2622, 2567, 2590, 2579, 2620, 2569, 1692, 1661, 1684, 1651, 1648, 1689, 2422, 2427, 1704, 2463, 2440, 2451, 1706, 2461, 1726, 1731, 1712, 1927, 1744, 1755, 1714, 1925, 1910, 1915, 1896, 1887, 1864, 1875, 1898, 1885],
[3265, 3234, 3275, 3272, 3267, 3232, 3285, 3278, 3105, 3110, 3287, 3144, 3131, 3134, 2643, 3318, 2633, 2636, 2641, 3320, 2623, 2630, 2607, 2602, 2621, 2568, 2581, 2578, 1683, 1652, 1693, 1690, 1685, 1650, 1703, 1696, 2423, 2428, 1705, 2462, 2449, 2452, 1711, 1928, 1727, 1732, 1713, 1926, 1753, 1916, 1895, 1888, 1911, 1852, 1897, 1886, 1873, 1876],
[3244, 3273, 3242, 3231, 3270, 3277, 3106, 3103, 3108, 3123, 3132, 3121, 3142, 3289, 3308, 2635, 3310, 3321, 2638, 2631, 2606, 2609, 2604, 2589, 2580, 2591, 2570, 2619, 1662, 1691, 1660, 1649, 1688, 1695, 2424, 2421, 2426, 2441, 2450, 2439, 2460, 1707, 1728, 1725, 1730, 1745, 1754, 1743, 1924, 1715, 1912, 1909, 1914, 1865, 1874, 1863, 1884, 1899],
[3235, 3264, 3255, 3276, 3241, 3268, 3279, 3284, 3113, 3120, 3111, 3118, 3135, 3130, 3317, 2644, 3297, 2632, 3311, 2640, 2629, 2624, 2599, 2592, 2601, 2594, 2577, 2582, 1653, 1682, 1673, 1694, 1659, 1686, 1697, 1702, 2431, 2438, 2429, 2436, 2453, 2448, 1929, 1710, 1735, 1742, 1733, 1740, 1917, 1752, 1889, 1894, 1855, 1862, 1853, 1860, 1877, 1872],
[3254, 3245, 3260, 3269, 3256, 3249, 3102, 3107, 3280, 3117, 3124, 3129, 3290, 3141, 3298, 3307, 3292, 2639, 3296, 3303, 2610, 2605, 2628, 2595, 2588, 2583, 2618, 2571, 1672, 1663, 1678, 1687, 1674, 1667, 2420, 2425, 1698, 2435, 2442, 2447, 1708, 2459, 1724, 1729, 1930, 1739, 1746, 1751, 1716, 1923, 1908, 1913, 1890, 1859, 1866, 1871, 1900, 1883],
[3261, 3236, 3263, 3250, 3259, 3240, 3283, 3114, 3125, 3112, 3119, 3138, 3097, 3136, 3291, 3316, 2645, 3302, 3293, 3312, 2625, 2598, 2587, 2600, 2593, 2574, 2615, 2576, 1679, 1654, 1681, 1668, 1677, 1658, 1701, 2432, 2443, 2430, 2437, 2456, 2415, 2454, 1709, 1736, 1747, 1734, 1741, 1920, 1719, 1918, 1893, 1856, 1867, 1854, 1861, 1880, 1903, 1878],
[3246, 3253, 3238, 3257, 3248, 3251, 3126, 3101, 3116, 3281, 3128, 3099, 3140, 3095, 3306, 3299, 3314, 3295, 3304, 3301, 2586, 2611, 2596, 2627, 2584, 2613, 2572, 2617, 1664, 1671, 1656, 1675, 1666, 1669, 2444, 2419, 2434, 1699, 2446, 2417, 2458, 2413, 1748, 1723, 1738, 1931, 1750, 1721, 1922, 1717, 1868, 1907, 1858, 1891, 1870, 1905, 1882, 1901],
[3237, 3262, 3247, 3252, 3239, 3258, 3115, 3282, 3127, 3100, 3139, 3096, 3137, 3098, 3315, 2646, 3305, 3300, 3313, 3294, 2597, 2626, 2585, 2612, 2573, 2616, 2575, 2614, 1655, 1680, 1665, 1670, 1657, 1676, 2433, 1700, 2445, 2418, 2457, 2414, 2455, 2416, 1737, 1932, 1749, 1722, 1921, 1718, 1919, 1720, 1857, 1892, 1869, 1906, 1881, 1902, 1879, 1904],
[2920, 2937, 2912, 2927, 2924, 2917, 2882, 2887, 3092, 3083, 2900, 3071, 3094, 3081, 2654, 2861, 2662, 2647, 2650, 2657, 2692, 2687, 2706, 2715, 2674, 2727, 2704, 2717, 2238, 2255, 2230, 2245, 2242, 2235, 2200, 2205, 2410, 2401, 2218, 2389, 2412, 2399, 2166, 2161, 2180, 1933, 2148, 2137, 2178, 1935, 1948, 1943, 1962, 1971, 1994, 1983, 1960, 1973],
[2911, 2928, 2921, 2918, 2913, 2926, 3091, 3084, 2883, 2888, 3093, 3082, 3069, 3072, 2663, 2870, 2653, 2656, 2661, 2648, 2707, 2714, 2691, 2686, 2705, 2716, 2729, 2726, 2229, 2246, 2239, 2236, 2231, 2244, 2409, 2402, 2201, 2206, 2411, 2400, 2387, 2390, 2181, 2188, 2165, 2160, 2179, 1934, 2139, 2136, 1963, 1970, 1947, 1942, 1961, 1972, 1985, 1982],
[2938, 2919, 2936, 2925, 2916, 2923, 2884, 2881, 2886, 2901, 3070, 2899, 3080, 2871, 2860, 2655, 2862, 2649, 2658, 2651, 2690, 2693, 2688, 2673, 2728, 2675, 2718, 2703, 2256, 2237, 2254, 2243, 2234, 2241, 2202, 2199, 2204, 2219, 2388, 2217, 2398, 2189, 2164, 2167, 2162, 2147, 2138, 2149, 1936, 2177, 1946, 1949, 1944, 1993, 1984, 1995, 1974, 1959],
[2929, 2910, 2949, 2922, 2935, 2914, 3085, 3090, 2891, 2898, 2889, 2896, 3073, 3068, 2869, 2664, 2849, 2652, 2863, 2660, 2713, 2708, 2683, 2676, 2685, 2678, 2725, 2730, 2247, 2228, 2267, 2240, 2253, 2232, 2403, 2408, 2209, 2216, 2207, 2214, 2391, 2386, 2187, 2182, 2157, 2150, 2159, 2152, 2135, 2140, 1969, 1964, 1939, 1996, 1941, 1998, 1981, 1986],
[2948, 2939, 2906, 2915, 2950, 2943, 2880, 2885, 3086, 2895, 2902, 3067, 2872, 3079, 2850, 2859, 2668, 2659, 2848, 2855, 2694, 2689, 2712, 2679, 2672, 2731, 2702, 2719, 2266, 2257, 2224, 2233, 2268, 2261, 2198, 2203, 2404, 2213, 2220, 2385, 2190, 2397, 2168, 2163, 2186, 2153, 2146, 2141, 2176, 1937, 1950, 1945, 1968, 1999, 1992, 1987, 1958, 1975],
[2907, 2930, 2909, 2944, 2905, 2934, 3089, 2892, 2903, 2890, 2897, 3076, 2875, 3074, 2667, 2868, 2665, 2854, 2669, 2864, 2709, 2682, 2671, 2684, 2677, 2722, 2699, 2724, 2225, 2248, 2227, 2262, 2223, 2252, 2407, 2210, 2221, 2208, 2215, 2394, 2193, 2392, 2183, 2156, 2145, 2158, 2151, 2132, 2173, 2134, 1965, 1938, 1991, 1940, 1997, 1978, 1955, 1980],
[2940, 2947, 2932, 2951, 2942, 2945, 2904, 2879, 2894, 3087, 3066, 2877, 3078, 2873, 2858, 2851, 2866, 2847, 2856, 2853, 2670, 2695, 2680, 2711, 2732, 2697, 2720, 2701, 2258, 2265, 2250, 2269, 2260, 2263, 2222, 2197, 2212, 2405, 2384, 2195, 2396, 2191, 2144, 2169, 2154, 2185, 2142, 2171, 2130, 2175, 1990, 1951, 2000, 1967, 1988, 1953, 1976, 1957],
[2931, 2908, 2941, 2946, 2933, 2952, 2893, 3088, 3065, 2878, 3077, 2874, 3075, 2876, 2867, 2666, 2857, 2852, 2865, 2846, 2681, 2710, 2733, 2696, 2721, 2700, 2723, 2698, 2249, 2226, 2259, 2264, 2251, 2270, 2211, 2406, 2383, 2196, 2395, 2192, 2393, 2194, 2155, 2184, 2143, 2170, 2131, 2174, 2133, 2172, 2001, 1966, 1989, 1952, 1977, 1956, 1979, 1954],
[2994, 2963, 2986, 2953, 2998, 2991, 3006, 3001, 3020, 3029, 3052, 3041, 3018, 3031, 2804, 2835, 2812, 2845, 2800, 2807, 2792, 2797, 2778, 2769, 2746, 2757, 2780, 2767, 2312, 2281, 2304, 2271, 2316, 2309, 2324, 2319, 2338, 2347, 2370, 2359, 2336, 2349, 2104, 2099, 2118, 2127, 2086, 2075, 2116, 2129, 2016, 2021, 2002, 2057, 2034, 2045, 2004, 2055],
[2985, 2954, 2995, 2992, 2987, 3000, 3021, 3028, 3005, 3064, 3019, 3030, 3043, 3040, 2813, 2844, 2803, 2806, 2811, 2798, 2777, 2770, 2793, 2734, 2779, 2768, 2755, 2758, 2303, 2272, 2313, 2310, 2305, 2318, 2339, 2346, 2323, 2382, 2337, 2348, 2361, 2358, 2119, 2126, 2103, 2098, 2117, 2128, 2077, 2074, 2065, 2058, 2017, 2022, 2003, 2056, 2043, 2046],
[2964, 2993, 2962, 2999, 2990, 2997, 3004, 3007, 3002, 3051, 3042, 3053, 3032, 3017, 2834, 2805, 2836, 2799, 2808, 2801, 2794, 2791, 2796, 2747, 2756, 2745, 2766, 2781, 2282, 2311, 2280, 2317, 2308, 2315, 2322, 2325, 2320, 2369, 2360, 2371, 2350, 2335, 2102, 2105, 2100, 2085, 2076, 2087, 2066, 2115, 2018, 2015, 2020, 2035, 2044, 2033, 2054, 2005],
[2955, 2984, 2975, 2996, 2961, 2988, 3027, 3022, 3061, 3054, 3063, 3056, 3039, 3044, 2843, 2814, 2823, 2802, 2837, 2810, 2771, 2776, 2737, 2744, 2735, 2742, 2759, 2754, 2273, 2302, 2293, 2314, 2279, 2306, 2345, 2340, 2379, 2372, 2381, 2374, 2357, 2362, 2125, 2120, 2095, 2088, 2097, 2090, 2073, 2078, 2059, 2064, 2025, 2032, 2023, 2030, 2047, 2042],
[2974, 2965, 2980, 2989, 2976, 2969, 3008, 3003, 3026, 3057, 3050, 3045, 3016, 3033, 2824, 2833, 2818, 2809, 2822, 2829, 2790, 2795, 2772, 2741, 2748, 2753, 2782, 2765, 2292, 2283, 2298, 2307, 2294, 2287, 2326, 2321, 2344, 2375, 2368, 2363, 2334, 2351, 2106, 2101, 2124, 2091, 2084, 2079, 2114, 2067, 2014, 2019, 2060, 2029, 2036, 2041, 2006, 2053],
[2981, 2956, 2983, 2970, 2979, 2960, 3023, 3060, 3049, 3062, 3055, 3036, 3013, 3038, 2817, 2842, 2815, 2828, 2819, 2838, 2775, 2738, 2749, 2736, 2743, 2762, 2785, 2760, 2299, 2274, 2301, 2288, 2297, 2278, 2341, 2378, 2367, 2380, 2373, 2354, 2331, 2356, 2121, 2094, 2083, 2096, 2089, 2070, 2111, 2072, 2063, 2026, 2037, 2024, 2031, 2050, 2009, 2048],
[2966, 2973, 2958, 2977, 2968, 2971, 3048, 3009, 3058, 3025, 3046, 3011, 3034, 3015, 2832, 2825, 2840, 2821, 2830, 2827, 2750, 2789, 2740, 2773, 2752, 2787, 2764, 2783, 2284, 2291, 2276, 2295, 2286, 2289, 2366, 2327, 2376, 2343, 2364, 2329, 2352, 2333, 2082, 2107, 2092, 2123, 2080, 2109, 2068, 2113, 2038, 2013, 2028, 2061, 2040, 2011, 2052, 2007],
[2957, 2982, 2967, 2972, 2959, 2978, 3059, 3024, 3047, 3010, 3035, 3014, 3037, 3012, 2841, 2816, 2831, 2826, 2839, 2820, 2739, 2774, 2751, 2788, 2763, 2784, 2761, 2786, 2275, 2300, 2285, 2290, 2277, 2296, 2377, 2342, 2365, 2328, 2353, 2332, 2355, 2330, 2093, 2122, 2081, 2108, 2069, 2112, 2071, 2110, 2027, 2062, 2039, 2012, 2051, 2008, 2049, 2010],
],
