[
[543, 538, 557, 566, 525, 514, 555, 568, 581, 576, 595, 604, 627, 616, 593, 606, 357, 362, 343, 334, 375, 386, 345, 332, 319, 324, 305, 296, 273, 284, 307, 294, 1797, 1792, 1811, 1820, 1779, 1768, 1809, 1822, 1835, 1830, 1849, 1858, 1881, 1870, 1847, 1860, 1611, 1616, 1597, 1588, 1629, 1640, 1599, 1586, 1573, 1578, 1559, 1550, 1527, 1538, 1561, 1548],
[558, 565, 542, 537, 556, 567, 516, 513, 596, 603, 580, 575, 594, 605, 618, 615, 342, 335, 358, 363, 344, 333, 384, 387, 304, 297, 320, 325, 306, 295, 282, 285, 1812, 1819, 1796, 1791, 1810, 1821, 1770, 1767, 1850, 1857, 1834, 1829, 1848, 1859, 1872, 1869, 1596, 1589, 1612, 1617, 1598, 1587, 1638, 1641, 1558, 1551, 1574, 1579, 1560, 1549, 1536, 1539],
[541, 544, 539, 524, 515, 526, 569, 554, 579, 582, 577, 626, 617, 628, 607, 592, 359, 356, 361, 376, 385, 374, 331, 346, 321, 318, 323, 274, 283, 272, 293, 308, 1795, 1798, 1793, 1778, 1769, 1780, 1823, 1808, 1833, 1836, 1831, 1880, 1871, 1882, 1861, 1846, 1613, 1610, 1615, 1630, 1639, 1628, 1585, 1600, 1575, 1572, 1577, 1528, 1537, 1526, 1547, 1562],
[564, 559, 534, 527, 536, 529, 512, 517, 602, 597, 572, 629, 574, 631, 614, 619, 336, 341, 366, 373, 364, 371, 388, 383, 298, 303, 328, 271, 326, 269, 286, 281, 1818, 1813, 1788, 1781, 1790, 1783, 1766, 1771, 1856, 1851, 1826, 1883, 1828, 1885, 1868, 1873, 1590, 1595, 1620, 1627, 1618, 1625, 1642, 1637, 1552, 1557, 1582, 1525, 1580, 1523, 1540, 1535],
[545, 540, 563, 530, 523, 518, 553, 570, 583, 578, 601, 632, 625, 620, 591, 608, 355, 360, 337, 370, 377, 382, 347, 330, 317, 322, 299, 268, 275, 280, 309, 292, 1799, 1794, 1817, 1784, 1777, 1772, 1807, 1824, 1837, 1832, 1855, 1886, 1879, 1874, 1845, 1862, 1609, 1614, 1591, 1624, 1631, 1636, 1601, 1584, 1571, 1576, 1553, 1522, 1529, 1534, 1563, 1546],
[560, 533, 522, 535, 528, 509, 550, 511, 598, 571, 624, 573, 630, 611, 588, 613, 340, 367, 378, 365, 372, 391, 350, 389, 302, 329, 276, 327, 270, 289, 312, 287, 1814, 1787, 1776, 1789, 1782, 1763, 1804, 1765, 1852, 1825, 1878, 1827, 1884, 1865, 1842, 1867, 1594, 1621, 1632, 1619, 1626, 1645, 1604, 1643, 1556, 1583, 1530, 1581, 1524, 1543, 1566, 1541],
[521, 546, 531, 562, 519, 548, 507, 552, 623, 584, 633, 600, 621, 586, 609, 590, 379, 354, 369, 338, 381, 352, 393, 348, 277, 316, 267, 300, 279, 314, 291, 310, 1775, 1800, 1785, 1816, 1773, 1802, 1761, 1806, 1877, 1838, 1887, 1854, 1875, 1840, 1863, 1844, 1633, 1608, 1623, 1592, 1635, 1606, 1647, 1602, 1531, 1570, 1521, 1554, 1533, 1568, 1545, 1564],
[532, 561, 520, 547, 508, 551, 510, 549, 634, 599, 622, 585, 610, 589, 612, 587, 368, 339, 380, 353, 392, 349, 390, 351, 266, 301, 278, 315, 290, 311, 288, 313, 1786, 1815, 1774, 1801, 1762, 1805, 1764, 1803, 1888, 1853, 1876, 1839, 1864, 1843, 1866, 1841, 1622, 1593, 1634, 1607, 1646, 1603, 1644, 1605, 1520, 1555, 1532, 1569, 1544, 1565, 1542, 1567],
[481, 476, 495, 504, 463, 452, 493, 506, 649, 654, 635, 434, 667, 678, 637, 432, 419, 424, 405, 396, 181, 192, 407, 394, 251, 246, 265, 210, 233, 222, 263, 212, 1735, 1730, 1749, 1758, 1717, 1706, 1747, 1760, 1903, 1908, 1889, 1688, 1921, 1932, 1891, 1686, 1673, 1678, 1659, 1650, 1435, 1446, 1661, 1648, 1505, 1500, 1519, 1464, 1487, 1476, 1517, 1466],
[496, 503, 480, 475, 494, 505, 454, 451, 442, 435, 650, 655, 636, 433, 676, 679, 404, 397, 420, 425, 406, 395, 190, 193, 202, 209, 250, 245, 264, 211, 224, 221, 1750, 1757, 1734, 1729, 1748, 1759, 1708, 1705, 1696, 1689, 1904, 1909, 1890, 1687, 1930, 1933, 1658, 1651, 1674, 1679, 1660, 1649, 1444, 1447, 1456, 1463, 1504, 1499, 1518, 1465, 1478, 1475],
[479, 482, 477, 462, 453, 464, 443, 492, 651, 648, 653, 668, 677, 666, 431, 638, 421, 418, 423, 182, 191, 180, 201, 408, 249, 252, 247, 232, 223, 234, 213, 262, 1733, 1736, 1731, 1716, 1707, 1718, 1697, 1746, 1905, 1902, 1907, 1922, 1931, 1920, 1685, 1892, 1675, 1672, 1677, 1436, 1445, 1434, 1455, 1662, 1503, 1506, 1501, 1486, 1477, 1488, 1467, 1516],
[502, 497, 472, 465, 474, 467, 450, 455, 436, 441, 658, 665, 656, 663, 680, 675, 398, 403, 428, 179, 426, 177, 194, 189, 208, 203, 242, 235, 244, 237, 220, 225, 1756, 1751, 1726, 1719, 1728, 1721, 1704, 1709, 1690, 1695, 1912, 1919, 1910, 1917, 1934, 1929, 1652, 1657, 1682, 1433, 1680, 1431, 1448, 1443, 1462, 1457, 1496, 1489, 1498, 1491, 1474, 1479],
[483, 478, 501, 468, 461, 456, 491, 444, 647, 652, 437, 662, 669, 674, 639, 430, 417, 422, 399, 176, 183, 188, 409, 200, 253, 248, 207, 238, 231, 226, 261, 214, 1737, 1732, 1755, 1722, 1715, 1710, 1745, 1698, 1901, 1906, 1691, 1916, 1923, 1928, 1893, 1684, 1671, 1676, 1653, 1430, 1437, 1442, 1663, 1454, 1507, 1502, 1461, 1492, 1485, 1480, 1515, 1468],
[498, 471, 460, 473, 466, 447, 488, 449, 440, 659, 670, 657, 664, 683, 642, 681, 402, 429, 184, 427, 178, 197, 412, 195, 204, 241, 230, 243, 236, 217, 258, 219, 1752, 1725, 1714, 1727, 1720, 1701, 1742, 1703, 1694, 1913, 1924, 1911, 1918, 1937, 1896, 1935, 1656, 1683, 1438, 1681, 1432, 1451, 1666, 1449, 1458, 1495, 1484, 1497, 1490, 1471, 1512, 1473],
[459, 484, 469, 500, 457, 486, 445, 490, 671, 646, 661, 438, 673, 644, 685, 640, 185, 416, 175, 400, 187, 414, 199, 410, 229, 254, 239, 206, 227, 256, 215, 260, 1713, 1738, 1723, 1754, 1711, 1740, 1699, 1744, 1925, 1900, 1915, 1692, 1927, 1898, 1939, 1894, 1439, 1670, 1429, 1654, 1441, 1668, 1453, 1664, 1483, 1508, 1493, 1460, 1481, 1510, 1469, 1514],
[470, 499, 458, 485, 446, 489, 448, 487, 660, 439, 672, 645, 684, 641, 682, 643, 174, 401, 186, 415, 198, 411, 196, 413, 240, 205, 228, 255, 216, 259, 218, 257, 1724, 1753, 1712, 1739, 1700, 1743, 1702, 1741, 1914, 1693, 1926, 1899, 1938, 1895, 1936, 1897, 1428, 1655, 1440, 1669, 1452, 1665, 1450, 1667, 1494, 1459, 1482, 1509, 1470, 1513, 1472, 1511],
[749, 754, 735, 726, 767, 778, 737, 724, 711, 716, 697, 688, 921, 932, 699, 686, 159, 154, 173, 950, 141, 130, 171, 952, 965, 960, 979, 988, 1011, 1000, 977, 990, 2003, 2008, 1989, 1980, 2021, 2032, 1991, 1978, 1965, 1970, 1951, 1942, 1151, 1162, 1953, 1940, 1413, 1408, 1427, 1180, 1395, 1384, 1425, 1182, 1195, 1190, 1209, 1218, 1241, 1230, 1207, 1220],
[734, 727, 750, 755, 736, 725, 776, 779, 696, 689, 712, 717, 698, 687, 930, 933, 942, 949, 158, 153, 172, 951, 132, 129, 980, 987, 964, 959, 978, 989, 1002, 999, 1988, 1981, 2004, 2009, 1990, 1979, 2030, 2033, 1950, 1943, 1966, 1971, 1952, 1941, 1160, 1163, 1172, 1179, 1412, 1407, 1426, 1181, 1386, 1383, 1210, 1217, 1194, 1189, 1208, 1219, 1232, 1229],
[751, 748, 753, 768, 777, 766, 723, 738, 713, 710, 715, 922, 931, 920, 941, 700, 157, 160, 155, 140, 131, 142, 953, 170, 963, 966, 961, 1010, 1001, 1012, 991, 976, 2005, 2002, 2007, 2022, 2031, 2020, 1977, 1992, 1967, 1964, 1969, 1152, 1161, 1150, 1171, 1954, 1411, 1414, 1409, 1394, 1385, 1396, 1183, 1424, 1193, 1196, 1191, 1240, 1231, 1242, 1221, 1206],
[728, 733, 758, 765, 756, 763, 780, 775, 690, 695, 720, 919, 718, 917, 934, 929, 948, 943, 150, 143, 152, 145, 128, 133, 986, 981, 956, 1013, 958, 1015, 998, 1003, 1982, 1987, 2012, 2019, 2010, 2017, 2034, 2029, 1944, 1949, 1974, 1149, 1972, 1147, 1164, 1159, 1178, 1173, 1404, 1397, 1406, 1399, 1382, 1387, 1216, 1211, 1186, 1243, 1188, 1245, 1228, 1233],
[747, 752, 729, 762, 769, 774, 739, 722, 709, 714, 691, 916, 923, 928, 701, 940, 161, 156, 947, 146, 139, 134, 169, 954, 967, 962, 985, 1016, 1009, 1004, 975, 992, 2001, 2006, 1983, 2016, 2023, 2028, 1993, 1976, 1963, 1968, 1945, 1146, 1153, 1158, 1955, 1170, 1415, 1410, 1177, 1400, 1393, 1388, 1423, 1184, 1197, 1192, 1215, 1246, 1239, 1234, 1205, 1222],
[732, 759, 770, 757, 764, 783, 742, 781, 694, 721, 924, 719, 918, 937, 704, 935, 944, 149, 138, 151, 144, 125, 166, 127, 982, 955, 1008, 957, 1014, 995, 972, 997, 1986, 2013, 2024, 2011, 2018, 2037, 1996, 2035, 1948, 1975, 1154, 1973, 1148, 1167, 1958, 1165, 1174, 1403, 1392, 1405, 1398, 1379, 1420, 1381, 1212, 1185, 1238, 1187, 1244, 1225, 1202, 1227],
[771, 746, 761, 730, 773, 744, 785, 740, 925, 708, 915, 692, 927, 706, 939, 702, 137, 162, 147, 946, 135, 164, 123, 168, 1007, 968, 1017, 984, 1005, 970, 993, 974, 2025, 2000, 2015, 1984, 2027, 1998, 2039, 1994, 1155, 1962, 1145, 1946, 1157, 1960, 1169, 1956, 1391, 1416, 1401, 1176, 1389, 1418, 1377, 1422, 1237, 1198, 1247, 1214, 1235, 1200, 1223, 1204],
[760, 731, 772, 745, 784, 741, 782, 743, 914, 693, 926, 707, 938, 703, 936, 705, 148, 945, 136, 163, 124, 167, 126, 165, 1018, 983, 1006, 969, 994, 973, 996, 971, 2014, 1985, 2026, 1999, 2038, 1995, 2036, 1997, 1144, 1947, 1156, 1961, 1168, 1957, 1166, 1959, 1402, 1175, 1390, 1417, 1378, 1421, 1380, 1419, 1248, 1213, 1236, 1199, 1224, 1203, 1226, 1201],
[811, 816, 797, 788, 829, 840, 799, 786, 899, 894, 913, 858, 881, 870, 911, 860, 97, 92, 111, 120, 79, 68, 109, 122, 9, 14, 1019, 50, 27, 38, 1021, 48, 1041, 1046, 1027, 2042, 1059, 1070, 1029, 2040, 1129, 1124, 1143, 1088, 1111, 1100, 1141, 1090, 1351, 1346, 1365, 1374, 1333, 1322, 1363, 1376, 1263, 1268, 1249, 1304, 1281, 1292, 1251, 1302],
[796, 789, 812, 817, 798, 787, 838, 841, 850, 857, 898, 893, 912, 859, 872, 869, 112, 119, 96, 91, 110, 121, 70, 67, 58, 51, 10, 15, 1020, 49, 36, 39, 1026, 2043, 1042, 1047, 1028, 2041, 1068, 1071, 1080, 1087, 1128, 1123, 1142, 1089, 1102, 1099, 1366, 1373, 1350, 1345, 1364, 1375, 1324, 1321, 1312, 1305, 1264, 1269, 1250, 1303, 1290, 1293],
[813, 810, 815, 830, 839, 828, 849, 800, 897, 900, 895, 880, 871, 882, 861, 910, 95, 98, 93, 78, 69, 80, 59, 108, 11, 8, 13, 28, 37, 26, 47, 1022, 1043, 1040, 1045, 1060, 1069, 1058, 1079, 1030, 1127, 1130, 1125, 1110, 1101, 1112, 1091, 1140, 1349, 1352, 1347, 1332, 1323, 1334, 1313, 1362, 1265, 1262, 1267, 1282, 1291, 1280, 1301, 1252],
[790, 795, 820, 827, 818, 825, 842, 837, 856, 851, 890, 883, 892, 885, 868, 873, 118, 113, 88, 81, 90, 83, 66, 71, 52, 57, 18, 25, 16, 23, 40, 35, 2044, 1025, 1050, 1057, 1048, 1055, 1072, 1067, 1086, 1081, 1120, 1113, 1122, 1115, 1098, 1103, 1372, 1367, 1342, 1335, 1344, 1337, 1320, 1325, 1306, 1311, 1272, 1279, 1270, 1277, 1294, 1289],
[809, 814, 791, 824, 831, 836, 801, 848, 901, 896, 855, 886, 879, 874, 909, 862, 99, 94, 117, 84, 77, 72, 107, 60, 7, 12, 53, 22, 29, 34, 1023, 46, 1039, 1044, 2045, 1054, 1061, 1066, 1031, 1078, 1131, 1126, 1085, 1116, 1109, 1104, 1139, 1092, 1353, 1348, 1371, 1338, 1331, 1326, 1361, 1314, 1261, 1266, 1307, 1276, 1283, 1288, 1253, 1300],
[794, 821, 832, 819, 826, 845, 804, 843, 852, 889, 878, 891, 884, 865, 906, 867, 114, 87, 76, 89, 82, 63, 104, 65, 56, 19, 30, 17, 24, 43, 2, 41, 1024, 1051, 1062, 1049, 1056, 1075, 1034, 1073, 1082, 1119, 1108, 1121, 1114, 1095, 1136, 1097, 1368, 1341, 1330, 1343, 1336, 1317, 1358, 1319, 1310, 1273, 1284, 1271, 1278, 1297, 1256, 1295],
[833, 808, 823, 792, 835, 806, 847, 802, 877, 902, 887, 854, 875, 904, 863, 908, 75, 100, 85, 116, 73, 102, 61, 106, 31, 6, 21, 54, 33, 4, 45, 0, 1063, 1038, 1053, 2046, 1065, 1036, 1077, 1032, 1107, 1132, 1117, 1084, 1105, 1134, 1093, 1138, 1329, 1354, 1339, 1370, 1327, 1356, 1315, 1360, 1285, 1260, 1275, 1308, 1287, 1258, 1299, 1254],
[822, 793, 834, 807, 846, 803, 844, 805, 888, 853, 876, 903, 864, 907, 866, 905, 86, 115, 74, 101, 62, 105, 64, 103, 20, 55, 32, 5, 44, 1, 42, 3, 1052, 2047, 1064, 1037, 1076, 1033, 1074, 1035, 1118, 1083, 1106, 1133, 1094, 1137, 1096, 1135, 1340, 1369, 1328, 1355, 1316, 1359, 1318, 1357, 1274, 1309, 1286, 1259, 1298, 1255, 1296, 1257],
[3307, 3302, 3321, 3330, 3289, 3278, 3319, 3332, 3345, 3340, 3359, 3368, 3391, 3380, 3357, 3370, 3121, 3126, 3107, 3098, 3139, 3150, 3109, 3096, 3083, 3088, 4093, 4084, 4061, 4072, 4095, 4082, 3049, 3044, 3063, 2048, 3031, 3020, 3061, 2050, 2063, 2058, 2077, 2086, 2109, 2098, 2075, 2088, 2863, 2868, 2849, 2840, 2881, 2892, 2851, 2838, 2825, 2830, 2811, 2802, 2779, 2790, 2813, 2800],
[3322, 3329, 3306, 3301, 3320, 3331, 3280, 3277, 3360, 3367, 3344, 3339, 3358, 3369, 3382, 3379, 3106, 3099, 3122, 3127, 3108, 3097, 3148, 3151, 4092, 4085, 3084, 3089, 4094, 4083, 4070, 4073, 3064, 3071, 3048, 3043, 3062, 2049, 3022, 3019, 2078, 2085, 2062, 2057, 2076, 2087, 2100, 2097, 2848, 2841, 2864, 2869, 2850, 2839, 2890, 2893, 2810, 2803, 2826, 2831, 2812, 2801, 2788, 2791],
[3305, 3308, 3303, 3288, 3279, 3290, 3333, 3318, 3343, 3346, 3341, 3390, 3381, 3392, 3371, 3356, 3123, 3120, 3125, 3140, 3149, 3138, 3095, 3110, 3085, 3082, 3087, 4062, 4071, 4060, 4081, 3072, 3047, 3050, 3045, 3030, 3021, 3032, 2051, 3060, 2061, 2064, 2059, 2108, 2099, 2110, 2089, 2074, 2865, 2862, 2867, 2882, 2891, 2880, 2837, 2852, 2827, 2824, 2829, 2780, 2789, 2778, 2799, 2814],
[3328, 3323, 3298, 3291, 3300, 3293, 3276, 3281, 3366, 3361, 3336, 3393, 3338, 3395, 3378, 3383, 3100, 3105, 3130, 3137, 3128, 3135, 3152, 3147, 4086, 4091, 3092, 4059, 3090, 4057, 4074, 4069, 3070, 3065, 3040, 3033, 3042, 3035, 3018, 3023, 2084, 2079, 2054, 2111, 2056, 2113, 2096, 2101, 2842, 2847, 2872, 2879, 2870, 2877, 2894, 2889, 2804, 2809, 2834, 2777, 2832, 2775, 2792, 2787],
[3309, 3304, 3327, 3294, 3287, 3282, 3317, 3334, 3347, 3342, 3365, 3396, 3389, 3384, 3355, 3372, 3119, 3124, 3101, 3134, 3141, 3146, 3111, 3094, 3081, 3086, 4087, 4056, 4063, 4068, 3073, 4080, 3051, 3046, 3069, 3036, 3029, 3024, 3059, 2052, 2065, 2060, 2083, 2114, 2107, 2102, 2073, 2090, 2861, 2866, 2843, 2876, 2883, 2888, 2853, 2836, 2823, 2828, 2805, 2774, 2781, 2786, 2815, 2798],
[3324, 3297, 3286, 3299, 3292, 3273, 3314, 3275, 3362, 3335, 3388, 3337, 3394, 3375, 3352, 3377, 3104, 3131, 3142, 3129, 3136, 3155, 3114, 3153, 4090, 3093, 4064, 3091, 4058, 4077, 3076, 4075, 3066, 3039, 3028, 3041, 3034, 3015, 3056, 3017, 2080, 2053, 2106, 2055, 2112, 2093, 2070, 2095, 2846, 2873, 2884, 2871, 2878, 2897, 2856, 2895, 2808, 2835, 2782, 2833, 2776, 2795, 2818, 2793],
[3285, 3310, 3295, 3326, 3283, 3312, 3271, 3316, 3387, 3348, 3397, 3364, 3385, 3350, 3373, 3354, 3143, 3118, 3133, 3102, 3145, 3116, 3157, 3112, 4065, 3080, 4055, 4088, 4067, 3078, 4079, 3074, 3027, 3052, 3037, 3068, 3025, 3054, 3013, 3058, 2105, 2066, 2115, 2082, 2103, 2068, 2091, 2072, 2885, 2860, 2875, 2844, 2887, 2858, 2899, 2854, 2783, 2822, 2773, 2806, 2785, 2820, 2797, 2816],
[3296, 3325, 3284, 3311, 3272, 3315, 3274, 3313, 3398, 3363, 3386, 3349, 3374, 3353, 3376, 3351, 3132, 3103, 3144, 3117, 3156, 3113, 3154, 3115, 4054, 4089, 4066, 3079, 4078, 3075, 4076, 3077, 3038, 3067, 3026, 3053, 3014, 3057, 3016, 3055, 2116, 2081, 2104, 2067, 2092, 2071, 2094, 2069, 2874, 2845, 2886, 2859, 2898, 2855, 2896, 2857, 2772, 2807, 2784, 2821, 2796, 2817, 2794, 2819],
[3245, 3240, 3259, 3268, 3227, 3216, 3257, 3270, 3413, 3418, 3399, 3198, 3431, 3442, 3401, 3196, 3183, 3188, 3169, 3160, 3969, 3980, 3171, 3158, 4039, 4034, 4053, 3998, 4021, 4010, 4051, 4000, 2987, 2982, 3001, 3010, 2969, 2958, 2999, 3012, 2131, 2136, 2117, 2940, 2149, 2160, 2119, 2938, 2925, 2930, 2911, 2902, 2687, 2698, 2913, 2900, 2757, 2752, 2771, 2716, 2739, 2728, 2769, 2718],
[3260, 3267, 3244, 3239, 3258, 3269, 3218, 3215, 3206, 3199, 3414, 3419, 3400, 3197, 3440, 3443, 3168, 3161, 3184, 3189, 3170, 3159, 3978, 3981, 3990, 3997, 4038, 4033, 4052, 3999, 4012, 4009, 3002, 3009, 2986, 2981, 3000, 3011, 2960, 2957, 2948, 2941, 2132, 2137, 2118, 2939, 2158, 2161, 2910, 2903, 2926, 2931, 2912, 2901, 2696, 2699, 2708, 2715, 2756, 2751, 2770, 2717, 2730, 2727],
[3243, 3246, 3241, 3226, 3217, 3228, 3207, 3256, 3415, 3412, 3417, 3432, 3441, 3430, 3195, 3402, 3185, 3182, 3187, 3970, 3979, 3968, 3989, 3172, 4037, 4040, 4035, 4020, 4011, 4022, 4001, 4050, 2985, 2988, 2983, 2968, 2959, 2970, 2949, 2998, 2133, 2130, 2135, 2150, 2159, 2148, 2937, 2120, 2927, 2924, 2929, 2688, 2697, 2686, 2707, 2914, 2755, 2758, 2753, 2738, 2729, 2740, 2719, 2768],
[3266, 3261, 3236, 3229, 3238, 3231, 3214, 3219, 3200, 3205, 3422, 3429, 3420, 3427, 3444, 3439, 3162, 3167, 3192, 3967, 3190, 3965, 3982, 3977, 3996, 3991, 4030, 4023, 4032, 4025, 4008, 4013, 3008, 3003, 2978, 2971, 2980, 2973, 2956, 2961, 2942, 2947, 2140, 2147, 2138, 2145, 2162, 2157, 2904, 2909, 2934, 2685, 2932, 2683, 2700, 2695, 2714, 2709, 2748, 2741, 2750, 2743, 2726, 2731],
[3247, 3242, 3265, 3232, 3225, 3220, 3255, 3208, 3411, 3416, 3201, 3426, 3433, 3438, 3403, 3194, 3181, 3186, 3163, 3964, 3971, 3976, 3173, 3988, 4041, 4036, 3995, 4026, 4019, 4014, 4049, 4002, 2989, 2984, 3007, 2974, 2967, 2962, 2997, 2950, 2129, 2134, 2943, 2144, 2151, 2156, 2121, 2936, 2923, 2928, 2905, 2682, 2689, 2694, 2915, 2706, 2759, 2754, 2713, 2744, 2737, 2732, 2767, 2720],
[3262, 3235, 3224, 3237, 3230, 3211, 3252, 3213, 3204, 3423, 3434, 3421, 3428, 3447, 3406, 3445, 3166, 3193, 3972, 3191, 3966, 3985, 3176, 3983, 3992, 4029, 4018, 4031, 4024, 4005, 4046, 4007, 3004, 2977, 2966, 2979, 2972, 2953, 2994, 2955, 2946, 2141, 2152, 2139, 2146, 2165, 2124, 2163, 2908, 2935, 2690, 2933, 2684, 2703, 2918, 2701, 2710, 2747, 2736, 2749, 2742, 2723, 2764, 2725],
[3223, 3248, 3233, 3264, 3221, 3250, 3209, 3254, 3435, 3410, 3425, 3202, 3437, 3408, 3449, 3404, 3973, 3180, 3963, 3164, 3975, 3178, 3987, 3174, 4017, 4042, 4027, 3994, 4015, 4044, 4003, 4048, 2965, 2990, 2975, 3006, 2963, 2992, 2951, 2996, 2153, 2128, 2143, 2944, 2155, 2126, 2167, 2122, 2691, 2922, 2681, 2906, 2693, 2920, 2705, 2916, 2735, 2760, 2745, 2712, 2733, 2762, 2721, 2766],
[3234, 3263, 3222, 3249, 3210, 3253, 3212, 3251, 3424, 3203, 3436, 3409, 3448, 3405, 3446, 3407, 3962, 3165, 3974, 3179, 3986, 3175, 3984, 3177, 4028, 3993, 4016, 4043, 4004, 4047, 4006, 4045, 2976, 3005, 2964, 2991, 2952, 2995, 2954, 2993, 2142, 2945, 2154, 2127, 2166, 2123, 2164, 2125, 2680, 2907, 2692, 2921, 2704, 2917, 2702, 2919, 2746, 2711, 2734, 2761, 2722, 2765, 2724, 2763],
[3513, 3518, 3499, 3490, 3531, 3542, 3501, 3488, 3475, 3480, 3461, 3452, 3685, 3696, 3463, 3450, 3947, 3942, 3961, 3714, 3929, 3918, 3959, 3716, 3729, 3724, 3743, 3752, 3775, 3764, 3741, 3754, 2231, 2236, 2217, 2208, 2249, 2260, 2219, 2206, 2193, 2198, 2179, 2170, 2403, 2414, 2181, 2168, 2665, 2660, 2679, 2432, 2647, 2636, 2677, 2434, 2447, 2442, 2461, 2470, 2493, 2482, 2459, 2472],
[3498, 3491, 3514, 3519, 3500, 3489, 3540, 3543, 3460, 3453, 3476, 3481, 3462, 3451, 3694, 3697, 3706, 3713, 3946, 3941, 3960, 3715, 3920, 3917, 3744, 3751, 3728, 3723, 3742, 3753, 3766, 3763, 2216, 2209, 2232, 2237, 2218, 2207, 2258, 2261, 2178, 2171, 2194, 2199, 2180, 2169, 2412, 2415, 2424, 2431, 2664, 2659, 2678, 2433, 2638, 2635, 2462, 2469, 2446, 2441, 2460, 2471, 2484, 2481],
[3515, 3512, 3517, 3532, 3541, 3530, 3487, 3502, 3477, 3474, 3479, 3686, 3695, 3684, 3705, 3464, 3945, 3948, 3943, 3928, 3919, 3930, 3717, 3958, 3727, 3730, 3725, 3774, 3765, 3776, 3755, 3740, 2233, 2230, 2235, 2250, 2259, 2248, 2205, 2220, 2195, 2192, 2197, 2404, 2413, 2402, 2423, 2182, 2663, 2666, 2661, 2646, 2637, 2648, 2435, 2676, 2445, 2448, 2443, 2492, 2483, 2494, 2473, 2458],
[3492, 3497, 3522, 3529, 3520, 3527, 3544, 3539, 3454, 3459, 3484, 3683, 3482, 3681, 3698, 3693, 3712, 3707, 3938, 3931, 3940, 3933, 3916, 3921, 3750, 3745, 3720, 3777, 3722, 3779, 3762, 3767, 2210, 2215, 2240, 2247, 2238, 2245, 2262, 2257, 2172, 2177, 2202, 2401, 2200, 2399, 2416, 2411, 2430, 2425, 2656, 2649, 2658, 2651, 2634, 2639, 2468, 2463, 2438, 2495, 2440, 2497, 2480, 2485],
[3511, 3516, 3493, 3526, 3533, 3538, 3503, 3486, 3473, 3478, 3455, 3680, 3687, 3692, 3465, 3704, 3949, 3944, 3711, 3934, 3927, 3922, 3957, 3718, 3731, 3726, 3749, 3780, 3773, 3768, 3739, 3756, 2229, 2234, 2211, 2244, 2251, 2256, 2221, 2204, 2191, 2196, 2173, 2398, 2405, 2410, 2183, 2422, 2667, 2662, 2429, 2652, 2645, 2640, 2675, 2436, 2449, 2444, 2467, 2498, 2491, 2486, 2457, 2474],
[3496, 3523, 3534, 3521, 3528, 3547, 3506, 3545, 3458, 3485, 3688, 3483, 3682, 3701, 3468, 3699, 3708, 3937, 3926, 3939, 3932, 3913, 3954, 3915, 3746, 3719, 3772, 3721, 3778, 3759, 3736, 3761, 2214, 2241, 2252, 2239, 2246, 2265, 2224, 2263, 2176, 2203, 2406, 2201, 2400, 2419, 2186, 2417, 2426, 2655, 2644, 2657, 2650, 2631, 2672, 2633, 2464, 2437, 2490, 2439, 2496, 2477, 2454, 2479],
[3535, 3510, 3525, 3494, 3537, 3508, 3549, 3504, 3689, 3472, 3679, 3456, 3691, 3470, 3703, 3466, 3925, 3950, 3935, 3710, 3923, 3952, 3911, 3956, 3771, 3732, 3781, 3748, 3769, 3734, 3757, 3738, 2253, 2228, 2243, 2212, 2255, 2226, 2267, 2222, 2407, 2190, 2397, 2174, 2409, 2188, 2421, 2184, 2643, 2668, 2653, 2428, 2641, 2670, 2629, 2674, 2489, 2450, 2499, 2466, 2487, 2452, 2475, 2456],
[3524, 3495, 3536, 3509, 3548, 3505, 3546, 3507, 3678, 3457, 3690, 3471, 3702, 3467, 3700, 3469, 3936, 3709, 3924, 3951, 3912, 3955, 3914, 3953, 3782, 3747, 3770, 3733, 3758, 3737, 3760, 3735, 2242, 2213, 2254, 2227, 2266, 2223, 2264, 2225, 2396, 2175, 2408, 2189, 2420, 2185, 2418, 2187, 2654, 2427, 2642, 2669, 2630, 2673, 2632, 2671, 2500, 2465, 2488, 2451, 2476, 2455, 2478, 2453],
[3575, 3580, 3561, 3552, 3593, 3604, 3563, 3550, 3663, 3658, 3677, 3622, 3645, 3634, 3675, 3624, 3885, 3880, 3899, 3908, 3867, 3856, 3897, 3910, 3797, 3802, 3783, 3838, 3815, 3826, 3785, 3836, 2293, 2298, 2279, 2270, 2311, 2322, 2281, 2268, 2381, 2376, 2395, 2340, 2363, 2352, 2393, 2342, 2603, 2598, 2617, 2626, 2585, 2574, 2615, 2628, 2515, 2520, 2501, 2556, 2533, 2544, 2503, 2554],
[3560, 3553, 3576, 3581, 3562, 3551, 3602, 3605, 3614, 3621, 3662, 3657, 3676, 3623, 3636, 3633, 3900, 3907, 3884, 3879, 3898, 3909, 3858, 3855, 3846, 3839, 3798, 3803, 3784, 3837, 3824, 3827, 2278, 2271, 2294, 2299, 2280, 2269, 2320, 2323, 2332, 2339, 2380, 2375, 2394, 2341, 2354, 2351, 2618, 2625, 2602, 2597, 2616, 2627, 2576, 2573, 2564, 2557, 2516, 2521, 2502, 2555, 2542, 2545],
[3577, 3574, 3579, 3594, 3603, 3592, 3613, 3564, 3661, 3664, 3659, 3644, 3635, 3646, 3625, 3674, 3883, 3886, 3881, 3866, 3857, 3868, 3847, 3896, 3799, 3796, 3801, 3816, 3825, 3814, 3835, 3786, 2295, 2292, 2297, 2312, 2321, 2310, 2331, 2282, 2379, 2382, 2377, 2362, 2353, 2364, 2343, 2392, 2601, 2604, 2599, 2584, 2575, 2586, 2565, 2614, 2517, 2514, 2519, 2534, 2543, 2532, 2553, 2504],
[3554, 3559, 3584, 3591, 3582, 3589, 3606, 3601, 3620, 3615, 3654, 3647, 3656, 3649, 3632, 3637, 3906, 3901, 3876, 3869, 3878, 3871, 3854, 3859, 3840, 3845, 3806, 3813, 3804, 3811, 3828, 3823, 2272, 2277, 2302, 2309, 2300, 2307, 2324, 2319, 2338, 2333, 2372, 2365, 2374, 2367, 2350, 2355, 2624, 2619, 2594, 2587, 2596, 2589, 2572, 2577, 2558, 2563, 2524, 2531, 2522, 2529, 2546, 2541],
[3573, 3578, 3555, 3588, 3595, 3600, 3565, 3612, 3665, 3660, 3619, 3650, 3643, 3638, 3673, 3626, 3887, 3882, 3905, 3872, 3865, 3860, 3895, 3848, 3795, 3800, 3841, 3810, 3817, 3822, 3787, 3834, 2291, 2296, 2273, 2306, 2313, 2318, 2283, 2330, 2383, 2378, 2337, 2368, 2361, 2356, 2391, 2344, 2605, 2600, 2623, 2590, 2583, 2578, 2613, 2566, 2513, 2518, 2559, 2528, 2535, 2540, 2505, 2552],
[3558, 3585, 3596, 3583, 3590, 3609, 3568, 3607, 3616, 3653, 3642, 3655, 3648, 3629, 3670, 3631, 3902, 3875, 3864, 3877, 3870, 3851, 3892, 3853, 3844, 3807, 3818, 3805, 3812, 3831, 3790, 3829, 2276, 2303, 2314, 2301, 2308, 2327, 2286, 2325, 2334, 2371, 2360, 2373, 2366, 2347, 2388, 2349, 2620, 2593, 2582, 2595, 2588, 2569, 2610, 2571, 2562, 2525, 2536, 2523, 2530, 2549, 2508, 2547],
[3597, 3572, 3587, 3556, 3599, 3570, 3611, 3566, 3641, 3666, 3651, 3618, 3639, 3668, 3627, 3672, 3863, 3888, 3873, 3904, 3861, 3890, 3849, 3894, 3819, 3794, 3809, 3842, 3821, 3792, 3833, 3788, 2315, 2290, 2305, 2274, 2317, 2288, 2329, 2284, 2359, 2384, 2369, 2336, 2357, 2386, 2345, 2390, 2581, 2606, 2591, 2622, 2579, 2608, 2567, 2612, 2537, 2512, 2527, 2560, 2539, 2510, 2551, 2506],
[3586, 3557, 3598, 3571, 3610, 3567, 3608, 3569, 3652, 3617, 3640, 3667, 3628, 3671, 3630, 3669, 3874, 3903, 3862, 3889, 3850, 3893, 3852, 3891, 3808, 3843, 3820, 3793, 3832, 3789, 3830, 3791, 2304, 2275, 2316, 2289, 2328, 2285, 2326, 2287, 2370, 2335, 2358, 2385, 2346, 2389, 2348, 2387, 2592, 2621, 2580, 2607, 2568, 2611, 2570, 2609, 2526, 2561, 2538, 2511, 2550, 2507, 2548, 2509],
],
