543,	538,	557,	566,	525,	514,	555,	568,	581,	576,	595,	604,	627,	616,	593,	606,	357,	362,	343,	334,	375,	386,	345,	332,	319,	324,	305,	296,	273,	284,	307,	294,	1861,	1856,	1875,	1884,	1843,	1832,	1873,	1886,	1899,	1894,	1913,	1922,	1945,	1934,	1911,	1924,	1675,	1680,	1661,	1652,	1693,	1704,	1663,	1650,	1629,	1584,	1593,	1644,	1627,	1582,	1595,	1642,	1625,	1622,	
558,	565,	542,	537,	556,	567,	516,	513,	596,	603,	580,	575,	594,	605,	618,	615,	342,	335,	358,	363,	344,	333,	384,	387,	304,	297,	320,	325,	306,	295,	282,	285,	1876,	1883,	1860,	1855,	1874,	1885,	1834,	1831,	1914,	1921,	1898,	1893,	1912,	1923,	1936,	1933,	1660,	1653,	1676,	1681,	1662,	1651,	1702,	1705,	1592,	1645,	1628,	1583,	1594,	1643,	1626,	1623,	1596,	1641,	
541,	544,	539,	524,	515,	526,	569,	554,	579,	582,	577,	626,	617,	628,	607,	592,	359,	356,	361,	376,	385,	374,	331,	346,	321,	318,	323,	274,	283,	272,	293,	308,	1859,	1862,	1857,	1842,	1833,	1844,	1887,	1872,	1897,	1900,	1895,	1944,	1935,	1946,	1925,	1910,	1677,	1674,	1679,	1694,	1703,	1692,	1649,	1664,	1585,	1630,	1591,	1606,	1581,	1612,	1599,	1578,	1621,	1624,	
564,	559,	534,	527,	536,	529,	512,	517,	602,	597,	572,	629,	574,	631,	614,	619,	336,	341,	366,	373,	364,	371,	388,	383,	298,	303,	328,	271,	326,	269,	286,	281,	1882,	1877,	1852,	1845,	1854,	1847,	1830,	1835,	1920,	1915,	1890,	1947,	1892,	1949,	1932,	1937,	1654,	1659,	1684,	1691,	1682,	1689,	1706,	1701,	1646,	1607,	1586,	1609,	1600,	1615,	1580,	1611,	1640,	1597,	
545,	540,	563,	530,	523,	518,	553,	570,	583,	578,	601,	632,	625,	620,	591,	608,	355,	360,	337,	370,	377,	382,	347,	330,	317,	322,	299,	268,	275,	280,	309,	292,	1863,	1858,	1881,	1848,	1841,	1836,	1871,	1888,	1901,	1896,	1919,	1950,	1943,	1938,	1909,	1926,	1673,	1678,	1655,	1688,	1695,	1700,	1665,	1648,	1631,	1590,	1605,	1616,	1613,	1610,	1577,	1598,	1579,	1620,	
560,	533,	522,	535,	528,	509,	550,	511,	598,	571,	624,	573,	630,	611,	588,	613,	340,	367,	378,	365,	372,	391,	350,	389,	302,	329,	276,	327,	270,	289,	312,	287,	1878,	1851,	1840,	1853,	1846,	1827,	1868,	1829,	1916,	1889,	1942,	1891,	1948,	1929,	1906,	1931,	1658,	1685,	1696,	1683,	1690,	1709,	1668,	1707,	1604,	1647,	1608,	1587,	1576,	1601,	1614,	1637,	1572,	1639,	
521,	546,	531,	562,	519,	548,	507,	552,	623,	584,	633,	600,	621,	586,	609,	590,	379,	354,	369,	338,	381,	352,	393,	348,	277,	316,	267,	300,	279,	314,	291,	310,	1839,	1864,	1849,	1880,	1837,	1866,	1825,	1870,	1941,	1902,	1951,	1918,	1939,	1904,	1927,	1908,	1697,	1672,	1687,	1656,	1699,	1670,	1711,	1666,	1589,	1632,	1569,	1602,	1617,	1634,	1571,	1574,	1619,	1636,	
532,	561,	520,	547,	508,	551,	510,	549,	634,	599,	622,	585,	610,	589,	612,	587,	368,	339,	380,	353,	392,	349,	390,	351,	266,	301,	278,	315,	290,	311,	288,	313,	1850,	1879,	1838,	1865,	1826,	1869,	1828,	1867,	1952,	1917,	1940,	1903,	1928,	1907,	1930,	1905,	1686,	1657,	1698,	1671,	1710,	1667,	1708,	1669,	1568,	1603,	1588,	1633,	1570,	1575,	1618,	1635,	1638,	1573,	
481,	476,	495,	504,	463,	452,	493,	506,	649,	654,	635,	434,	667,	678,	637,	432,	419,	424,	405,	396,	181,	192,	407,	394,	251,	246,	265,	210,	233,	222,	263,	212,	1799,	1794,	1813,	1822,	1781,	1770,	1811,	1824,	1967,	1972,	1953,	1752,	1985,	1996,	1955,	1750,	1737,	1742,	1723,	1714,	1467,	1478,	1725,	1712,	1531,	1496,	1567,	1516,	1533,	1498,	1565,	1518,	1535,	1538,	
496,	503,	480,	475,	494,	505,	454,	451,	442,	435,	650,	655,	636,	433,	676,	679,	404,	397,	420,	425,	406,	395,	190,	193,	202,	209,	250,	245,	264,	211,	224,	221,	1814,	1821,	1798,	1793,	1812,	1823,	1772,	1769,	1760,	1753,	1968,	1973,	1954,	1751,	1994,	1997,	1722,	1715,	1738,	1743,	1724,	1713,	1476,	1479,	1488,	1515,	1532,	1497,	1566,	1517,	1534,	1537,	1564,	1519,	
479,	482,	477,	462,	453,	464,	443,	492,	651,	648,	653,	668,	677,	666,	431,	638,	421,	418,	423,	182,	191,	180,	201,	408,	249,	252,	247,	232,	223,	234,	213,	262,	1797,	1800,	1795,	1780,	1771,	1782,	1761,	1810,	1969,	1966,	1971,	1986,	1995,	1984,	1749,	1956,	1739,	1736,	1741,	1468,	1477,	1466,	1487,	1726,	1495,	1530,	1489,	1554,	1499,	1548,	1561,	1502,	1539,	1536,	
502,	497,	472,	465,	474,	467,	450,	455,	436,	441,	658,	665,	656,	663,	680,	675,	398,	403,	428,	179,	426,	177,	194,	189,	208,	203,	242,	235,	244,	237,	220,	225,	1820,	1815,	1790,	1783,	1792,	1785,	1768,	1773,	1754,	1759,	1976,	1983,	1974,	1981,	1998,	1993,	1716,	1721,	1746,	1465,	1744,	1463,	1480,	1475,	1514,	1553,	1494,	1551,	1560,	1545,	1500,	1549,	1520,	1563,	
483,	478,	501,	468,	461,	456,	491,	444,	647,	652,	437,	662,	669,	674,	639,	430,	417,	422,	399,	176,	183,	188,	409,	200,	253,	248,	207,	238,	231,	226,	261,	214,	1801,	1796,	1819,	1786,	1779,	1774,	1809,	1762,	1965,	1970,	1755,	1980,	1987,	1992,	1957,	1748,	1735,	1740,	1717,	1462,	1469,	1474,	1727,	1486,	1529,	1490,	1555,	1544,	1547,	1550,	1503,	1562,	1501,	1540,	
498,	471,	460,	473,	466,	447,	488,	449,	440,	659,	670,	657,	664,	683,	642,	681,	402,	429,	184,	427,	178,	197,	412,	195,	204,	241,	230,	243,	236,	217,	258,	219,	1816,	1789,	1778,	1791,	1784,	1765,	1806,	1767,	1758,	1977,	1988,	1975,	1982,	2001,	1960,	1999,	1720,	1747,	1470,	1745,	1464,	1483,	1730,	1481,	1556,	1513,	1552,	1493,	1504,	1559,	1546,	1523,	1508,	1521,	
459,	484,	469,	500,	457,	486,	445,	490,	671,	646,	661,	438,	673,	644,	685,	640,	185,	416,	175,	400,	187,	414,	199,	410,	229,	254,	239,	206,	227,	256,	215,	260,	1777,	1802,	1787,	1818,	1775,	1804,	1763,	1808,	1989,	1964,	1979,	1756,	1991,	1962,	2003,	1958,	1471,	1734,	1461,	1718,	1473,	1732,	1485,	1728,	1491,	1528,	1511,	1558,	1543,	1526,	1509,	1506,	1541,	1524,	
470,	499,	458,	485,	446,	489,	448,	487,	660,	439,	672,	645,	684,	641,	682,	643,	174,	401,	186,	415,	198,	411,	196,	413,	240,	205,	228,	255,	216,	259,	218,	257,	1788,	1817,	1776,	1803,	1764,	1807,	1766,	1805,	1978,	1757,	1990,	1963,	2002,	1959,	2000,	1961,	1460,	1719,	1472,	1733,	1484,	1729,	1482,	1731,	1512,	1557,	1492,	1527,	1510,	1505,	1542,	1525,	1522,	1507,	
749,	754,	735,	726,	767,	778,	737,	724,	711,	716,	697,	688,	921,	932,	699,	686,	159,	154,	173,	950,	141,	130,	171,	952,	965,	960,	979,	988,	1011,	1000,	977,	990,	2067,	2072,	2053,	2044,	2085,	2096,	2055,	2042,	2029,	2034,	2015,	2006,	1151,	1162,	2017,	2004,	1445,	1440,	1459,	1180,	1427,	1416,	1457,	1182,	1203,	1248,	1239,	1188,	1205,	1250,	1237,	1190,	1207,	1210,	
734,	727,	750,	755,	736,	725,	776,	779,	696,	689,	712,	717,	698,	687,	930,	933,	942,	949,	158,	153,	172,	951,	132,	129,	980,	987,	964,	959,	978,	989,	1002,	999,	2052,	2045,	2068,	2073,	2054,	2043,	2094,	2097,	2014,	2007,	2030,	2035,	2016,	2005,	1160,	1163,	1172,	1179,	1444,	1439,	1458,	1181,	1418,	1415,	1240,	1187,	1204,	1249,	1238,	1189,	1206,	1209,	1236,	1191,	
751,	748,	753,	768,	777,	766,	723,	738,	713,	710,	715,	922,	931,	920,	941,	700,	157,	160,	155,	140,	131,	142,	953,	170,	963,	966,	961,	1010,	1001,	1012,	991,	976,	2069,	2066,	2071,	2086,	2095,	2084,	2041,	2056,	2031,	2028,	2033,	1152,	1161,	1150,	1171,	2018,	1443,	1446,	1441,	1426,	1417,	1428,	1183,	1456,	1247,	1202,	1241,	1226,	1251,	1220,	1233,	1254,	1211,	1208,	
728,	733,	758,	765,	756,	763,	780,	775,	690,	695,	720,	919,	718,	917,	934,	929,	948,	943,	150,	143,	152,	145,	128,	133,	986,	981,	956,	1013,	958,	1015,	998,	1003,	2046,	2051,	2076,	2083,	2074,	2081,	2098,	2093,	2008,	2013,	2038,	1149,	2036,	1147,	1164,	1159,	1178,	1173,	1436,	1429,	1438,	1431,	1414,	1419,	1186,	1225,	1246,	1223,	1232,	1217,	1252,	1221,	1192,	1235,	
747,	752,	729,	762,	769,	774,	739,	722,	709,	714,	691,	916,	923,	928,	701,	940,	161,	156,	947,	146,	139,	134,	169,	954,	967,	962,	985,	1016,	1009,	1004,	975,	992,	2065,	2070,	2047,	2080,	2087,	2092,	2057,	2040,	2027,	2032,	2009,	1146,	1153,	1158,	2019,	1170,	1447,	1442,	1177,	1432,	1425,	1420,	1455,	1184,	1201,	1242,	1227,	1216,	1219,	1222,	1255,	1234,	1253,	1212,	
732,	759,	770,	757,	764,	783,	742,	781,	694,	721,	924,	719,	918,	937,	704,	935,	944,	149,	138,	151,	144,	125,	166,	127,	982,	955,	1008,	957,	1014,	995,	972,	997,	2050,	2077,	2088,	2075,	2082,	2101,	2060,	2099,	2012,	2039,	1154,	2037,	1148,	1167,	2022,	1165,	1174,	1435,	1424,	1437,	1430,	1411,	1452,	1413,	1228,	1185,	1224,	1245,	1256,	1231,	1218,	1195,	1260,	1193,	
771,	746,	761,	730,	773,	744,	785,	740,	925,	708,	915,	692,	927,	706,	939,	702,	137,	162,	147,	946,	135,	164,	123,	168,	1007,	968,	1017,	984,	1005,	970,	993,	974,	2089,	2064,	2079,	2048,	2091,	2062,	2103,	2058,	1155,	2026,	1145,	2010,	1157,	2024,	1169,	2020,	1423,	1448,	1433,	1176,	1421,	1450,	1409,	1454,	1243,	1200,	1263,	1230,	1215,	1198,	1261,	1258,	1213,	1196,	
760,	731,	772,	745,	784,	741,	782,	743,	914,	693,	926,	707,	938,	703,	936,	705,	148,	945,	136,	163,	124,	167,	126,	165,	1018,	983,	1006,	969,	994,	973,	996,	971,	2078,	2049,	2090,	2063,	2102,	2059,	2100,	2061,	1144,	2011,	1156,	2025,	1168,	2021,	1166,	2023,	1434,	1175,	1422,	1449,	1410,	1453,	1412,	1451,	1264,	1229,	1244,	1199,	1262,	1257,	1214,	1197,	1194,	1259,	
811,	816,	797,	788,	829,	840,	799,	786,	899,	894,	913,	858,	881,	870,	911,	860,	97,		92,		111,	120,	79,		68,		109,	122,	9,		14,		1019,	50,		27,		38,		1021,	48,		1041,	1046,	1027,	2106,	1059,	1070,	1029,	2104,	1129,	1124,	1143,	1088,	1111,	1100,	1141,	1090,	1383,	1378,	1397,	1406,	1365,	1354,	1395,	1408,	1301,	1336,	1265,	1316,	1299,	1334,	1267,	1314,	1297,	1294,	
796,	789,	812,	817,	798,	787,	838,	841,	850,	857,	898,	893,	912,	859,	872,	869,	112,	119,	96,		91,		110,	121,	70,		67,		58,		51,		10,		15,		1020,	49,		36,		39,		1026,	2107,	1042,	1047,	1028,	2105,	1068,	1071,	1080,	1087,	1128,	1123,	1142,	1089,	1102,	1099,	1398,	1405,	1382,	1377,	1396,	1407,	1356,	1353,	1344,	1317,	1300,	1335,	1266,	1315,	1298,	1295,	1268,	1313,	
813,	810,	815,	830,	839,	828,	849,	800,	897,	900,	895,	880,	871,	882,	861,	910,	95,		98,		93,		78,		69,		80,		59,		108,	11,		8,		13,		28,		37,		26,		47,		1022,	1043,	1040,	1045,	1060,	1069,	1058,	1079,	1030,	1127,	1130,	1125,	1110,	1101,	1112,	1091,	1140,	1381,	1384,	1379,	1364,	1355,	1366,	1345,	1394,	1337,	1302,	1343,	1278,	1333,	1284,	1271,	1330,	1293,	1296,	
790,	795,	820,	827,	818,	825,	842,	837,	856,	851,	890,	883,	892,	885,	868,	873,	118,	113,	88,		81,		90,		83,		66,		71,		52,		57,		18,		25,		16,		23,		40,		35,		2108,	1025,	1050,	1057,	1048,	1055,	1072,	1067,	1086,	1081,	1120,	1113,	1122,	1115,	1098,	1103,	1404,	1399,	1374,	1367,	1376,	1369,	1352,	1357,	1318,	1279,	1338,	1281,	1272,	1287,	1332,	1283,	1312,	1269,	
809,	814,	791,	824,	831,	836,	801,	848,	901,	896,	855,	886,	879,	874,	909,	862,	99,		94,		117,	84,		77,		72,		107,	60,		7,		12,		53,		22,		29,		34,		1023,	46,		1039,	1044,	2109,	1054,	1061,	1066,	1031,	1078,	1131,	1126,	1085,	1116,	1109,	1104,	1139,	1092,	1385,	1380,	1403,	1370,	1363,	1358,	1393,	1346,	1303,	1342,	1277,	1288,	1285,	1282,	1329,	1270,	1331,	1292,	
794,	821,	832,	819,	826,	845,	804,	843,	852,	889,	878,	891,	884,	865,	906,	867,	114,	87,		76,		89,		82,		63,		104,	65,		56,		19,		30,		17,		24,		43,		2,		41,		1024,	1051,	1062,	1049,	1056,	1075,	1034,	1073,	1082,	1119,	1108,	1121,	1114,	1095,	1136,	1097,	1400,	1373,	1362,	1375,	1368,	1349,	1390,	1351,	1276,	1319,	1280,	1339,	1328,	1273,	1286,	1309,	1324,	1311,	
833,	808,	823,	792,	835,	806,	847,	802,	877,	902,	887,	854,	875,	904,	863,	908,	75,		100,	85,		116,	73,		102,	61,		106,	31,		6,		21,		54,		33,		4,		45,		0,		1063,	1038,	1053,	2110,	1065,	1036,	1077,	1032,	1107,	1132,	1117,	1084,	1105,	1134,	1093,	1138,	1361,	1386,	1371,	1402,	1359,	1388,	1347,	1392,	1341,	1304,	1321,	1274,	1289,	1306,	1323,	1326,	1291,	1308,	
822,	793,	834,	807,	846,	803,	844,	805,	888,	853,	876,	903,	864,	907,	866,	905,	86,		115,	74,		101,	62,		105,	64,		103,	20,		55,		32,		5,		44,		1,		42,		3,		1052,	2111,	1064,	1037,	1076,	1033,	1074,	1035,	1118,	1083,	1106,	1133,	1094,	1137,	1096,	1135,	1372,	1401,	1360,	1387,	1348,	1391,	1350,	1389,	1320,	1275,	1340,	1305,	1322,	1327,	1290,	1307,	1310,	1325,	
3503,	3498,	3517,	3526,	3485,	3474,	3515,	3528,	3541,	3536,	3555,	3564,	3587,	3576,	3553,	3566,	3317,	3322,	3303,	3294,	3335,	3346,	3305,	3292,	3279,	3284,	4353,	4344,	4321,	4332,	4355,	4342,	3245,	3240,	3259,	2112,	3227,	3216,	3257,	2114,	2127,	2122,	2141,	2150,	2173,	2162,	2139,	2152,	3059,	3064,	3045,	3036,	3077,	3088,	3047,	3034,	3013,	2968,	2977,	3028,	3011,	2966,	2979,	3026,	3009,	3006,	
3518,	3525,	3502,	3497,	3516,	3527,	3476,	3473,	3556,	3563,	3540,	3535,	3554,	3565,	3578,	3575,	3302,	3295,	3318,	3323,	3304,	3293,	3344,	3347,	4352,	4345,	3280,	3285,	4354,	4343,	4330,	4333,	3260,	3267,	3244,	3239,	3258,	2113,	3218,	3215,	2142,	2149,	2126,	2121,	2140,	2151,	2164,	2161,	3044,	3037,	3060,	3065,	3046,	3035,	3086,	3089,	2976,	3029,	3012,	2967,	2978,	3027,	3010,	3007,	2980,	3025,	
3501,	3504,	3499,	3484,	3475,	3486,	3529,	3514,	3539,	3542,	3537,	3586,	3577,	3588,	3567,	3552,	3319,	3316,	3321,	3336,	3345,	3334,	3291,	3306,	3281,	3278,	3283,	4322,	4331,	4320,	4341,	3268,	3243,	3246,	3241,	3226,	3217,	3228,	2115,	3256,	2125,	2128,	2123,	2172,	2163,	2174,	2153,	2138,	3061,	3058,	3063,	3078,	3087,	3076,	3033,	3048,	2969,	3014,	2975,	2990,	2965,	2996,	2983,	2962,	3005,	3008,	
3524,	3519,	3494,	3487,	3496,	3489,	3472,	3477,	3562,	3557,	3532,	3589,	3534,	3591,	3574,	3579,	3296,	3301,	3326,	3333,	3324,	3331,	3348,	3343,	4346,	4351,	3288,	4319,	3286,	4317,	4334,	4329,	3266,	3261,	3236,	3229,	3238,	3231,	3214,	3219,	2148,	2143,	2118,	2175,	2120,	2177,	2160,	2165,	3038,	3043,	3068,	3075,	3066,	3073,	3090,	3085,	3030,	2991,	2970,	2993,	2984,	2999,	2964,	2995,	3024,	2981,	
3505,	3500,	3523,	3490,	3483,	3478,	3513,	3530,	3543,	3538,	3561,	3592,	3585,	3580,	3551,	3568,	3315,	3320,	3297,	3330,	3337,	3342,	3307,	3290,	3277,	3282,	4347,	4316,	4323,	4328,	3269,	4340,	3247,	3242,	3265,	3232,	3225,	3220,	3255,	2116,	2129,	2124,	2147,	2178,	2171,	2166,	2137,	2154,	3057,	3062,	3039,	3072,	3079,	3084,	3049,	3032,	3015,	2974,	2989,	3000,	2997,	2994,	2961,	2982,	2963,	3004,	
3520,	3493,	3482,	3495,	3488,	3469,	3510,	3471,	3558,	3531,	3584,	3533,	3590,	3571,	3548,	3573,	3300,	3327,	3338,	3325,	3332,	3351,	3310,	3349,	4350,	3289,	4324,	3287,	4318,	4337,	3272,	4335,	3262,	3235,	3224,	3237,	3230,	3211,	3252,	3213,	2144,	2117,	2170,	2119,	2176,	2157,	2134,	2159,	3042,	3069,	3080,	3067,	3074,	3093,	3052,	3091,	2988,	3031,	2992,	2971,	2960,	2985,	2998,	3021,	2956,	3023,	
3481,	3506,	3491,	3522,	3479,	3508,	3467,	3512,	3583,	3544,	3593,	3560,	3581,	3546,	3569,	3550,	3339,	3314,	3329,	3298,	3341,	3312,	3353,	3308,	4325,	3276,	4315,	4348,	4327,	3274,	4339,	3270,	3223,	3248,	3233,	3264,	3221,	3250,	3209,	3254,	2169,	2130,	2179,	2146,	2167,	2132,	2155,	2136,	3081,	3056,	3071,	3040,	3083,	3054,	3095,	3050,	2973,	3016,	2953,	2986,	3001,	3018,	2955,	2958,	3003,	3020,	
3492,	3521,	3480,	3507,	3468,	3511,	3470,	3509,	3594,	3559,	3582,	3545,	3570,	3549,	3572,	3547,	3328,	3299,	3340,	3313,	3352,	3309,	3350,	3311,	4314,	4349,	4326,	3275,	4338,	3271,	4336,	3273,	3234,	3263,	3222,	3249,	3210,	3253,	3212,	3251,	2180,	2145,	2168,	2131,	2156,	2135,	2158,	2133,	3070,	3041,	3082,	3055,	3094,	3051,	3092,	3053,	2952,	2987,	2972,	3017,	2954,	2959,	3002,	3019,	3022,	2957,	
3441,	3436,	3455,	3464,	3423,	3412,	3453,	3466,	3609,	3614,	3595,	3394,	3627,	3638,	3597,	3392,	3379,	3384,	3365,	3356,	4229,	4240,	3367,	3354,	4299,	4294,	4313,	4258,	4281,	4270,	4311,	4260,	3183,	3178,	3197,	3206,	3165,	3154,	3195,	3208,	2195,	2200,	2181,	3136,	2213,	2224,	2183,	3134,	3121,	3126,	3107,	3098,	2851,	2862,	3109,	3096,	2915,	2880,	2951,	2900,	2917,	2882,	2949,	2902,	2919,	2922,	
3456,	3463,	3440,	3435,	3454,	3465,	3414,	3411,	3402,	3395,	3610,	3615,	3596,	3393,	3636,	3639,	3364,	3357,	3380,	3385,	3366,	3355,	4238,	4241,	4250,	4257,	4298,	4293,	4312,	4259,	4272,	4269,	3198,	3205,	3182,	3177,	3196,	3207,	3156,	3153,	3144,	3137,	2196,	2201,	2182,	3135,	2222,	2225,	3106,	3099,	3122,	3127,	3108,	3097,	2860,	2863,	2872,	2899,	2916,	2881,	2950,	2901,	2918,	2921,	2948,	2903,	
3439,	3442,	3437,	3422,	3413,	3424,	3403,	3452,	3611,	3608,	3613,	3628,	3637,	3626,	3391,	3598,	3381,	3378,	3383,	4230,	4239,	4228,	4249,	3368,	4297,	4300,	4295,	4280,	4271,	4282,	4261,	4310,	3181,	3184,	3179,	3164,	3155,	3166,	3145,	3194,	2197,	2194,	2199,	2214,	2223,	2212,	3133,	2184,	3123,	3120,	3125,	2852,	2861,	2850,	2871,	3110,	2879,	2914,	2873,	2938,	2883,	2932,	2945,	2886,	2923,	2920,	
3462,	3457,	3432,	3425,	3434,	3427,	3410,	3415,	3396,	3401,	3618,	3625,	3616,	3623,	3640,	3635,	3358,	3363,	3388,	4227,	3386,	4225,	4242,	4237,	4256,	4251,	4290,	4283,	4292,	4285,	4268,	4273,	3204,	3199,	3174,	3167,	3176,	3169,	3152,	3157,	3138,	3143,	2204,	2211,	2202,	2209,	2226,	2221,	3100,	3105,	3130,	2849,	3128,	2847,	2864,	2859,	2898,	2937,	2878,	2935,	2944,	2929,	2884,	2933,	2904,	2947,	
3443,	3438,	3461,	3428,	3421,	3416,	3451,	3404,	3607,	3612,	3397,	3622,	3629,	3634,	3599,	3390,	3377,	3382,	3359,	4224,	4231,	4236,	3369,	4248,	4301,	4296,	4255,	4286,	4279,	4274,	4309,	4262,	3185,	3180,	3203,	3170,	3163,	3158,	3193,	3146,	2193,	2198,	3139,	2208,	2215,	2220,	2185,	3132,	3119,	3124,	3101,	2846,	2853,	2858,	3111,	2870,	2913,	2874,	2939,	2928,	2931,	2934,	2887,	2946,	2885,	2924,	
3458,	3431,	3420,	3433,	3426,	3407,	3448,	3409,	3400,	3619,	3630,	3617,	3624,	3643,	3602,	3641,	3362,	3389,	4232,	3387,	4226,	4245,	3372,	4243,	4252,	4289,	4278,	4291,	4284,	4265,	4306,	4267,	3200,	3173,	3162,	3175,	3168,	3149,	3190,	3151,	3142,	2205,	2216,	2203,	2210,	2229,	2188,	2227,	3104,	3131,	2854,	3129,	2848,	2867,	3114,	2865,	2940,	2897,	2936,	2877,	2888,	2943,	2930,	2907,	2892,	2905,	
3419,	3444,	3429,	3460,	3417,	3446,	3405,	3450,	3631,	3606,	3621,	3398,	3633,	3604,	3645,	3600,	4233,	3376,	4223,	3360,	4235,	3374,	4247,	3370,	4277,	4302,	4287,	4254,	4275,	4304,	4263,	4308,	3161,	3186,	3171,	3202,	3159,	3188,	3147,	3192,	2217,	2192,	2207,	3140,	2219,	2190,	2231,	2186,	2855,	3118,	2845,	3102,	2857,	3116,	2869,	3112,	2875,	2912,	2895,	2942,	2927,	2910,	2893,	2890,	2925,	2908,	
3430,	3459,	3418,	3445,	3406,	3449,	3408,	3447,	3620,	3399,	3632,	3605,	3644,	3601,	3642,	3603,	4222,	3361,	4234,	3375,	4246,	3371,	4244,	3373,	4288,	4253,	4276,	4303,	4264,	4307,	4266,	4305,	3172,	3201,	3160,	3187,	3148,	3191,	3150,	3189,	2206,	3141,	2218,	2191,	2230,	2187,	2228,	2189,	2844,	3103,	2856,	3117,	2868,	3113,	2866,	3115,	2896,	2941,	2876,	2911,	2894,	2889,	2926,	2909,	2906,	2891,	
3709,	3714,	3695,	3686,	3727,	3738,	3697,	3684,	3671,	3676,	3657,	3648,	3913,	3924,	3659,	3646,	4207,	4202,	4221,	3942,	4189,	4178,	4219,	3944,	3957,	3952,	3971,	3980,	4003,	3992,	3969,	3982,	2295,	2300,	2281,	2272,	2313,	2324,	2283,	2270,	2257,	2262,	2243,	2234,	2499,	2510,	2245,	2232,	2829,	2824,	2843,	2528,	2811,	2800,	2841,	2530,	2551,	2596,	2587,	2536,	2553,	2598,	2585,	2538,	2555,	2558,	
3694,	3687,	3710,	3715,	3696,	3685,	3736,	3739,	3656,	3649,	3672,	3677,	3658,	3647,	3922,	3925,	3934,	3941,	4206,	4201,	4220,	3943,	4180,	4177,	3972,	3979,	3956,	3951,	3970,	3981,	3994,	3991,	2280,	2273,	2296,	2301,	2282,	2271,	2322,	2325,	2242,	2235,	2258,	2263,	2244,	2233,	2508,	2511,	2520,	2527,	2828,	2823,	2842,	2529,	2802,	2799,	2588,	2535,	2552,	2597,	2586,	2537,	2554,	2557,	2584,	2539,	
3711,	3708,	3713,	3728,	3737,	3726,	3683,	3698,	3673,	3670,	3675,	3914,	3923,	3912,	3933,	3660,	4205,	4208,	4203,	4188,	4179,	4190,	3945,	4218,	3955,	3958,	3953,	4002,	3993,	4004,	3983,	3968,	2297,	2294,	2299,	2314,	2323,	2312,	2269,	2284,	2259,	2256,	2261,	2500,	2509,	2498,	2519,	2246,	2827,	2830,	2825,	2810,	2801,	2812,	2531,	2840,	2595,	2550,	2589,	2574,	2599,	2568,	2581,	2602,	2559,	2556,	
3688,	3693,	3718,	3725,	3716,	3723,	3740,	3735,	3650,	3655,	3680,	3911,	3678,	3909,	3926,	3921,	3940,	3935,	4198,	4191,	4200,	4193,	4176,	4181,	3978,	3973,	3948,	4005,	3950,	4007,	3990,	3995,	2274,	2279,	2304,	2311,	2302,	2309,	2326,	2321,	2236,	2241,	2266,	2497,	2264,	2495,	2512,	2507,	2526,	2521,	2820,	2813,	2822,	2815,	2798,	2803,	2534,	2573,	2594,	2571,	2580,	2565,	2600,	2569,	2540,	2583,	
3707,	3712,	3689,	3722,	3729,	3734,	3699,	3682,	3669,	3674,	3651,	3908,	3915,	3920,	3661,	3932,	4209,	4204,	3939,	4194,	4187,	4182,	4217,	3946,	3959,	3954,	3977,	4008,	4001,	3996,	3967,	3984,	2293,	2298,	2275,	2308,	2315,	2320,	2285,	2268,	2255,	2260,	2237,	2494,	2501,	2506,	2247,	2518,	2831,	2826,	2525,	2816,	2809,	2804,	2839,	2532,	2549,	2590,	2575,	2564,	2567,	2570,	2603,	2582,	2601,	2560,	
3692,	3719,	3730,	3717,	3724,	3743,	3702,	3741,	3654,	3681,	3916,	3679,	3910,	3929,	3664,	3927,	3936,	4197,	4186,	4199,	4192,	4173,	4214,	4175,	3974,	3947,	4000,	3949,	4006,	3987,	3964,	3989,	2278,	2305,	2316,	2303,	2310,	2329,	2288,	2327,	2240,	2267,	2502,	2265,	2496,	2515,	2250,	2513,	2522,	2819,	2808,	2821,	2814,	2795,	2836,	2797,	2576,	2533,	2572,	2593,	2604,	2579,	2566,	2543,	2608,	2541,	
3731,	3706,	3721,	3690,	3733,	3704,	3745,	3700,	3917,	3668,	3907,	3652,	3919,	3666,	3931,	3662,	4185,	4210,	4195,	3938,	4183,	4212,	4171,	4216,	3999,	3960,	4009,	3976,	3997,	3962,	3985,	3966,	2317,	2292,	2307,	2276,	2319,	2290,	2331,	2286,	2503,	2254,	2493,	2238,	2505,	2252,	2517,	2248,	2807,	2832,	2817,	2524,	2805,	2834,	2793,	2838,	2591,	2548,	2611,	2578,	2563,	2546,	2609,	2606,	2561,	2544,	
3720,	3691,	3732,	3705,	3744,	3701,	3742,	3703,	3906,	3653,	3918,	3667,	3930,	3663,	3928,	3665,	4196,	3937,	4184,	4211,	4172,	4215,	4174,	4213,	4010,	3975,	3998,	3961,	3986,	3965,	3988,	3963,	2306,	2277,	2318,	2291,	2330,	2287,	2328,	2289,	2492,	2239,	2504,	2253,	2516,	2249,	2514,	2251,	2818,	2523,	2806,	2833,	2794,	2837,	2796,	2835,	2612,	2577,	2592,	2547,	2610,	2605,	2562,	2545,	2542,	2607,	
3765,	3802,	3809,	3748,	3763,	3790,	3805,	3746,	3861,	3898,	3905,	3844,	3859,	3886,	3901,	3842,	4151,	4114,	4107,	4168,	4153,	4126,	4111,	4170,	4055,	4018,	4011,	4072,	4057,	4030,	4015,	4074,	2351,	2388,	2395,	2334,	2349,	2376,	2391,	2332,	2447,	2484,	2491,	2430,	2445,	2472,	2487,	2428,	2773,	2736,	2729,	2790,	2775,	2748,	2733,	2792,	2645,	2698,	2613,	2710,	2647,	2700,	2683,	2708,	2649,	2652,	
3810,	3749,	3764,	3787,	3804,	3747,	3762,	3791,	3826,	3845,	3860,	3883,	3900,	3843,	3858,	3887,	4106,	4167,	4152,	4129,	4112,	4169,	4154,	4125,	4090,	4071,	4056,	4033,	4016,	4073,	4058,	4029,	2396,	2335,	2350,	2373,	2390,	2333,	2348,	2377,	2412,	2431,	2446,	2469,	2486,	2429,	2444,	2473,	2728,	2789,	2774,	2751,	2734,	2791,	2776,	2747,	2712,	2615,	2646,	2699,	2682,	2709,	2648,	2651,	2632,	2707,	
3801,	3766,	3803,	3808,	3789,	3786,	3825,	3806,	3897,	3862,	3899,	3904,	3885,	3882,	3841,	3902,	4115,	4150,	4113,	4108,	4127,	4130,	4091,	4110,	4019,	4054,	4017,	4012,	4031,	4034,	4075,	4014,	2387,	2352,	2389,	2394,	2375,	2372,	2411,	2392,	2483,	2448,	2485,	2490,	2471,	2468,	2427,	2488,	2737,	2772,	2735,	2730,	2749,	2752,	2713,	2732,	2697,	2644,	2711,	2614,	2701,	2670,	2679,	2684,	2653,	2650,	
3750,	3811,	3788,	3785,	3778,	3807,	3792,	3761,	3846,	3827,	3884,	3881,	3874,	3903,	3888,	3857,	4166,	4105,	4128,	4131,	4138,	4109,	4124,	4155,	4070,	4089,	4032,	4035,	4042,	4013,	4028,	4059,	2336,	2397,	2374,	2371,	2364,	2393,	2378,	2347,	2432,	2413,	2470,	2467,	2460,	2489,	2474,	2443,	2788,	2727,	2750,	2753,	2760,	2731,	2746,	2777,	2616,	2619,	2696,	2671,	2686,	2681,	2702,	2631,	2706,	2633,	
3767,	3800,	3813,	3794,	3781,	3818,	3777,	3824,	3863,	3896,	3829,	3890,	3877,	3834,	3873,	3840,	4149,	4116,	4103,	4122,	4135,	4098,	4139,	4092,	4053,	4020,	4087,	4026,	4039,	4082,	4043,	4076,	2353,	2386,	2399,	2380,	2367,	2404,	2363,	2410,	2449,	2482,	2415,	2476,	2463,	2420,	2459,	2426,	2771,	2738,	2725,	2744,	2757,	2720,	2761,	2714,	2643,	2674,	2617,	2688,	2669,	2678,	2685,	2680,	2703,	2654,	
3812,	3751,	3782,	3779,	3784,	3793,	3760,	3819,	3828,	3847,	3878,	3875,	3880,	3889,	3856,	3835,	4104,	4165,	4134,	4137,	4132,	4123,	4156,	4097,	4088,	4069,	4038,	4041,	4036,	4027,	4060,	4081,	2398,	2337,	2368,	2365,	2370,	2379,	2346,	2405,	2414,	2433,	2464,	2461,	2466,	2475,	2442,	2421,	2726,	2787,	2756,	2759,	2754,	2745,	2778,	2719,	2618,	2695,	2620,	2675,	2672,	2687,	2630,	2625,	2634,	2705,	
3799,	3768,	3795,	3814,	3817,	3780,	3823,	3776,	3895,	3864,	3891,	3830,	3833,	3876,	3839,	3872,	4117,	4148,	4121,	4102,	4099,	4136,	4093,	4140,	4021,	4052,	4025,	4086,	4083,	4040,	4077,	4044,	2385,	2354,	2381,	2400,	2403,	2366,	2409,	2362,	2481,	2450,	2477,	2416,	2419,	2462,	2425,	2458,	2739,	2770,	2743,	2724,	2721,	2758,	2715,	2762,	2621,	2642,	2673,	2668,	2689,	2624,	2677,	2704,	2655,	2636,	
3752,	3771,	3816,	3783,	3796,	3757,	3820,	3759,	3848,	3867,	3832,	3879,	3892,	3853,	3836,	3855,	4164,	4145,	4100,	4133,	4120,	4159,	4096,	4157,	4068,	4049,	4084,	4037,	4024,	4063,	4080,	4061,	2338,	2357,	2402,	2369,	2382,	2343,	2406,	2345,	2434,	2453,	2418,	2465,	2478,	2439,	2422,	2441,	2786,	2767,	2722,	2755,	2742,	2781,	2718,	2779,	2694,	2667,	2692,	2623,	2676,	2629,	2626,	2635,	2658,	2661,	
3769,	3798,	3773,	3754,	3815,	3822,	3775,	3756,	3865,	3894,	3869,	3850,	3831,	3838,	3871,	3852,	4147,	4118,	4143,	4162,	4101,	4094,	4141,	4160,	4051,	4022,	4047,	4066,	4085,	4078,	4045,	4064,	2355,	2384,	2359,	2340,	2401,	2408,	2361,	2342,	2451,	2480,	2455,	2436,	2417,	2424,	2457,	2438,	2769,	2740,	2765,	2784,	2723,	2716,	2763,	2782,	2641,	2622,	2665,	2628,	2639,	2690,	2663,	2660,	2637,	2656,	
3772,	3753,	3770,	3797,	3774,	3755,	3758,	3821,	3868,	3849,	3866,	3893,	3870,	3851,	3854,	3837,	4144,	4163,	4146,	4119,	4142,	4161,	4158,	4095,	4048,	4067,	4050,	4023,	4046,	4065,	4062,	4079,	2358,	2339,	2356,	2383,	2360,	2341,	2344,	2407,	2454,	2435,	2452,	2479,	2456,	2437,	2440,	2423,	2766,	2785,	2768,	2741,	2764,	2783,	2780,	2717,	2666,	2693,	2640,	2691,	2664,	2627,	2638,	2657,	2662,	2659,	
