607,	602,	621,	630,	589,	578,	619,	632,	645,	640,	659,	668,	691,	680,	657,	670,	421,	426,	407,	398,	439,	450,	409,	396,	375,	330,	339,	390,	373,	328,	341,	388,	371,	368,	1405,	1410,	1391,	1382,	1423,	1434,	1393,	1380,	1367,	1372,	1353,	1344,	1321,	1332,	1355,	1342,	1591,	1586,	1605,	1614,	1573,	1562,	1603,	1616,	1637,	1682,	1673,	1622,	1639,	1684,	1671,	1624,	1641,	1644,	
622,	629,	606,	601,	620,	631,	580,	577,	660,	667,	644,	639,	658,	669,	682,	679,	406,	399,	422,	427,	408,	397,	448,	451,	338,	391,	374,	329,	340,	389,	372,	369,	342,	387,	1390,	1383,	1406,	1411,	1392,	1381,	1432,	1435,	1352,	1345,	1368,	1373,	1354,	1343,	1330,	1333,	1606,	1613,	1590,	1585,	1604,	1615,	1564,	1561,	1674,	1621,	1638,	1683,	1672,	1623,	1640,	1643,	1670,	1625,	
605,	608,	603,	588,	579,	590,	633,	618,	643,	646,	641,	690,	681,	692,	671,	656,	423,	420,	425,	440,	449,	438,	395,	410,	331,	376,	337,	352,	327,	358,	345,	324,	367,	370,	1407,	1404,	1409,	1424,	1433,	1422,	1379,	1394,	1369,	1366,	1371,	1322,	1331,	1320,	1341,	1356,	1589,	1592,	1587,	1572,	1563,	1574,	1617,	1602,	1681,	1636,	1675,	1660,	1685,	1654,	1667,	1688,	1645,	1642,	
628,	623,	598,	591,	600,	593,	576,	581,	666,	661,	636,	693,	638,	695,	678,	683,	400,	405,	430,	437,	428,	435,	452,	447,	392,	353,	332,	355,	346,	361,	326,	357,	386,	343,	1384,	1389,	1414,	1421,	1412,	1419,	1436,	1431,	1346,	1351,	1376,	1319,	1374,	1317,	1334,	1329,	1612,	1607,	1582,	1575,	1584,	1577,	1560,	1565,	1620,	1659,	1680,	1657,	1666,	1651,	1686,	1655,	1626,	1669,	
609,	604,	627,	594,	587,	582,	617,	634,	647,	642,	665,	696,	689,	684,	655,	672,	419,	424,	401,	434,	441,	446,	411,	394,	377,	336,	351,	362,	359,	356,	323,	344,	325,	366,	1403,	1408,	1385,	1418,	1425,	1430,	1395,	1378,	1365,	1370,	1347,	1316,	1323,	1328,	1357,	1340,	1593,	1588,	1611,	1578,	1571,	1566,	1601,	1618,	1635,	1676,	1661,	1650,	1653,	1656,	1689,	1668,	1687,	1646,	
624,	597,	586,	599,	592,	573,	614,	575,	662,	635,	688,	637,	694,	675,	652,	677,	404,	431,	442,	429,	436,	455,	414,	453,	350,	393,	354,	333,	322,	347,	360,	383,	318,	385,	1388,	1415,	1426,	1413,	1420,	1439,	1398,	1437,	1350,	1377,	1324,	1375,	1318,	1337,	1360,	1335,	1608,	1581,	1570,	1583,	1576,	1557,	1598,	1559,	1662,	1619,	1658,	1679,	1690,	1665,	1652,	1629,	1694,	1627,	
585,	610,	595,	626,	583,	612,	571,	616,	687,	648,	697,	664,	685,	650,	673,	654,	443,	418,	433,	402,	445,	416,	457,	412,	335,	378,	315,	348,	363,	380,	317,	320,	365,	382,	1427,	1402,	1417,	1386,	1429,	1400,	1441,	1396,	1325,	1364,	1315,	1348,	1327,	1362,	1339,	1358,	1569,	1594,	1579,	1610,	1567,	1596,	1555,	1600,	1677,	1634,	1697,	1664,	1649,	1632,	1695,	1692,	1647,	1630,	
596,	625,	584,	611,	572,	615,	574,	613,	698,	663,	686,	649,	674,	653,	676,	651,	432,	403,	444,	417,	456,	413,	454,	415,	314,	349,	334,	379,	316,	321,	364,	381,	384,	319,	1416,	1387,	1428,	1401,	1440,	1397,	1438,	1399,	1314,	1349,	1326,	1363,	1338,	1359,	1336,	1361,	1580,	1609,	1568,	1595,	1556,	1599,	1558,	1597,	1698,	1663,	1678,	1633,	1696,	1691,	1648,	1631,	1628,	1693,	
545,	540,	559,	568,	527,	516,	557,	570,	713,	718,	699,	498,	731,	742,	701,	496,	483,	488,	469,	460,	213,	224,	471,	458,	277,	242,	313,	262,	279,	244,	311,	264,	281,	284,	1467,	1472,	1453,	1444,	1485,	1496,	1455,	1442,	1299,	1294,	1313,	1514,	1281,	1270,	1311,	1516,	1529,	1524,	1543,	1552,	1799,	1788,	1541,	1554,	1735,	1770,	1699,	1750,	1733,	1768,	1701,	1748,	1731,	1728,	
560,	567,	544,	539,	558,	569,	518,	515,	506,	499,	714,	719,	700,	497,	740,	743,	468,	461,	484,	489,	470,	459,	222,	225,	234,	261,	278,	243,	312,	263,	280,	283,	310,	265,	1452,	1445,	1468,	1473,	1454,	1443,	1494,	1497,	1506,	1513,	1298,	1293,	1312,	1515,	1272,	1269,	1544,	1551,	1528,	1523,	1542,	1553,	1790,	1787,	1778,	1751,	1734,	1769,	1700,	1749,	1732,	1729,	1702,	1747,	
543,	546,	541,	526,	517,	528,	507,	556,	715,	712,	717,	732,	741,	730,	495,	702,	485,	482,	487,	214,	223,	212,	233,	472,	241,	276,	235,	300,	245,	294,	307,	248,	285,	282,	1469,	1466,	1471,	1486,	1495,	1484,	1505,	1456,	1297,	1300,	1295,	1280,	1271,	1282,	1517,	1310,	1527,	1530,	1525,	1798,	1789,	1800,	1779,	1540,	1771,	1736,	1777,	1712,	1767,	1718,	1705,	1764,	1727,	1730,	
566,	561,	536,	529,	538,	531,	514,	519,	500,	505,	722,	729,	720,	727,	744,	739,	462,	467,	492,	211,	490,	209,	226,	221,	260,	299,	240,	297,	306,	291,	246,	295,	266,	309,	1446,	1451,	1476,	1483,	1474,	1481,	1498,	1493,	1512,	1507,	1290,	1283,	1292,	1285,	1268,	1273,	1550,	1545,	1520,	1801,	1522,	1803,	1786,	1791,	1752,	1713,	1772,	1715,	1706,	1721,	1766,	1717,	1746,	1703,	
547,	542,	565,	532,	525,	520,	555,	508,	711,	716,	501,	726,	733,	738,	703,	494,	481,	486,	463,	208,	215,	220,	473,	232,	275,	236,	301,	290,	293,	296,	249,	308,	247,	286,	1465,	1470,	1447,	1480,	1487,	1492,	1457,	1504,	1301,	1296,	1511,	1286,	1279,	1274,	1309,	1518,	1531,	1526,	1549,	1804,	1797,	1792,	1539,	1780,	1737,	1776,	1711,	1722,	1719,	1716,	1763,	1704,	1765,	1726,	
562,	535,	524,	537,	530,	511,	552,	513,	504,	723,	734,	721,	728,	747,	706,	745,	466,	493,	216,	491,	210,	229,	476,	227,	302,	259,	298,	239,	250,	305,	292,	269,	254,	267,	1450,	1477,	1488,	1475,	1482,	1501,	1460,	1499,	1508,	1289,	1278,	1291,	1284,	1265,	1306,	1267,	1546,	1519,	1796,	1521,	1802,	1783,	1536,	1785,	1710,	1753,	1714,	1773,	1762,	1707,	1720,	1743,	1758,	1745,	
523,	548,	533,	564,	521,	550,	509,	554,	735,	710,	725,	502,	737,	708,	749,	704,	217,	480,	207,	464,	219,	478,	231,	474,	237,	274,	257,	304,	289,	272,	255,	252,	287,	270,	1489,	1464,	1479,	1448,	1491,	1462,	1503,	1458,	1277,	1302,	1287,	1510,	1275,	1304,	1263,	1308,	1795,	1532,	1805,	1548,	1793,	1534,	1781,	1538,	1775,	1738,	1755,	1708,	1723,	1740,	1757,	1760,	1725,	1742,	
534,	563,	522,	549,	510,	553,	512,	551,	724,	503,	736,	709,	748,	705,	746,	707,	206,	465,	218,	479,	230,	475,	228,	477,	258,	303,	238,	273,	256,	251,	288,	271,	268,	253,	1478,	1449,	1490,	1463,	1502,	1459,	1500,	1461,	1288,	1509,	1276,	1303,	1264,	1307,	1266,	1305,	1806,	1547,	1794,	1533,	1782,	1537,	1784,	1535,	1754,	1709,	1774,	1739,	1756,	1761,	1724,	1741,	1744,	1759,	
813,	818,	799,	790,	831,	842,	801,	788,	775,	780,	761,	752,	1017,	1028,	763,	750,	191,	186,	205,	1046,	173,	162,	203,	1048,	1069,	1114,	1105,	1054,	1071,	1116,	1103,	1056,	1073,	1076,	1199,	1194,	1213,	1222,	1181,	1170,	1211,	1224,	1237,	1232,	1251,	1260,	2151,	2140,	1249,	1262,	1821,	1826,	1807,	2122,	1839,	1850,	1809,	2120,	2099,	2054,	2063,	2114,	2097,	2052,	2065,	2112,	2095,	2092,	
798,	791,	814,	819,	800,	789,	840,	843,	760,	753,	776,	781,	762,	751,	1026,	1029,	1038,	1045,	190,	185,	204,	1047,	164,	161,	1106,	1053,	1070,	1115,	1104,	1055,	1072,	1075,	1102,	1057,	1214,	1221,	1198,	1193,	1212,	1223,	1172,	1169,	1252,	1259,	1236,	1231,	1250,	1261,	2142,	2139,	2130,	2123,	1822,	1827,	1808,	2121,	1848,	1851,	2062,	2115,	2098,	2053,	2064,	2113,	2096,	2093,	2066,	2111,	
815,	812,	817,	832,	841,	830,	787,	802,	777,	774,	779,	1018,	1027,	1016,	1037,	764,	189,	192,	187,	172,	163,	174,	1049,	202,	1113,	1068,	1107,	1092,	1117,	1086,	1099,	1120,	1077,	1074,	1197,	1200,	1195,	1180,	1171,	1182,	1225,	1210,	1235,	1238,	1233,	2150,	2141,	2152,	2131,	1248,	1823,	1820,	1825,	1840,	1849,	1838,	2119,	1810,	2055,	2100,	2061,	2076,	2051,	2082,	2069,	2048,	2091,	2094,	
792,	797,	822,	829,	820,	827,	844,	839,	754,	759,	784,	1015,	782,	1013,	1030,	1025,	1044,	1039,	182,	175,	184,	177,	160,	165,	1052,	1091,	1112,	1089,	1098,	1083,	1118,	1087,	1058,	1101,	1220,	1215,	1190,	1183,	1192,	1185,	1168,	1173,	1258,	1253,	1228,	2153,	1230,	2155,	2138,	2143,	2124,	2129,	1830,	1837,	1828,	1835,	1852,	1847,	2116,	2077,	2056,	2079,	2070,	2085,	2050,	2081,	2110,	2067,	
811,	816,	793,	826,	833,	838,	803,	786,	773,	778,	755,	1012,	1019,	1024,	765,	1036,	193,	188,	1043,	178,	171,	166,	201,	1050,	1067,	1108,	1093,	1082,	1085,	1088,	1121,	1100,	1119,	1078,	1201,	1196,	1219,	1186,	1179,	1174,	1209,	1226,	1239,	1234,	1257,	2156,	2149,	2144,	1247,	2132,	1819,	1824,	2125,	1834,	1841,	1846,	1811,	2118,	2101,	2060,	2075,	2086,	2083,	2080,	2047,	2068,	2049,	2090,	
796,	823,	834,	821,	828,	847,	806,	845,	758,	785,	1020,	783,	1014,	1033,	768,	1031,	1040,	181,	170,	183,	176,	157,	198,	159,	1094,	1051,	1090,	1111,	1122,	1097,	1084,	1061,	1126,	1059,	1216,	1189,	1178,	1191,	1184,	1165,	1206,	1167,	1254,	1227,	2148,	1229,	2154,	2135,	1244,	2137,	2128,	1831,	1842,	1829,	1836,	1855,	1814,	1853,	2074,	2117,	2078,	2057,	2046,	2071,	2084,	2107,	2042,	2109,	
835,	810,	825,	794,	837,	808,	849,	804,	1021,	772,	1011,	756,	1023,	770,	1035,	766,	169,	194,	179,	1042,	167,	196,	155,	200,	1109,	1066,	1129,	1096,	1081,	1064,	1127,	1124,	1079,	1062,	1177,	1202,	1187,	1218,	1175,	1204,	1163,	1208,	2147,	1240,	2157,	1256,	2145,	1242,	2133,	1246,	1843,	1818,	1833,	2126,	1845,	1816,	1857,	1812,	2059,	2102,	2039,	2072,	2087,	2104,	2041,	2044,	2089,	2106,	
824,	795,	836,	809,	848,	805,	846,	807,	1010,	757,	1022,	771,	1034,	767,	1032,	769,	180,	1041,	168,	195,	156,	199,	158,	197,	1130,	1095,	1110,	1065,	1128,	1123,	1080,	1063,	1060,	1125,	1188,	1217,	1176,	1203,	1164,	1207,	1166,	1205,	2158,	1255,	2146,	1241,	2134,	1245,	2136,	1243,	1832,	2127,	1844,	1817,	1856,	1813,	1854,	1815,	2038,	2073,	2058,	2103,	2040,	2045,	2088,	2105,	2108,	2043,	
869,	906,	913,	852,	867,	894,	909,	850,	965,	1002,	1009,	948,	963,	990,	1005,	946,	135,	98,		91,		152,	137,	110,	95,		154,	7,		60,		1131,	72,		9,		62,		45,		70,		11,		14,		2299,	2262,	2255,	1160,	2301,	2274,	2259,	1162,	2203,	2166,	2159,	2220,	2205,	2178,	2163,	2222,	1877,	1914,	1921,	1860,	1875,	1902,	1917,	1858,	2005,	1952,	2037,	1940,	2003,	1950,	1967,	1942,	2001,	1998,	
914,	853,	868,	891,	908,	851,	866,	895,	930,	949,	964,	987,	1004,	947,	962,	991,	90,		151,	136,	113,	96,		153,	138,	109,	74,		1133,	8,		61,		44,		71,		10,		13,		1150,	69,		2254,	1159,	2300,	2277,	2260,	1161,	2302,	2273,	2238,	2219,	2204,	2181,	2164,	2221,	2206,	2177,	1922,	1861,	1876,	1899,	1916,	1859,	1874,	1903,	1938,	2035,	2004,	1951,	1968,	1941,	2002,	1999,	2018,	1943,	
905,	870,	907,	912,	893,	890,	929,	910,	1001,	966,	1003,	1008,	989,	986,	945,	1006,	99,		134,	97,		92,		111,	114,	75,		94,		59,		6,		73,		1132,	63,		32,		41,		46,		15,		12,		2263,	2298,	2261,	2256,	2275,	2278,	2239,	2258,	2167,	2202,	2165,	2160,	2179,	2182,	2223,	2162,	1913,	1878,	1915,	1920,	1901,	1898,	1937,	1918,	1953,	2006,	1939,	2036,	1949,	1980,	1971,	1966,	1997,	2000,	
854,	915,	892,	889,	882,	911,	896,	865,	950,	931,	988,	985,	978,	1007,	992,	961,	150,	89,		112,	115,	122,	93,		108,	139,	1134,	1137,	58,		33,		48,		43,		64,		1149,	68,		1151,	1158,	2253,	2276,	2279,	2286,	2257,	2272,	2303,	2218,	2237,	2180,	2183,	2190,	2161,	2176,	2207,	1862,	1923,	1900,	1897,	1890,	1919,	1904,	1873,	2034,	2031,	1954,	1979,	1964,	1969,	1948,	2019,	1944,	2017,	
871,	904,	917,	898,	885,	922,	881,	928,	967,	1000,	933,	994,	981,	938,	977,	944,	133,	100,	87,		106,	119,	82,		123,	76,		5,		36,		1135,	50,		31,		40,		47,		42,		65,		16,		2297,	2264,	2251,	2270,	2283,	2246,	2287,	2240,	2201,	2168,	2235,	2174,	2187,	2230,	2191,	2224,	1879,	1912,	1925,	1906,	1893,	1930,	1889,	1936,	2007,	1976,	2033,	1962,	1981,	1972,	1965,	1970,	1947,	1996,	
916,	855,	886,	883,	888,	897,	864,	923,	932,	951,	982,	979,	984,	993,	960,	939,	88,		149,	118,	121,	116,	107,	140,	81,		1136,	57,		1138,	37,		34,		49,		1148,	1143,	1152,	67,		2252,	1157,	2282,	2285,	2280,	2271,	2304,	2245,	2236,	2217,	2186,	2189,	2184,	2175,	2208,	2229,	1924,	1863,	1894,	1891,	1896,	1905,	1872,	1931,	2032,	1955,	2030,	1975,	1978,	1963,	2020,	2025,	2016,	1945,	
903,	872,	899,	918,	921,	884,	927,	880,	999,	968,	995,	934,	937,	980,	943,	976,	101,	132,	105,	86,		83,		120,	77,		124,	1139,	4,		35,		30,		51,		1142,	39,		66,		17,		1154,	2265,	2296,	2269,	2250,	2247,	2284,	2241,	2288,	2169,	2200,	2173,	2234,	2231,	2188,	2225,	2192,	1911,	1880,	1907,	1926,	1929,	1892,	1935,	1888,	2029,	2008,	1977,	1982,	1961,	2026,	1973,	1946,	1995,	2014,	
856,	875,	920,	887,	900,	861,	924,	863,	952,	971,	936,	983,	996,	957,	940,	959,	148,	129,	84,		117,	104,	143,	80,		141,	56,		29,		54,		1141,	38,		1147,	1144,	1153,	20,		23,		1156,	2293,	2248,	2281,	2268,	2307,	2244,	2305,	2216,	2197,	2232,	2185,	2172,	2211,	2228,	2209,	1864,	1883,	1928,	1895,	1908,	1869,	1932,	1871,	1956,	1983,	1958,	2027,	1974,	2021,	2024,	2015,	1992,	1989,	
873,	902,	877,	858,	919,	926,	879,	860,	969,	998,	973,	954,	935,	942,	975,	956,	131,	102,	127,	146,	85,		78,		125,	144,	3,		1140,	27,		1146,	1,		52,		25,		22,		1155,	18,		2295,	2266,	2291,	2310,	2249,	2242,	2289,	2308,	2199,	2170,	2195,	2214,	2233,	2226,	2193,	2212,	1881,	1910,	1885,	1866,	1927,	1934,	1887,	1868,	2009,	2028,	1985,	2022,	2011,	1960,	1987,	1990,	2013,	1994,	
876,	857,	874,	901,	878,	859,	862,	925,	972,	953,	970,	997,	974,	955,	958,	941,	128,	147,	130,	103,	126,	145,	142,	79,		28,		55,		2,		53,		26,		1145,	0,		19,		24,		21,		2292,	2311,	2294,	2267,	2290,	2309,	2306,	2243,	2196,	2215,	2198,	2171,	2194,	2213,	2210,	2227,	1884,	1865,	1882,	1909,	1886,	1867,	1870,	1933,	1984,	1957,	2010,	1959,	1986,	2023,	2012,	1993,	1988,	1991,	
3705,	3700,	3719,	3728,	3687,	3676,	3717,	3730,	3743,	3738,	3757,	3766,	3789,	3778,	3755,	3768,	3519,	3524,	3505,	3496,	3537,	3548,	3507,	3494,	3473,	4584,	4593,	3488,	3471,	4582,	4595,	3486,	3469,	4622,	3445,	3440,	3459,	2312,	3427,	3416,	3457,	2314,	2327,	2322,	2341,	2350,	2373,	2362,	2339,	2352,	3259,	3264,	3245,	3236,	3277,	3288,	3247,	3234,	3213,	3168,	3177,	3228,	3211,	3166,	3179,	3226,	3209,	3206,	
3720,	3727,	3704,	3699,	3718,	3729,	3678,	3675,	3758,	3765,	3742,	3737,	3756,	3767,	3780,	3777,	3504,	3497,	3520,	3525,	3506,	3495,	3546,	3549,	4592,	3489,	3472,	4583,	4594,	3487,	3470,	4623,	4596,	3485,	3460,	3467,	3444,	3439,	3458,	2313,	3418,	3415,	2342,	2349,	2326,	2321,	2340,	2351,	2364,	2361,	3244,	3237,	3260,	3265,	3246,	3235,	3286,	3289,	3176,	3229,	3212,	3167,	3178,	3227,	3210,	3207,	3180,	3225,	
3703,	3706,	3701,	3686,	3677,	3688,	3731,	3716,	3741,	3744,	3739,	3788,	3779,	3790,	3769,	3754,	3521,	3518,	3523,	3538,	3547,	3536,	3493,	3508,	4585,	3474,	4591,	4606,	4581,	4612,	4599,	4578,	4621,	3468,	3443,	3446,	3441,	3426,	3417,	3428,	2315,	3456,	2325,	2328,	2323,	2372,	2363,	2374,	2353,	2338,	3261,	3258,	3263,	3278,	3287,	3276,	3233,	3248,	3169,	3214,	3175,	3190,	3165,	3196,	3183,	3162,	3205,	3208,	
3726,	3721,	3696,	3689,	3698,	3691,	3674,	3679,	3764,	3759,	3734,	3791,	3736,	3793,	3776,	3781,	3498,	3503,	3528,	3535,	3526,	3533,	3550,	3545,	3490,	4607,	4586,	4609,	4600,	4615,	4580,	4611,	3484,	4597,	3466,	3461,	3436,	3429,	3438,	3431,	3414,	3419,	2348,	2343,	2318,	2375,	2320,	2377,	2360,	2365,	3238,	3243,	3268,	3275,	3266,	3273,	3290,	3285,	3230,	3191,	3170,	3193,	3184,	3199,	3164,	3195,	3224,	3181,	
3707,	3702,	3725,	3692,	3685,	3680,	3715,	3732,	3745,	3740,	3763,	3794,	3787,	3782,	3753,	3770,	3517,	3522,	3499,	3532,	3539,	3544,	3509,	3492,	3475,	4590,	4605,	4616,	4613,	4610,	4577,	4598,	4579,	4620,	3447,	3442,	3465,	3432,	3425,	3420,	3455,	2316,	2329,	2324,	2347,	2378,	2371,	2366,	2337,	2354,	3257,	3262,	3239,	3272,	3279,	3284,	3249,	3232,	3215,	3174,	3189,	3200,	3197,	3194,	3161,	3182,	3163,	3204,	
3722,	3695,	3684,	3697,	3690,	3671,	3712,	3673,	3760,	3733,	3786,	3735,	3792,	3773,	3750,	3775,	3502,	3529,	3540,	3527,	3534,	3553,	3512,	3551,	4604,	3491,	4608,	4587,	4576,	4601,	4614,	3481,	4572,	3483,	3462,	3435,	3424,	3437,	3430,	3411,	3452,	3413,	2344,	2317,	2370,	2319,	2376,	2357,	2334,	2359,	3242,	3269,	3280,	3267,	3274,	3293,	3252,	3291,	3188,	3231,	3192,	3171,	3160,	3185,	3198,	3221,	3156,	3223,	
3683,	3708,	3693,	3724,	3681,	3710,	3669,	3714,	3785,	3746,	3795,	3762,	3783,	3748,	3771,	3752,	3541,	3516,	3531,	3500,	3543,	3514,	3555,	3510,	4589,	3476,	4569,	4602,	4617,	3478,	4571,	4574,	4619,	3480,	3423,	3448,	3433,	3464,	3421,	3450,	3409,	3454,	2369,	2330,	2379,	2346,	2367,	2332,	2355,	2336,	3281,	3256,	3271,	3240,	3283,	3254,	3295,	3250,	3173,	3216,	3153,	3186,	3201,	3218,	3155,	3158,	3203,	3220,	
3694,	3723,	3682,	3709,	3670,	3713,	3672,	3711,	3796,	3761,	3784,	3747,	3772,	3751,	3774,	3749,	3530,	3501,	3542,	3515,	3554,	3511,	3552,	3513,	4568,	4603,	4588,	3477,	4570,	4575,	4618,	3479,	3482,	4573,	3434,	3463,	3422,	3449,	3410,	3453,	3412,	3451,	2380,	2345,	2368,	2331,	2356,	2335,	2358,	2333,	3270,	3241,	3282,	3255,	3294,	3251,	3292,	3253,	3152,	3187,	3172,	3217,	3154,	3159,	3202,	3219,	3222,	3157,	
3643,	3638,	3657,	3666,	3625,	3614,	3655,	3668,	3811,	3816,	3797,	3596,	3829,	3840,	3799,	3594,	3581,	3586,	3567,	3558,	4467,	4478,	3569,	3556,	4531,	4496,	4567,	4516,	4533,	4498,	4565,	4518,	4535,	4538,	3383,	3378,	3397,	3406,	3365,	3354,	3395,	3408,	2395,	2400,	2381,	3336,	2413,	2424,	2383,	3334,	3321,	3326,	3307,	3298,	3051,	3062,	3309,	3296,	3115,	3080,	3151,	3100,	3117,	3082,	3149,	3102,	3119,	3122,	
3658,	3665,	3642,	3637,	3656,	3667,	3616,	3613,	3604,	3597,	3812,	3817,	3798,	3595,	3838,	3841,	3566,	3559,	3582,	3587,	3568,	3557,	4476,	4479,	4488,	4515,	4532,	4497,	4566,	4517,	4534,	4537,	4564,	4519,	3398,	3405,	3382,	3377,	3396,	3407,	3356,	3353,	3344,	3337,	2396,	2401,	2382,	3335,	2422,	2425,	3306,	3299,	3322,	3327,	3308,	3297,	3060,	3063,	3072,	3099,	3116,	3081,	3150,	3101,	3118,	3121,	3148,	3103,	
3641,	3644,	3639,	3624,	3615,	3626,	3605,	3654,	3813,	3810,	3815,	3830,	3839,	3828,	3593,	3800,	3583,	3580,	3585,	4468,	4477,	4466,	4487,	3570,	4495,	4530,	4489,	4554,	4499,	4548,	4561,	4502,	4539,	4536,	3381,	3384,	3379,	3364,	3355,	3366,	3345,	3394,	2397,	2394,	2399,	2414,	2423,	2412,	3333,	2384,	3323,	3320,	3325,	3052,	3061,	3050,	3071,	3310,	3079,	3114,	3073,	3138,	3083,	3132,	3145,	3086,	3123,	3120,	
3664,	3659,	3634,	3627,	3636,	3629,	3612,	3617,	3598,	3603,	3820,	3827,	3818,	3825,	3842,	3837,	3560,	3565,	3590,	4465,	3588,	4463,	4480,	4475,	4514,	4553,	4494,	4551,	4560,	4545,	4500,	4549,	4520,	4563,	3404,	3399,	3374,	3367,	3376,	3369,	3352,	3357,	3338,	3343,	2404,	2411,	2402,	2409,	2426,	2421,	3300,	3305,	3330,	3049,	3328,	3047,	3064,	3059,	3098,	3137,	3078,	3135,	3144,	3129,	3084,	3133,	3104,	3147,	
3645,	3640,	3663,	3630,	3623,	3618,	3653,	3606,	3809,	3814,	3599,	3824,	3831,	3836,	3801,	3592,	3579,	3584,	3561,	4462,	4469,	4474,	3571,	4486,	4529,	4490,	4555,	4544,	4547,	4550,	4503,	4562,	4501,	4540,	3385,	3380,	3403,	3370,	3363,	3358,	3393,	3346,	2393,	2398,	3339,	2408,	2415,	2420,	2385,	3332,	3319,	3324,	3301,	3046,	3053,	3058,	3311,	3070,	3113,	3074,	3139,	3128,	3131,	3134,	3087,	3146,	3085,	3124,	
3660,	3633,	3622,	3635,	3628,	3609,	3650,	3611,	3602,	3821,	3832,	3819,	3826,	3845,	3804,	3843,	3564,	3591,	4470,	3589,	4464,	4483,	3574,	4481,	4556,	4513,	4552,	4493,	4504,	4559,	4546,	4523,	4508,	4521,	3400,	3373,	3362,	3375,	3368,	3349,	3390,	3351,	3342,	2405,	2416,	2403,	2410,	2429,	2388,	2427,	3304,	3331,	3054,	3329,	3048,	3067,	3314,	3065,	3140,	3097,	3136,	3077,	3088,	3143,	3130,	3107,	3092,	3105,	
3621,	3646,	3631,	3662,	3619,	3648,	3607,	3652,	3833,	3808,	3823,	3600,	3835,	3806,	3847,	3802,	4471,	3578,	4461,	3562,	4473,	3576,	4485,	3572,	4491,	4528,	4511,	4558,	4543,	4526,	4509,	4506,	4541,	4524,	3361,	3386,	3371,	3402,	3359,	3388,	3347,	3392,	2417,	2392,	2407,	3340,	2419,	2390,	2431,	2386,	3055,	3318,	3045,	3302,	3057,	3316,	3069,	3312,	3075,	3112,	3095,	3142,	3127,	3110,	3093,	3090,	3125,	3108,	
3632,	3661,	3620,	3647,	3608,	3651,	3610,	3649,	3822,	3601,	3834,	3807,	3846,	3803,	3844,	3805,	4460,	3563,	4472,	3577,	4484,	3573,	4482,	3575,	4512,	4557,	4492,	4527,	4510,	4505,	4542,	4525,	4522,	4507,	3372,	3401,	3360,	3387,	3348,	3391,	3350,	3389,	2406,	3341,	2418,	2391,	2430,	2387,	2428,	2389,	3044,	3303,	3056,	3317,	3068,	3313,	3066,	3315,	3096,	3141,	3076,	3111,	3094,	3089,	3126,	3109,	3106,	3091,	
3911,	3916,	3897,	3888,	3929,	3940,	3899,	3886,	3873,	3878,	3859,	3850,	4115,	4126,	3861,	3848,	4445,	4440,	4459,	4144,	4427,	4416,	4457,	4146,	4167,	4212,	4203,	4152,	4169,	4214,	4201,	4154,	4171,	4174,	2495,	2500,	2481,	2472,	2513,	2524,	2483,	2470,	2457,	2462,	2443,	2434,	2699,	2710,	2445,	2432,	3029,	3024,	3043,	2728,	3011,	3000,	3041,	2730,	2751,	2796,	2787,	2736,	2753,	2798,	2785,	2738,	2755,	2758,	
3896,	3889,	3912,	3917,	3898,	3887,	3938,	3941,	3858,	3851,	3874,	3879,	3860,	3849,	4124,	4127,	4136,	4143,	4444,	4439,	4458,	4145,	4418,	4415,	4204,	4151,	4168,	4213,	4202,	4153,	4170,	4173,	4200,	4155,	2480,	2473,	2496,	2501,	2482,	2471,	2522,	2525,	2442,	2435,	2458,	2463,	2444,	2433,	2708,	2711,	2720,	2727,	3028,	3023,	3042,	2729,	3002,	2999,	2788,	2735,	2752,	2797,	2786,	2737,	2754,	2757,	2784,	2739,	
3913,	3910,	3915,	3930,	3939,	3928,	3885,	3900,	3875,	3872,	3877,	4116,	4125,	4114,	4135,	3862,	4443,	4446,	4441,	4426,	4417,	4428,	4147,	4456,	4211,	4166,	4205,	4190,	4215,	4184,	4197,	4218,	4175,	4172,	2497,	2494,	2499,	2514,	2523,	2512,	2469,	2484,	2459,	2456,	2461,	2700,	2709,	2698,	2719,	2446,	3027,	3030,	3025,	3010,	3001,	3012,	2731,	3040,	2795,	2750,	2789,	2774,	2799,	2768,	2781,	2802,	2759,	2756,	
3890,	3895,	3920,	3927,	3918,	3925,	3942,	3937,	3852,	3857,	3882,	4113,	3880,	4111,	4128,	4123,	4142,	4137,	4436,	4429,	4438,	4431,	4414,	4419,	4150,	4189,	4210,	4187,	4196,	4181,	4216,	4185,	4156,	4199,	2474,	2479,	2504,	2511,	2502,	2509,	2526,	2521,	2436,	2441,	2466,	2697,	2464,	2695,	2712,	2707,	2726,	2721,	3020,	3013,	3022,	3015,	2998,	3003,	2734,	2773,	2794,	2771,	2780,	2765,	2800,	2769,	2740,	2783,	
3909,	3914,	3891,	3924,	3931,	3936,	3901,	3884,	3871,	3876,	3853,	4110,	4117,	4122,	3863,	4134,	4447,	4442,	4141,	4432,	4425,	4420,	4455,	4148,	4165,	4206,	4191,	4180,	4183,	4186,	4219,	4198,	4217,	4176,	2493,	2498,	2475,	2508,	2515,	2520,	2485,	2468,	2455,	2460,	2437,	2694,	2701,	2706,	2447,	2718,	3031,	3026,	2725,	3016,	3009,	3004,	3039,	2732,	2749,	2790,	2775,	2764,	2767,	2770,	2803,	2782,	2801,	2760,	
3894,	3921,	3932,	3919,	3926,	3945,	3904,	3943,	3856,	3883,	4118,	3881,	4112,	4131,	3866,	4129,	4138,	4435,	4424,	4437,	4430,	4411,	4452,	4413,	4192,	4149,	4188,	4209,	4220,	4195,	4182,	4159,	4224,	4157,	2478,	2505,	2516,	2503,	2510,	2529,	2488,	2527,	2440,	2467,	2702,	2465,	2696,	2715,	2450,	2713,	2722,	3019,	3008,	3021,	3014,	2995,	3036,	2997,	2776,	2733,	2772,	2793,	2804,	2779,	2766,	2743,	2808,	2741,	
3933,	3908,	3923,	3892,	3935,	3906,	3947,	3902,	4119,	3870,	4109,	3854,	4121,	3868,	4133,	3864,	4423,	4448,	4433,	4140,	4421,	4450,	4409,	4454,	4207,	4164,	4227,	4194,	4179,	4162,	4225,	4222,	4177,	4160,	2517,	2492,	2507,	2476,	2519,	2490,	2531,	2486,	2703,	2454,	2693,	2438,	2705,	2452,	2717,	2448,	3007,	3032,	3017,	2724,	3005,	3034,	2993,	3038,	2791,	2748,	2811,	2778,	2763,	2746,	2809,	2806,	2761,	2744,	
3922,	3893,	3934,	3907,	3946,	3903,	3944,	3905,	4108,	3855,	4120,	3869,	4132,	3865,	4130,	3867,	4434,	4139,	4422,	4449,	4410,	4453,	4412,	4451,	4228,	4193,	4208,	4163,	4226,	4221,	4178,	4161,	4158,	4223,	2506,	2477,	2518,	2491,	2530,	2487,	2528,	2489,	2692,	2439,	2704,	2453,	2716,	2449,	2714,	2451,	3018,	2723,	3006,	3033,	2994,	3037,	2996,	3035,	2812,	2777,	2792,	2747,	2810,	2805,	2762,	2745,	2742,	2807,	
3967,	4004,	4011,	3950,	3965,	3992,	4007,	3948,	4063,	4100,	4107,	4046,	4061,	4088,	4103,	4044,	4389,	4352,	4345,	4406,	4391,	4364,	4349,	4408,	4261,	4314,	4229,	4326,	4263,	4316,	4299,	4324,	4265,	4268,	2551,	2588,	2595,	2534,	2549,	2576,	2591,	2532,	2647,	2684,	2691,	2630,	2645,	2672,	2687,	2628,	2973,	2936,	2929,	2990,	2975,	2948,	2933,	2992,	2845,	2898,	2813,	2910,	2847,	2900,	2883,	2908,	2849,	2852,	
4012,	3951,	3966,	3989,	4006,	3949,	3964,	3993,	4028,	4047,	4062,	4085,	4102,	4045,	4060,	4089,	4344,	4405,	4390,	4367,	4350,	4407,	4392,	4363,	4328,	4231,	4262,	4315,	4298,	4325,	4264,	4267,	4248,	4323,	2596,	2535,	2550,	2573,	2590,	2533,	2548,	2577,	2612,	2631,	2646,	2669,	2686,	2629,	2644,	2673,	2928,	2989,	2974,	2951,	2934,	2991,	2976,	2947,	2912,	2815,	2846,	2899,	2882,	2909,	2848,	2851,	2832,	2907,	
4003,	3968,	4005,	4010,	3991,	3988,	4027,	4008,	4099,	4064,	4101,	4106,	4087,	4084,	4043,	4104,	4353,	4388,	4351,	4346,	4365,	4368,	4329,	4348,	4313,	4260,	4327,	4230,	4317,	4286,	4295,	4300,	4269,	4266,	2587,	2552,	2589,	2594,	2575,	2572,	2611,	2592,	2683,	2648,	2685,	2690,	2671,	2668,	2627,	2688,	2937,	2972,	2935,	2930,	2949,	2952,	2913,	2932,	2897,	2844,	2911,	2814,	2901,	2870,	2879,	2884,	2853,	2850,	
3952,	4013,	3990,	3987,	3980,	4009,	3994,	3963,	4048,	4029,	4086,	4083,	4076,	4105,	4090,	4059,	4404,	4343,	4366,	4369,	4376,	4347,	4362,	4393,	4232,	4235,	4312,	4287,	4302,	4297,	4318,	4247,	4322,	4249,	2536,	2597,	2574,	2571,	2564,	2593,	2578,	2547,	2632,	2613,	2670,	2667,	2660,	2689,	2674,	2643,	2988,	2927,	2950,	2953,	2960,	2931,	2946,	2977,	2816,	2819,	2896,	2871,	2886,	2881,	2902,	2831,	2906,	2833,	
3969,	4002,	4015,	3996,	3983,	4020,	3979,	4026,	4065,	4098,	4031,	4092,	4079,	4036,	4075,	4042,	4387,	4354,	4341,	4360,	4373,	4336,	4377,	4330,	4259,	4290,	4233,	4304,	4285,	4294,	4301,	4296,	4319,	4270,	2553,	2586,	2599,	2580,	2567,	2604,	2563,	2610,	2649,	2682,	2615,	2676,	2663,	2620,	2659,	2626,	2971,	2938,	2925,	2944,	2957,	2920,	2961,	2914,	2843,	2874,	2817,	2888,	2869,	2878,	2885,	2880,	2903,	2854,	
4014,	3953,	3984,	3981,	3986,	3995,	3962,	4021,	4030,	4049,	4080,	4077,	4082,	4091,	4058,	4037,	4342,	4403,	4372,	4375,	4370,	4361,	4394,	4335,	4234,	4311,	4236,	4291,	4288,	4303,	4246,	4241,	4250,	4321,	2598,	2537,	2568,	2565,	2570,	2579,	2546,	2605,	2614,	2633,	2664,	2661,	2666,	2675,	2642,	2621,	2926,	2987,	2956,	2959,	2954,	2945,	2978,	2919,	2818,	2895,	2820,	2875,	2872,	2887,	2830,	2825,	2834,	2905,	
4001,	3970,	3997,	4016,	4019,	3982,	4025,	3978,	4097,	4066,	4093,	4032,	4035,	4078,	4041,	4074,	4355,	4386,	4359,	4340,	4337,	4374,	4331,	4378,	4237,	4258,	4289,	4284,	4305,	4240,	4293,	4320,	4271,	4252,	2585,	2554,	2581,	2600,	2603,	2566,	2609,	2562,	2681,	2650,	2677,	2616,	2619,	2662,	2625,	2658,	2939,	2970,	2943,	2924,	2921,	2958,	2915,	2962,	2821,	2842,	2873,	2868,	2889,	2824,	2877,	2904,	2855,	2836,	
3954,	3973,	4018,	3985,	3998,	3959,	4022,	3961,	4050,	4069,	4034,	4081,	4094,	4055,	4038,	4057,	4402,	4383,	4338,	4371,	4358,	4397,	4334,	4395,	4310,	4283,	4308,	4239,	4292,	4245,	4242,	4251,	4274,	4277,	2538,	2557,	2602,	2569,	2582,	2543,	2606,	2545,	2634,	2653,	2618,	2665,	2678,	2639,	2622,	2641,	2986,	2967,	2922,	2955,	2942,	2981,	2918,	2979,	2894,	2867,	2892,	2823,	2876,	2829,	2826,	2835,	2858,	2861,	
3971,	4000,	3975,	3956,	4017,	4024,	3977,	3958,	4067,	4096,	4071,	4052,	4033,	4040,	4073,	4054,	4385,	4356,	4381,	4400,	4339,	4332,	4379,	4398,	4257,	4238,	4281,	4244,	4255,	4306,	4279,	4276,	4253,	4272,	2555,	2584,	2559,	2540,	2601,	2608,	2561,	2542,	2651,	2680,	2655,	2636,	2617,	2624,	2657,	2638,	2969,	2940,	2965,	2984,	2923,	2916,	2963,	2982,	2841,	2822,	2865,	2828,	2839,	2890,	2863,	2860,	2837,	2856,	
3974,	3955,	3972,	3999,	3976,	3957,	3960,	4023,	4070,	4051,	4068,	4095,	4072,	4053,	4056,	4039,	4382,	4401,	4384,	4357,	4380,	4399,	4396,	4333,	4282,	4309,	4256,	4307,	4280,	4243,	4254,	4273,	4278,	4275,	2558,	2539,	2556,	2583,	2560,	2541,	2544,	2607,	2654,	2635,	2652,	2679,	2656,	2637,	2640,	2623,	2966,	2985,	2968,	2941,	2964,	2983,	2980,	2917,	2866,	2893,	2840,	2891,	2864,	2827,	2838,	2857,	2862,	2859,	
