607,	602,	621,	630,	589,	578,	619,	632,	645,	640,	659,	668,	691,	680,	657,	670,	421,	426,	407,	398,	439,	450,	409,	396,	375,	330,	339,	390,	373,	328,	341,	388,	371,	368,	2047,	2042,	2061,	2070,	2029,	2018,	2059,	2072,	2093,	2138,	2129,	2078,	2095,	2140,	2127,	2080,	2097,	2100,	1665,	1660,	1679,	1688,	1647,	1636,	1677,	1690,	1711,	1756,	1747,	1696,	1713,	1758,	1745,	1698,	1715,	1718,	
622,	629,	606,	601,	620,	631,	580,	577,	660,	667,	644,	639,	658,	669,	682,	679,	406,	399,	422,	427,	408,	397,	448,	451,	338,	391,	374,	329,	340,	389,	372,	369,	342,	387,	2062,	2069,	2046,	2041,	2060,	2071,	2020,	2017,	2130,	2077,	2094,	2139,	2128,	2079,	2096,	2099,	2126,	2081,	1680,	1687,	1664,	1659,	1678,	1689,	1638,	1635,	1748,	1695,	1712,	1757,	1746,	1697,	1714,	1717,	1744,	1699,	
605,	608,	603,	588,	579,	590,	633,	618,	643,	646,	641,	690,	681,	692,	671,	656,	423,	420,	425,	440,	449,	438,	395,	410,	331,	376,	337,	352,	327,	358,	345,	324,	367,	370,	2045,	2048,	2043,	2028,	2019,	2030,	2073,	2058,	2137,	2092,	2131,	2116,	2141,	2110,	2123,	2144,	2101,	2098,	1663,	1666,	1661,	1646,	1637,	1648,	1691,	1676,	1755,	1710,	1749,	1734,	1759,	1728,	1741,	1762,	1719,	1716,	
628,	623,	598,	591,	600,	593,	576,	581,	666,	661,	636,	693,	638,	695,	678,	683,	400,	405,	430,	437,	428,	435,	452,	447,	392,	353,	332,	355,	346,	361,	326,	357,	386,	343,	2068,	2063,	2038,	2031,	2040,	2033,	2016,	2021,	2076,	2115,	2136,	2113,	2122,	2107,	2142,	2111,	2082,	2125,	1686,	1681,	1656,	1649,	1658,	1651,	1634,	1639,	1694,	1733,	1754,	1731,	1740,	1725,	1760,	1729,	1700,	1743,	
609,	604,	627,	594,	587,	582,	617,	634,	647,	642,	665,	696,	689,	684,	655,	672,	419,	424,	401,	434,	441,	446,	411,	394,	377,	336,	351,	362,	359,	356,	323,	344,	325,	366,	2049,	2044,	2067,	2034,	2027,	2022,	2057,	2074,	2091,	2132,	2117,	2106,	2109,	2112,	2145,	2124,	2143,	2102,	1667,	1662,	1685,	1652,	1645,	1640,	1675,	1692,	1709,	1750,	1735,	1724,	1727,	1730,	1763,	1742,	1761,	1720,	
624,	597,	586,	599,	592,	573,	614,	575,	662,	635,	688,	637,	694,	675,	652,	677,	404,	431,	442,	429,	436,	455,	414,	453,	350,	393,	354,	333,	322,	347,	360,	383,	318,	385,	2064,	2037,	2026,	2039,	2032,	2013,	2054,	2015,	2118,	2075,	2114,	2135,	2146,	2121,	2108,	2085,	2150,	2083,	1682,	1655,	1644,	1657,	1650,	1631,	1672,	1633,	1736,	1693,	1732,	1753,	1764,	1739,	1726,	1703,	1768,	1701,	
585,	610,	595,	626,	583,	612,	571,	616,	687,	648,	697,	664,	685,	650,	673,	654,	443,	418,	433,	402,	445,	416,	457,	412,	335,	378,	315,	348,	363,	380,	317,	320,	365,	382,	2025,	2050,	2035,	2066,	2023,	2052,	2011,	2056,	2133,	2090,	2153,	2120,	2105,	2088,	2151,	2148,	2103,	2086,	1643,	1668,	1653,	1684,	1641,	1670,	1629,	1674,	1751,	1708,	1771,	1738,	1723,	1706,	1769,	1766,	1721,	1704,	
596,	625,	584,	611,	572,	615,	574,	613,	698,	663,	686,	649,	674,	653,	676,	651,	432,	403,	444,	417,	456,	413,	454,	415,	314,	349,	334,	379,	316,	321,	364,	381,	384,	319,	2036,	2065,	2024,	2051,	2012,	2055,	2014,	2053,	2154,	2119,	2134,	2089,	2152,	2147,	2104,	2087,	2084,	2149,	1654,	1683,	1642,	1669,	1630,	1673,	1632,	1671,	1772,	1737,	1752,	1707,	1770,	1765,	1722,	1705,	1702,	1767,	
545,	540,	559,	568,	527,	516,	557,	570,	713,	718,	699,	498,	731,	742,	701,	496,	483,	488,	469,	460,	213,	224,	471,	458,	277,	242,	313,	262,	279,	244,	311,	264,	281,	284,	1985,	1980,	1999,	2008,	1967,	1956,	1997,	2010,	2191,	1938,	2155,	1918,	2189,	1936,	2157,	1916,	2187,	2184,	1891,	1886,	1905,	1626,	1873,	1862,	1903,	1628,	1809,	1844,	1773,	1824,	1807,	1842,	1775,	1822,	1805,	1802,	
560,	567,	544,	539,	558,	569,	518,	515,	506,	499,	714,	719,	700,	497,	740,	743,	468,	461,	484,	489,	470,	459,	222,	225,	234,	261,	278,	243,	312,	263,	280,	283,	310,	265,	2000,	2007,	1984,	1979,	1998,	2009,	1958,	1955,	1946,	1919,	2190,	1937,	2156,	1917,	2188,	2185,	2158,	1915,	1906,	1625,	1890,	1885,	1904,	1627,	1864,	1861,	1852,	1825,	1808,	1843,	1774,	1823,	1806,	1803,	1776,	1821,	
543,	546,	541,	526,	517,	528,	507,	556,	715,	712,	717,	732,	741,	730,	495,	702,	485,	482,	487,	214,	223,	212,	233,	472,	241,	276,	235,	300,	245,	294,	307,	248,	285,	282,	1983,	1986,	1981,	1966,	1957,	1968,	1947,	1996,	1939,	2192,	1945,	2168,	1935,	2174,	2161,	1932,	2183,	2186,	1889,	1892,	1887,	1872,	1863,	1874,	1853,	1902,	1845,	1810,	1851,	1786,	1841,	1792,	1779,	1838,	1801,	1804,	
566,	561,	536,	529,	538,	531,	514,	519,	500,	505,	722,	729,	720,	727,	744,	739,	462,	467,	492,	211,	490,	209,	226,	221,	260,	299,	240,	297,	306,	291,	246,	295,	266,	309,	2006,	2001,	1976,	1969,	1978,	1971,	1954,	1959,	1920,	2169,	1940,	2171,	2162,	2177,	1934,	2173,	1914,	2159,	1624,	1907,	1882,	1875,	1884,	1877,	1860,	1865,	1826,	1787,	1846,	1789,	1780,	1795,	1840,	1791,	1820,	1777,	
547,	542,	565,	532,	525,	520,	555,	508,	711,	716,	501,	726,	733,	738,	703,	494,	481,	486,	463,	208,	215,	220,	473,	232,	275,	236,	301,	290,	293,	296,	249,	308,	247,	286,	1987,	1982,	2005,	1972,	1965,	1960,	1995,	1948,	2193,	1944,	2167,	2178,	2175,	2172,	1931,	2160,	1933,	2182,	1893,	1888,	1623,	1878,	1871,	1866,	1901,	1854,	1811,	1850,	1785,	1796,	1793,	1790,	1837,	1778,	1839,	1800,	
562,	535,	524,	537,	530,	511,	552,	513,	504,	723,	734,	721,	728,	747,	706,	745,	466,	493,	216,	491,	210,	229,	476,	227,	302,	259,	298,	239,	250,	305,	292,	269,	254,	267,	2002,	1975,	1964,	1977,	1970,	1951,	1992,	1953,	2166,	1921,	2170,	1941,	1930,	2163,	2176,	1911,	1926,	1913,	1908,	1881,	1870,	1883,	1876,	1857,	1898,	1859,	1784,	1827,	1788,	1847,	1836,	1781,	1794,	1817,	1832,	1819,	
523,	548,	533,	564,	521,	550,	509,	554,	735,	710,	725,	502,	737,	708,	749,	704,	217,	480,	207,	464,	219,	478,	231,	474,	237,	274,	257,	304,	289,	272,	255,	252,	287,	270,	1963,	1988,	1973,	2004,	1961,	1990,	1949,	1994,	1943,	2194,	1923,	2164,	2179,	2196,	1925,	1928,	2181,	1910,	1869,	1894,	1879,	1622,	1867,	1896,	1855,	1900,	1849,	1812,	1829,	1782,	1797,	1814,	1831,	1834,	1799,	1816,	
534,	563,	522,	549,	510,	553,	512,	551,	724,	503,	736,	709,	748,	705,	746,	707,	206,	465,	218,	479,	230,	475,	228,	477,	258,	303,	238,	273,	256,	251,	288,	271,	268,	253,	1974,	2003,	1962,	1989,	1950,	1993,	1952,	1991,	1922,	2165,	1942,	2195,	1924,	1929,	2180,	2197,	1912,	1927,	1880,	1909,	1868,	1895,	1856,	1899,	1858,	1897,	1828,	1783,	1848,	1813,	1830,	1835,	1798,	1815,	1818,	1833,	
813,	818,	799,	790,	831,	842,	801,	788,	775,	780,	761,	752,	1017,	1028,	763,	750,	191,	186,	205,	1046,	173,	162,	203,	1048,	1069,	1114,	1105,	1054,	1071,	1116,	1103,	1056,	1073,	1076,	1219,	1214,	1233,	1242,	1201,	1190,	1231,	1244,	1265,	2210,	2201,	1250,	1267,	2212,	2199,	1252,	1269,	1272,	1607,	1602,	1621,	1306,	1589,	1578,	1619,	1308,	1329,	1374,	1365,	1314,	1331,	1376,	1363,	1316,	1333,	1336,	
798,	791,	814,	819,	800,	789,	840,	843,	760,	753,	776,	781,	762,	751,	1026,	1029,	1038,	1045,	190,	185,	204,	1047,	164,	161,	1106,	1053,	1070,	1115,	1104,	1055,	1072,	1075,	1102,	1057,	1234,	1241,	1218,	1213,	1232,	1243,	1192,	1189,	2202,	1249,	1266,	2211,	2200,	1251,	1268,	1271,	2198,	1253,	1298,	1305,	1606,	1601,	1620,	1307,	1580,	1577,	1366,	1313,	1330,	1375,	1364,	1315,	1332,	1335,	1362,	1317,	
815,	812,	817,	832,	841,	830,	787,	802,	777,	774,	779,	1018,	1027,	1016,	1037,	764,	189,	192,	187,	172,	163,	174,	1049,	202,	1113,	1068,	1107,	1092,	1117,	1086,	1099,	1120,	1077,	1074,	1217,	1220,	1215,	1200,	1191,	1202,	1245,	1230,	2209,	1264,	2203,	1288,	2213,	1282,	1295,	2216,	1273,	1270,	1605,	1608,	1603,	1588,	1579,	1590,	1309,	1618,	1373,	1328,	1367,	1352,	1377,	1346,	1359,	1380,	1337,	1334,	
792,	797,	822,	829,	820,	827,	844,	839,	754,	759,	784,	1015,	782,	1013,	1030,	1025,	1044,	1039,	182,	175,	184,	177,	160,	165,	1052,	1091,	1112,	1089,	1098,	1083,	1118,	1087,	1058,	1101,	1240,	1235,	1210,	1203,	1212,	1205,	1188,	1193,	1248,	1287,	2208,	1285,	1294,	1279,	2214,	1283,	1254,	1297,	1304,	1299,	1598,	1591,	1600,	1593,	1576,	1581,	1312,	1351,	1372,	1349,	1358,	1343,	1378,	1347,	1318,	1361,	
811,	816,	793,	826,	833,	838,	803,	786,	773,	778,	755,	1012,	1019,	1024,	765,	1036,	193,	188,	1043,	178,	171,	166,	201,	1050,	1067,	1108,	1093,	1082,	1085,	1088,	1121,	1100,	1119,	1078,	1221,	1216,	1239,	1206,	1199,	1194,	1229,	1246,	1263,	2204,	1289,	1278,	1281,	1284,	2217,	1296,	2215,	1274,	1609,	1604,	1303,	1594,	1587,	1582,	1617,	1310,	1327,	1368,	1353,	1342,	1345,	1348,	1381,	1360,	1379,	1338,	
796,	823,	834,	821,	828,	847,	806,	845,	758,	785,	1020,	783,	1014,	1033,	768,	1031,	1040,	181,	170,	183,	176,	157,	198,	159,	1094,	1051,	1090,	1111,	1122,	1097,	1084,	1061,	1126,	1059,	1236,	1209,	1198,	1211,	1204,	1185,	1226,	1187,	1290,	1247,	1286,	2207,	2218,	1293,	1280,	1257,	2222,	1255,	1300,	1597,	1586,	1599,	1592,	1573,	1614,	1575,	1354,	1311,	1350,	1371,	1382,	1357,	1344,	1321,	1386,	1319,	
835,	810,	825,	794,	837,	808,	849,	804,	1021,	772,	1011,	756,	1023,	770,	1035,	766,	169,	194,	179,	1042,	167,	196,	155,	200,	1109,	1066,	1129,	1096,	1081,	1064,	1127,	1124,	1079,	1062,	1197,	1222,	1207,	1238,	1195,	1224,	1183,	1228,	2205,	1262,	2225,	1292,	1277,	1260,	2223,	2220,	1275,	1258,	1585,	1610,	1595,	1302,	1583,	1612,	1571,	1616,	1369,	1326,	1389,	1356,	1341,	1324,	1387,	1384,	1339,	1322,	
824,	795,	836,	809,	848,	805,	846,	807,	1010,	757,	1022,	771,	1034,	767,	1032,	769,	180,	1041,	168,	195,	156,	199,	158,	197,	1130,	1095,	1110,	1065,	1128,	1123,	1080,	1063,	1060,	1125,	1208,	1237,	1196,	1223,	1184,	1227,	1186,	1225,	2226,	1291,	2206,	1261,	2224,	2219,	1276,	1259,	1256,	2221,	1596,	1301,	1584,	1611,	1572,	1615,	1574,	1613,	1390,	1355,	1370,	1325,	1388,	1383,	1340,	1323,	1320,	1385,	
869,	906,	913,	852,	867,	894,	909,	850,	965,	1002,	1009,	948,	963,	990,	1005,	946,	135,	98,		91,		152,	137,	110,	95,		154,	7,		60,		1131,	72,		9,		62,		45,		70,		11,		14,		1163,	2350,	2343,	1180,	1165,	2362,	2347,	1182,	2259,	2312,	2227,	2324,	2261,	2314,	2297,	2322,	2263,	2266,	1551,	1514,	1507,	1568,	1553,	1526,	1511,	1570,	1423,	1476,	1391,	1488,	1425,	1478,	1461,	1486,	1427,	1430,	
914,	853,	868,	891,	908,	851,	866,	895,	930,	949,	964,	987,	1004,	947,	962,	991,	90,		151,	136,	113,	96,		153,	138,	109,	74,		1133,	8,		61,		44,		71,		10,		13,		1150,	69,		2342,	1179,	1164,	2365,	2348,	1181,	1166,	2361,	2326,	2229,	2260,	2313,	2296,	2323,	2262,	2265,	2246,	2321,	1506,	1567,	1552,	1529,	1512,	1569,	1554,	1525,	1490,	1393,	1424,	1477,	1460,	1487,	1426,	1429,	1410,	1485,	
905,	870,	907,	912,	893,	890,	929,	910,	1001,	966,	1003,	1008,	989,	986,	945,	1006,	99,		134,	97,		92,		111,	114,	75,		94,		59,		6,		73,		1132,	63,		32,		41,		46,		15,		12,		2351,	1162,	2349,	2344,	2363,	2366,	2327,	2346,	2311,	2258,	2325,	2228,	2315,	2284,	2293,	2298,	2267,	2264,	1515,	1550,	1513,	1508,	1527,	1530,	1491,	1510,	1475,	1422,	1489,	1392,	1479,	1448,	1457,	1462,	1431,	1428,	
854,	915,	892,	889,	882,	911,	896,	865,	950,	931,	988,	985,	978,	1007,	992,	961,	150,	89,		112,	115,	122,	93,		108,	139,	1134,	1137,	58,		33,		48,		43,		64,		1149,	68,		1151,	1178,	2341,	2364,	2367,	2374,	2345,	2360,	1167,	2230,	2233,	2310,	2285,	2300,	2295,	2316,	2245,	2320,	2247,	1566,	1505,	1528,	1531,	1538,	1509,	1524,	1555,	1394,	1397,	1474,	1449,	1464,	1459,	1480,	1409,	1484,	1411,	
871,	904,	917,	898,	885,	922,	881,	928,	967,	1000,	933,	994,	981,	938,	977,	944,	133,	100,	87,		106,	119,	82,		123,	76,		5,		36,		1135,	50,		31,		40,		47,		42,		65,		16,		1161,	2352,	2339,	2358,	2371,	2334,	2375,	2328,	2257,	2288,	2231,	2302,	2283,	2292,	2299,	2294,	2317,	2268,	1549,	1516,	1503,	1522,	1535,	1498,	1539,	1492,	1421,	1452,	1395,	1466,	1447,	1456,	1463,	1458,	1481,	1432,	
916,	855,	886,	883,	888,	897,	864,	923,	932,	951,	982,	979,	984,	993,	960,	939,	88,		149,	118,	121,	116,	107,	140,	81,		1136,	57,		1138,	37,		34,		49,		1148,	1143,	1152,	67,		2340,	1177,	2370,	2373,	2368,	2359,	1168,	2333,	2232,	2309,	2234,	2289,	2286,	2301,	2244,	2239,	2248,	2319,	1504,	1565,	1534,	1537,	1532,	1523,	1556,	1497,	1396,	1473,	1398,	1453,	1450,	1465,	1408,	1403,	1412,	1483,	
903,	872,	899,	918,	921,	884,	927,	880,	999,	968,	995,	934,	937,	980,	943,	976,	101,	132,	105,	86,		83,		120,	77,		124,	1139,	4,		35,		30,		51,		1142,	39,		66,		17,		1154,	2353,	1160,	2357,	2338,	2335,	2372,	2329,	2376,	2235,	2256,	2287,	2282,	2303,	2238,	2291,	2318,	2269,	2250,	1517,	1548,	1521,	1502,	1499,	1536,	1493,	1540,	1399,	1420,	1451,	1446,	1467,	1402,	1455,	1482,	1433,	1414,	
856,	875,	920,	887,	900,	861,	924,	863,	952,	971,	936,	983,	996,	957,	940,	959,	148,	129,	84,		117,	104,	143,	80,		141,	56,		29,		54,		1141,	38,		1147,	1144,	1153,	20,		23,		1176,	1157,	2336,	2369,	2356,	1171,	2332,	1169,	2308,	2281,	2306,	2237,	2290,	2243,	2240,	2249,	2272,	2275,	1564,	1545,	1500,	1533,	1520,	1559,	1496,	1557,	1472,	1445,	1470,	1401,	1454,	1407,	1404,	1413,	1436,	1439,	
873,	902,	877,	858,	919,	926,	879,	860,	969,	998,	973,	954,	935,	942,	975,	956,	131,	102,	127,	146,	85,		78,		125,	144,	3,		1140,	27,		1146,	1,		52,		25,		22,		1155,	18,		1159,	2354,	2379,	1174,	2337,	2330,	2377,	1172,	2255,	2236,	2279,	2242,	2253,	2304,	2277,	2274,	2251,	2270,	1547,	1518,	1543,	1562,	1501,	1494,	1541,	1560,	1419,	1400,	1443,	1406,	1417,	1468,	1441,	1438,	1415,	1434,	
876,	857,	874,	901,	878,	859,	862,	925,	972,	953,	970,	997,	974,	955,	958,	941,	128,	147,	130,	103,	126,	145,	142,	79,		28,		55,		2,		53,		26,		1145,	0,		19,		24,		21,		1156,	1175,	1158,	2355,	2378,	1173,	1170,	2331,	2280,	2307,	2254,	2305,	2278,	2241,	2252,	2271,	2276,	2273,	1544,	1563,	1546,	1519,	1542,	1561,	1558,	1495,	1444,	1471,	1418,	1469,	1442,	1405,	1416,	1435,	1440,	1437,	
3987,	3982,	4001,	4010,	3969,	3958,	3999,	4012,	4025,	4020,	4039,	4048,	4071,	4060,	4037,	4050,	4849,	4844,	4863,	4872,	4831,	4820,	4861,	4874,	4895,	3716,	3707,	4880,	4897,	3718,	3705,	4882,	4899,	3678,	3653,	3648,	3667,	2380,	3635,	3624,	3665,	2382,	2403,	2448,	2439,	2388,	2405,	2450,	2437,	2390,	2407,	2410,	2745,	2750,	2731,	2722,	2763,	2774,	2733,	2720,	2699,	2654,	2663,	2714,	2697,	2652,	2665,	2712,	2695,	2692,	
4002,	4009,	3986,	3981,	4000,	4011,	3960,	3957,	4040,	4047,	4024,	4019,	4038,	4049,	4062,	4059,	4864,	4871,	4848,	4843,	4862,	4873,	4822,	4819,	3708,	4879,	4896,	3717,	3706,	4881,	4898,	3677,	3704,	4883,	3668,	3675,	3652,	3647,	3666,	2381,	3626,	3623,	2440,	2387,	2404,	2449,	2438,	2389,	2406,	2409,	2436,	2391,	2730,	2723,	2746,	2751,	2732,	2721,	2772,	2775,	2662,	2715,	2698,	2653,	2664,	2713,	2696,	2693,	2666,	2711,	
3985,	3988,	3983,	3968,	3959,	3970,	4013,	3998,	4023,	4026,	4021,	4070,	4061,	4072,	4051,	4036,	4847,	4850,	4845,	4830,	4821,	4832,	4875,	4860,	3715,	4894,	3709,	3694,	3719,	3688,	3701,	3722,	3679,	3676,	3651,	3654,	3649,	3634,	3625,	3636,	2383,	3664,	2447,	2402,	2441,	2426,	2451,	2420,	2433,	2454,	2411,	2408,	2747,	2744,	2749,	2764,	2773,	2762,	2719,	2734,	2655,	2700,	2661,	2676,	2651,	2682,	2669,	2648,	2691,	2694,	
4008,	4003,	3978,	3971,	3980,	3973,	3956,	3961,	4046,	4041,	4016,	4073,	4018,	4075,	4058,	4063,	4870,	4865,	4840,	4833,	4842,	4835,	4818,	4823,	4878,	3693,	3714,	3691,	3700,	3685,	3720,	3689,	4884,	3703,	3674,	3669,	3644,	3637,	3646,	3639,	3622,	3627,	2386,	2425,	2446,	2423,	2432,	2417,	2452,	2421,	2392,	2435,	2724,	2729,	2754,	2761,	2752,	2759,	2776,	2771,	2716,	2677,	2656,	2679,	2670,	2685,	2650,	2681,	2710,	2667,	
3989,	3984,	4007,	3974,	3967,	3962,	3997,	4014,	4027,	4022,	4045,	4076,	4069,	4064,	4035,	4052,	4851,	4846,	4869,	4836,	4829,	4824,	4859,	4876,	4893,	3710,	3695,	3684,	3687,	3690,	3723,	3702,	3721,	3680,	3655,	3650,	3673,	3640,	3633,	3628,	3663,	2384,	2401,	2442,	2427,	2416,	2419,	2422,	2455,	2434,	2453,	2412,	2743,	2748,	2725,	2758,	2765,	2770,	2735,	2718,	2701,	2660,	2675,	2686,	2683,	2680,	2647,	2668,	2649,	2690,	
4004,	3977,	3966,	3979,	3972,	3953,	3994,	3955,	4042,	4015,	4068,	4017,	4074,	4055,	4032,	4057,	4866,	4839,	4828,	4841,	4834,	4815,	4856,	4817,	3696,	4877,	3692,	3713,	3724,	3699,	3686,	4887,	3728,	4885,	3670,	3643,	3632,	3645,	3638,	3619,	3660,	3621,	2428,	2385,	2424,	2445,	2456,	2431,	2418,	2395,	2460,	2393,	2728,	2755,	2766,	2753,	2760,	2779,	2738,	2777,	2674,	2717,	2678,	2657,	2646,	2671,	2684,	2707,	2642,	2709,	
3965,	3990,	3975,	4006,	3963,	3992,	3951,	3996,	4067,	4028,	4077,	4044,	4065,	4030,	4053,	4034,	4827,	4852,	4837,	4868,	4825,	4854,	4813,	4858,	3711,	4892,	3731,	3698,	3683,	4890,	3729,	3726,	3681,	4888,	3631,	3656,	3641,	3672,	3629,	3658,	3617,	3662,	2443,	2400,	2463,	2430,	2415,	2398,	2461,	2458,	2413,	2396,	2767,	2742,	2757,	2726,	2769,	2740,	2781,	2736,	2659,	2702,	2639,	2672,	2687,	2704,	2641,	2644,	2689,	2706,	
3976,	4005,	3964,	3991,	3952,	3995,	3954,	3993,	4078,	4043,	4066,	4029,	4054,	4033,	4056,	4031,	4838,	4867,	4826,	4853,	4814,	4857,	4816,	4855,	3732,	3697,	3712,	4891,	3730,	3725,	3682,	4889,	4886,	3727,	3642,	3671,	3630,	3657,	3618,	3661,	3620,	3659,	2464,	2429,	2444,	2399,	2462,	2457,	2414,	2397,	2394,	2459,	2756,	2727,	2768,	2741,	2780,	2737,	2778,	2739,	2638,	2673,	2658,	2703,	2640,	2645,	2688,	2705,	2708,	2643,	
3931,	3894,	3887,	3948,	3933,	3906,	3891,	3950,	4123,	4086,	4079,	4140,	4125,	4098,	4083,	4142,	4793,	3856,	3849,	4810,	4795,	4768,	3853,	4812,	3765,	3818,	3733,	3830,	3767,	3820,	3803,	3828,	3769,	3772,	3597,	3560,	3553,	3614,	3599,	3572,	3557,	3616,	2497,	3522,	2465,	3534,	2499,	3524,	3507,	3532,	2501,	2504,	2801,	2514,	2521,	2784,	2799,	2826,	2517,	2782,	2605,	2552,	2637,	2540,	2603,	2550,	2567,	2542,	2601,	2598,	
3886,	3947,	3932,	3909,	3892,	3949,	3934,	3905,	3870,	4139,	4124,	4101,	4084,	4141,	4126,	4097,	3848,	4809,	4794,	4771,	3854,	4811,	4796,	4767,	3832,	3735,	3766,	3819,	3802,	3829,	3768,	3771,	3752,	3827,	3552,	3613,	3598,	3575,	3558,	3615,	3600,	3571,	3536,	2467,	2498,	3523,	3506,	3533,	2500,	2503,	2484,	3531,	2522,	2785,	2800,	2823,	2516,	2783,	2798,	2827,	2538,	2635,	2604,	2551,	2568,	2541,	2602,	2599,	2618,	2543,	
3895,	3930,	3893,	3888,	3907,	3910,	3871,	3890,	4087,	4122,	4085,	4080,	4099,	4102,	4143,	4082,	3857,	4792,	3855,	3850,	4769,	4772,	3833,	3852,	3817,	3764,	3831,	3734,	3821,	3790,	3799,	3804,	3773,	3770,	3561,	3596,	3559,	3554,	3573,	3576,	3537,	3556,	3521,	2496,	3535,	2466,	3525,	3494,	3503,	3508,	2505,	2502,	2513,	2802,	2515,	2520,	2825,	2822,	2537,	2518,	2553,	2606,	2539,	2636,	2549,	2580,	2571,	2566,	2597,	2600,	
3946,	3885,	3908,	3911,	3918,	3889,	3904,	3935,	4138,	3869,	4100,	4103,	4110,	4081,	4096,	4127,	4808,	3847,	4770,	4773,	4780,	3851,	4766,	4797,	3736,	3739,	3816,	3791,	3806,	3801,	3822,	3751,	3826,	3753,	3612,	3551,	3574,	3577,	3584,	3555,	3570,	3601,	2468,	2471,	3520,	3495,	3510,	3505,	3526,	2483,	3530,	2485,	2786,	2523,	2824,	2821,	2814,	2519,	2828,	2797,	2634,	2631,	2554,	2579,	2564,	2569,	2548,	2619,	2544,	2617,	
3929,	3896,	3883,	3902,	3915,	3878,	3919,	3872,	4121,	4088,	3867,	4094,	4107,	3862,	4111,	4144,	4791,	3858,	3845,	4764,	4777,	3840,	4781,	3834,	3763,	3794,	3737,	3808,	3789,	3798,	3805,	3800,	3823,	3774,	3595,	3562,	3549,	3568,	3581,	3544,	3585,	3538,	2495,	3498,	2469,	3512,	3493,	3502,	3509,	3504,	3527,	2506,	2803,	2512,	2525,	2830,	2817,	2530,	2813,	2536,	2607,	2576,	2633,	2562,	2581,	2572,	2565,	2570,	2547,	2596,	
3884,	3945,	3914,	3917,	3912,	3903,	3936,	3877,	3868,	4137,	4106,	4109,	4104,	4095,	4128,	3861,	3846,	4807,	4776,	4779,	4774,	4765,	4798,	3839,	3738,	3815,	3740,	3795,	3792,	3807,	3750,	3745,	3754,	3825,	3550,	3611,	3580,	3583,	3578,	3569,	3602,	3543,	2470,	3519,	2472,	3499,	3496,	3511,	2482,	2477,	2486,	3529,	2524,	2787,	2818,	2815,	2820,	2829,	2796,	2531,	2632,	2555,	2630,	2575,	2578,	2563,	2620,	2625,	2616,	2545,	
3897,	3928,	3901,	3882,	3879,	3916,	3873,	3920,	4089,	4120,	4093,	3866,	3863,	4108,	4145,	4112,	3859,	4790,	4763,	3844,	3841,	4778,	3835,	4782,	3741,	3762,	3793,	3788,	3809,	3744,	3797,	3824,	3775,	3756,	3563,	3594,	3567,	3548,	3545,	3582,	3539,	3586,	2473,	2494,	3497,	3492,	3513,	2476,	3501,	3528,	2507,	2488,	2511,	2804,	2831,	2526,	2529,	2816,	2535,	2812,	2629,	2608,	2577,	2582,	2561,	2626,	2573,	2546,	2595,	2614,	
3944,	3925,	3880,	3913,	3900,	3939,	3876,	3937,	4136,	4117,	3864,	4105,	4092,	4131,	3860,	4129,	4806,	4787,	3842,	4775,	4762,	4801,	3838,	4799,	3814,	3787,	3812,	3743,	3796,	3749,	3746,	3755,	3778,	3781,	3610,	3591,	3546,	3579,	3566,	3605,	3542,	3603,	3518,	3491,	3516,	2475,	3500,	2481,	2478,	2487,	2510,	3485,	2788,	2807,	2528,	2819,	2832,	2793,	2532,	2795,	2556,	2583,	2558,	2627,	2574,	2621,	2624,	2615,	2592,	2589,	
3927,	3898,	3923,	3942,	3881,	3874,	3921,	3940,	4119,	4090,	4115,	4134,	3865,	4146,	4113,	4132,	4789,	4760,	4785,	4804,	3843,	3836,	4783,	4802,	3761,	3742,	3785,	3748,	3759,	3810,	3783,	3780,	3757,	3776,	3593,	3564,	3589,	3608,	3547,	3540,	3587,	3606,	2493,	2474,	3489,	2480,	2491,	3514,	3487,	3484,	2489,	2508,	2805,	2834,	2809,	2790,	2527,	2534,	2811,	2792,	2609,	2628,	2585,	2622,	2611,	2560,	2587,	2590,	2613,	2594,	
3924,	3943,	3926,	3899,	3922,	3941,	3938,	3875,	4116,	4135,	4118,	4091,	4114,	4133,	4130,	4147,	4786,	4805,	4788,	4761,	4784,	4803,	4800,	3837,	3786,	3813,	3760,	3811,	3784,	3747,	3758,	3777,	3782,	3779,	3590,	3609,	3592,	3565,	3588,	3607,	3604,	3541,	3490,	3517,	2492,	3515,	3488,	2479,	2490,	2509,	3486,	3483,	2808,	2789,	2806,	2833,	2810,	2791,	2794,	2533,	2584,	2557,	2610,	2559,	2586,	2623,	2612,	2593,	2588,	2591,	
4223,	4228,	4209,	4200,	4241,	4252,	4211,	4198,	4185,	4190,	4171,	4162,	4427,	4150,	4173,	4160,	4745,	4740,	4759,	4444,	4727,	4716,	4757,	4446,	4467,	4512,	4503,	4452,	4469,	4514,	4501,	4454,	4471,	4474,	3237,	3242,	3223,	3214,	3255,	3266,	3225,	3212,	3191,	3470,	3479,	3206,	3189,	3468,	3481,	3204,	3187,	3184,	2849,	2854,	2835,	3150,	2867,	2878,	2837,	3148,	3127,	3082,	3091,	3142,	3125,	3080,	3093,	3140,	3123,	3120,	
4208,	4201,	4224,	4229,	4210,	4199,	4250,	4253,	4170,	4163,	4186,	4191,	4172,	4161,	4148,	4151,	4436,	4443,	4744,	4739,	4758,	4445,	4718,	4715,	4504,	4451,	4468,	4513,	4502,	4453,	4470,	4473,	4500,	4455,	3222,	3215,	3238,	3243,	3224,	3213,	3264,	3267,	3478,	3207,	3190,	3469,	3480,	3205,	3188,	3185,	3482,	3203,	3158,	3151,	2850,	2855,	2836,	3149,	2876,	2879,	3090,	3143,	3126,	3081,	3092,	3141,	3124,	3121,	3094,	3139,	
4225,	4222,	4227,	4242,	4251,	4240,	4197,	4212,	4187,	4184,	4189,	4428,	4149,	4426,	4159,	4174,	4743,	4746,	4741,	4726,	4717,	4728,	4447,	4756,	4511,	4466,	4505,	4490,	4515,	4484,	4497,	4518,	4475,	4472,	3239,	3236,	3241,	3256,	3265,	3254,	3211,	3226,	3471,	3192,	3477,	3168,	3467,	3174,	3161,	3464,	3183,	3186,	2851,	2848,	2853,	2868,	2877,	2866,	3147,	2838,	3083,	3128,	3089,	3104,	3079,	3110,	3097,	3076,	3119,	3122,	
4202,	4207,	4232,	4239,	4230,	4237,	4254,	4249,	4164,	4169,	4194,	4425,	4192,	4423,	4152,	4435,	4442,	4437,	4736,	4729,	4738,	4731,	4714,	4719,	4450,	4489,	4510,	4487,	4496,	4481,	4516,	4485,	4456,	4499,	3216,	3221,	3246,	3253,	3244,	3251,	3268,	3263,	3208,	3169,	3472,	3171,	3162,	3177,	3466,	3173,	3202,	3159,	3152,	3157,	2858,	2865,	2856,	2863,	2880,	2875,	3144,	3105,	3084,	3107,	3098,	3113,	3078,	3109,	3138,	3095,	
4221,	4226,	4203,	4236,	4243,	4248,	4213,	4196,	4183,	4188,	4165,	4422,	4429,	4434,	4175,	4158,	4747,	4742,	4441,	4732,	4725,	4720,	4755,	4448,	4465,	4506,	4491,	4480,	4483,	4486,	4519,	4498,	4517,	4476,	3235,	3240,	3217,	3250,	3257,	3262,	3227,	3210,	3193,	3476,	3167,	3178,	3175,	3172,	3463,	3160,	3465,	3182,	2847,	2852,	3153,	2862,	2869,	2874,	2839,	3146,	3129,	3088,	3103,	3114,	3111,	3108,	3075,	3096,	3077,	3118,	
4206,	4233,	4244,	4231,	4238,	4257,	4216,	4255,	4168,	4195,	4430,	4193,	4424,	4155,	4178,	4153,	4438,	4735,	4724,	4737,	4730,	4711,	4752,	4713,	4492,	4449,	4488,	4509,	4520,	4495,	4482,	4459,	4524,	4457,	3220,	3247,	3258,	3245,	3252,	3271,	3230,	3269,	3166,	3209,	3170,	3473,	3462,	3163,	3176,	3199,	3458,	3201,	3156,	2859,	2870,	2857,	2864,	2883,	2842,	2881,	3102,	3145,	3106,	3085,	3074,	3099,	3112,	3135,	3070,	3137,	
4245,	4220,	4235,	4204,	4247,	4218,	4259,	4214,	4431,	4182,	4421,	4166,	4433,	4180,	4157,	4176,	4723,	4748,	4733,	4440,	4721,	4750,	4709,	4754,	4507,	4464,	4527,	4494,	4479,	4462,	4525,	4522,	4477,	4460,	3259,	3234,	3249,	3218,	3261,	3232,	3273,	3228,	3475,	3194,	3455,	3164,	3179,	3196,	3457,	3460,	3181,	3198,	2871,	2846,	2861,	3154,	2873,	2844,	2885,	2840,	3087,	3130,	3067,	3100,	3115,	3132,	3069,	3072,	3117,	3134,	
4234,	4205,	4246,	4219,	4258,	4215,	4256,	4217,	4420,	4167,	4432,	4181,	4156,	4177,	4154,	4179,	4734,	4439,	4722,	4749,	4710,	4753,	4712,	4751,	4528,	4493,	4508,	4463,	4526,	4521,	4478,	4461,	4458,	4523,	3248,	3219,	3260,	3233,	3272,	3229,	3270,	3231,	3454,	3165,	3474,	3195,	3456,	3461,	3180,	3197,	3200,	3459,	2860,	3155,	2872,	2845,	2884,	2841,	2882,	2843,	3066,	3101,	3086,	3131,	3068,	3073,	3116,	3133,	3136,	3071,	
4279,	4316,	4323,	4262,	4277,	4304,	4319,	4260,	4375,	4412,	4419,	4358,	4373,	4400,	4415,	4356,	4689,	4652,	4645,	4706,	4691,	4664,	4649,	4708,	4561,	4614,	4529,	4626,	4563,	4616,	4599,	4624,	4565,	4568,	3293,	3330,	3337,	3276,	3291,	3318,	3333,	3274,	3421,	3368,	3453,	3356,	3419,	3366,	3383,	3358,	3417,	3414,	2905,	2942,	2949,	2888,	2903,	2930,	2945,	2886,	3033,	2980,	3065,	2968,	3031,	2978,	2995,	2970,	3029,	3026,	
4324,	4263,	4278,	4301,	4318,	4261,	4276,	4305,	4340,	4359,	4374,	4397,	4414,	4357,	4372,	4401,	4644,	4705,	4690,	4667,	4650,	4707,	4692,	4663,	4628,	4531,	4562,	4615,	4598,	4625,	4564,	4567,	4548,	4623,	3338,	3277,	3292,	3315,	3332,	3275,	3290,	3319,	3354,	3451,	3420,	3367,	3384,	3357,	3418,	3415,	3434,	3359,	2950,	2889,	2904,	2927,	2944,	2887,	2902,	2931,	2966,	3063,	3032,	2979,	2996,	2969,	3030,	3027,	3046,	2971,	
4315,	4280,	4317,	4322,	4303,	4300,	4339,	4320,	4411,	4376,	4413,	4418,	4399,	4396,	4355,	4416,	4653,	4688,	4651,	4646,	4665,	4668,	4629,	4648,	4613,	4560,	4627,	4530,	4617,	4586,	4595,	4600,	4569,	4566,	3329,	3294,	3331,	3336,	3317,	3314,	3353,	3334,	3369,	3422,	3355,	3452,	3365,	3396,	3387,	3382,	3413,	3416,	2941,	2906,	2943,	2948,	2929,	2926,	2965,	2946,	2981,	3034,	2967,	3064,	2977,	3008,	2999,	2994,	3025,	3028,	
4264,	4325,	4302,	4299,	4292,	4321,	4306,	4275,	4360,	4341,	4398,	4395,	4388,	4417,	4402,	4371,	4704,	4643,	4666,	4669,	4676,	4647,	4662,	4693,	4532,	4535,	4612,	4587,	4602,	4597,	4618,	4547,	4622,	4549,	3278,	3339,	3316,	3313,	3306,	3335,	3320,	3289,	3450,	3447,	3370,	3395,	3380,	3385,	3364,	3435,	3360,	3433,	2890,	2951,	2928,	2925,	2918,	2947,	2932,	2901,	3062,	3059,	2982,	3007,	2992,	2997,	2976,	3047,	2972,	3045,	
4281,	4314,	4327,	4308,	4295,	4332,	4291,	4338,	4377,	4410,	4343,	4404,	4391,	4348,	4387,	4354,	4687,	4654,	4641,	4660,	4673,	4636,	4677,	4630,	4559,	4590,	4533,	4604,	4585,	4594,	4601,	4596,	4619,	4570,	3295,	3328,	3341,	3322,	3309,	3346,	3305,	3352,	3423,	3392,	3449,	3378,	3397,	3388,	3381,	3386,	3363,	3412,	2907,	2940,	2953,	2934,	2921,	2958,	2917,	2964,	3035,	3004,	3061,	2990,	3009,	3000,	2993,	2998,	2975,	3024,	
4326,	4265,	4296,	4293,	4298,	4307,	4274,	4333,	4342,	4361,	4392,	4389,	4394,	4403,	4370,	4349,	4642,	4703,	4672,	4675,	4670,	4661,	4694,	4635,	4534,	4611,	4536,	4591,	4588,	4603,	4546,	4541,	4550,	4621,	3340,	3279,	3310,	3307,	3312,	3321,	3288,	3347,	3448,	3371,	3446,	3391,	3394,	3379,	3436,	3441,	3432,	3361,	2952,	2891,	2922,	2919,	2924,	2933,	2900,	2959,	3060,	2983,	3058,	3003,	3006,	2991,	3048,	3053,	3044,	2973,	
4313,	4282,	4309,	4328,	4331,	4294,	4337,	4290,	4409,	4378,	4405,	4344,	4347,	4390,	4353,	4386,	4655,	4686,	4659,	4640,	4637,	4674,	4631,	4678,	4537,	4558,	4589,	4584,	4605,	4540,	4593,	4620,	4571,	4552,	3327,	3296,	3323,	3342,	3345,	3308,	3351,	3304,	3445,	3424,	3393,	3398,	3377,	3442,	3389,	3362,	3411,	3430,	2939,	2908,	2935,	2954,	2957,	2920,	2963,	2916,	3057,	3036,	3005,	3010,	2989,	3054,	3001,	2974,	3023,	3042,	
4266,	4285,	4330,	4297,	4310,	4271,	4334,	4273,	4362,	4381,	4346,	4393,	4406,	4367,	4350,	4369,	4702,	4683,	4638,	4671,	4658,	4697,	4634,	4695,	4610,	4583,	4608,	4539,	4592,	4545,	4542,	4551,	4574,	4577,	3280,	3299,	3344,	3311,	3324,	3285,	3348,	3287,	3372,	3399,	3374,	3443,	3390,	3437,	3440,	3431,	3408,	3405,	2892,	2911,	2956,	2923,	2936,	2897,	2960,	2899,	2984,	3011,	2986,	3055,	3002,	3049,	3052,	3043,	3020,	3017,	
4283,	4312,	4287,	4268,	4329,	4336,	4289,	4270,	4379,	4408,	4383,	4364,	4345,	4352,	4385,	4366,	4685,	4656,	4681,	4700,	4639,	4632,	4679,	4698,	4557,	4538,	4581,	4544,	4555,	4606,	4579,	4576,	4553,	4572,	3297,	3326,	3301,	3282,	3343,	3350,	3303,	3284,	3425,	3444,	3401,	3438,	3427,	3376,	3403,	3406,	3429,	3410,	2909,	2938,	2913,	2894,	2955,	2962,	2915,	2896,	3037,	3056,	3013,	3050,	3039,	2988,	3015,	3018,	3041,	3022,	
4286,	4267,	4284,	4311,	4288,	4269,	4272,	4335,	4382,	4363,	4380,	4407,	4384,	4365,	4368,	4351,	4682,	4701,	4684,	4657,	4680,	4699,	4696,	4633,	4582,	4609,	4556,	4607,	4580,	4543,	4554,	4573,	4578,	4575,	3300,	3281,	3298,	3325,	3302,	3283,	3286,	3349,	3400,	3373,	3426,	3375,	3402,	3439,	3428,	3409,	3404,	3407,	2912,	2893,	2910,	2937,	2914,	2895,	2898,	2961,	3012,	2985,	3038,	2987,	3014,	3051,	3040,	3021,	3016,	3019,	
