706,	701,	720,	729,	688,	677,	718,	731,	752,	797,	788,	737,	754,	799,	786,	739,	756,	759,	1176,	1131,	1140,	1111,	1174,	1129,	1142,	1109,	1172,	1169,	1102,	1057,	1066,	1037,	1100,	1055,	1068,	1035,	1098,	1095,	2552,	2557,	2538,	2529,	2570,	2581,	2540,	2527,	2506,	2461,	2470,	2521,	2504,	2459,	2472,	2519,	2502,	2499,	2082,	2127,	2118,	2147,	2084,	2129,	2116,	2149,	2086,	2089,	2156,	2201,	2192,	2221,	2158,	2203,	2190,	2223,	2160,	2163,	
721,	728,	705,	700,	719,	730,	679,	676,	789,	736,	753,	798,	787,	738,	755,	758,	785,	740,	1139,	1112,	1175,	1130,	1141,	1110,	1173,	1170,	1143,	1108,	1065,	1038,	1101,	1056,	1067,	1036,	1099,	1096,	1069,	1034,	2537,	2530,	2553,	2558,	2539,	2528,	2579,	2582,	2469,	2522,	2505,	2460,	2471,	2520,	2503,	2500,	2473,	2518,	2119,	2146,	2083,	2128,	2117,	2148,	2085,	2088,	2115,	2150,	2193,	2220,	2157,	2202,	2191,	2222,	2159,	2162,	2189,	2224,	
704,	707,	702,	687,	678,	689,	732,	717,	796,	751,	790,	775,	800,	769,	782,	803,	760,	757,	1132,	1177,	1138,	1153,	1128,	1159,	1146,	1125,	1168,	1171,	1058,	1103,	1064,	1079,	1054,	1085,	1072,	1051,	1094,	1097,	2554,	2551,	2556,	2571,	2580,	2569,	2526,	2541,	2462,	2507,	2468,	2483,	2458,	2489,	2476,	2455,	2498,	2501,	2126,	2081,	2120,	2105,	2130,	2099,	2112,	2133,	2090,	2087,	2200,	2155,	2194,	2179,	2204,	2173,	2186,	2207,	2164,	2161,	
727,	722,	697,	690,	699,	692,	675,	680,	735,	774,	795,	772,	781,	766,	801,	770,	741,	784,	1113,	1154,	1133,	1156,	1147,	1162,	1127,	1158,	1107,	1144,	1039,	1080,	1059,	1082,	1073,	1088,	1053,	1084,	1033,	1070,	2531,	2536,	2561,	2568,	2559,	2566,	2583,	2578,	2523,	2484,	2463,	2486,	2477,	2492,	2457,	2488,	2517,	2474,	2145,	2104,	2125,	2102,	2111,	2096,	2131,	2100,	2151,	2114,	2219,	2178,	2199,	2176,	2185,	2170,	2205,	2174,	2225,	2188,	
708,	703,	726,	693,	686,	681,	716,	733,	750,	791,	776,	765,	768,	771,	804,	783,	802,	761,	1178,	1137,	1152,	1163,	1160,	1157,	1124,	1145,	1126,	1167,	1104,	1063,	1078,	1089,	1086,	1083,	1050,	1071,	1052,	1093,	2550,	2555,	2532,	2565,	2572,	2577,	2542,	2525,	2508,	2467,	2482,	2493,	2490,	2487,	2454,	2475,	2456,	2497,	2080,	2121,	2106,	2095,	2098,	2101,	2134,	2113,	2132,	2091,	2154,	2195,	2180,	2169,	2172,	2175,	2208,	2187,	2206,	2165,	
723,	696,	685,	698,	691,	672,	713,	674,	777,	734,	773,	794,	805,	780,	767,	744,	809,	742,	1151,	1114,	1155,	1134,	1123,	1148,	1161,	1184,	1119,	1106,	1077,	1040,	1081,	1060,	1049,	1074,	1087,	1030,	1045,	1032,	2535,	2562,	2573,	2560,	2567,	2586,	2545,	2584,	2481,	2524,	2485,	2464,	2453,	2478,	2491,	2514,	2449,	2516,	2107,	2144,	2103,	2124,	2135,	2110,	2097,	2074,	2139,	2152,	2181,	2218,	2177,	2198,	2209,	2184,	2171,	2228,	2213,	2226,	
684,	709,	694,	725,	682,	711,	670,	715,	792,	749,	812,	779,	764,	747,	810,	807,	762,	745,	1136,	1179,	1116,	1149,	1164,	1181,	1118,	1121,	1166,	1183,	1062,	1105,	1042,	1075,	1090,	1027,	1044,	1047,	1092,	1029,	2574,	2549,	2564,	2533,	2576,	2547,	2588,	2543,	2466,	2509,	2446,	2479,	2494,	2511,	2448,	2451,	2496,	2513,	2122,	2079,	2142,	2109,	2094,	2077,	2140,	2137,	2092,	2075,	2196,	2153,	2216,	2183,	2168,	2231,	2214,	2211,	2166,	2229,	
695,	724,	683,	710,	671,	714,	673,	712,	813,	778,	793,	748,	811,	806,	763,	746,	743,	808,	1115,	1150,	1135,	1180,	1117,	1122,	1165,	1182,	1185,	1120,	1041,	1076,	1061,	1026,	1043,	1048,	1091,	1028,	1031,	1046,	2563,	2534,	2575,	2548,	2587,	2544,	2585,	2546,	2445,	2480,	2465,	2510,	2447,	2452,	2495,	2512,	2515,	2450,	2143,	2108,	2123,	2078,	2141,	2136,	2093,	2076,	2073,	2138,	2217,	2182,	2197,	2232,	2215,	2210,	2167,	2230,	2227,	2212,	
650,	613,	606,	667,	652,	625,	610,	669,	846,	575,	814,	587,	848,	577,	560,	585,	850,	853,	864,	917,	1192,	1189,	866,	919,	902,	1187,	868,	871,	978,	1025,	1010,	1013,	976,	1023,	940,	1015,	974,	971,	2608,	2645,	2652,	2591,	2606,	2633,	2648,	2589,	2412,	2683,	2444,	2671,	2410,	2681,	2698,	2673,	2408,	2405,	2394,	2341,	2066,	2069,	2392,	2339,	2356,	2071,	2390,	2387,	2280,	2233,	2248,	2245,	2282,	2235,	2318,	2243,	2284,	2287,	
605,	666,	651,	628,	611,	668,	653,	624,	589,	816,	847,	576,	559,	586,	849,	852,	833,	584,	1191,	1194,	865,	918,	901,	1188,	867,	870,	1211,	1186,	1011,	1008,	977,	1024,	941,	1014,	975,	972,	991,	1016,	2653,	2592,	2607,	2630,	2647,	2590,	2605,	2634,	2669,	2442,	2411,	2682,	2699,	2672,	2409,	2406,	2425,	2674,	2067,	2064,	2393,	2340,	2357,	2070,	2391,	2388,	2047,	2072,	2247,	2250,	2281,	2234,	2317,	2244,	2283,	2286,	2267,	2242,	
614,	649,	612,	607,	626,	629,	590,	609,	574,	845,	588,	815,	578,	547,	556,	561,	854,	851,	916,	863,	1190,	1193,	920,	889,	898,	903,	872,	869,	926,	979,	1012,	1009,	1022,	953,	944,	939,	970,	973,	2644,	2609,	2646,	2651,	2632,	2629,	2668,	2649,	2684,	2413,	2670,	2443,	2680,	2711,	2702,	2697,	2404,	2407,	2342,	2395,	2068,	2065,	2338,	2369,	2360,	2355,	2386,	2389,	2332,	2279,	2246,	2249,	2236,	2305,	2314,	2319,	2288,	2285,	
665,	604,	627,	630,	637,	608,	623,	654,	817,	820,	573,	548,	563,	558,	579,	832,	583,	834,	1195,	1198,	915,	890,	905,	900,	921,	1210,	925,	1212,	1007,	1004,	927,	952,	937,	942,	1021,	992,	1017,	990,	2593,	2654,	2631,	2628,	2621,	2650,	2635,	2604,	2441,	2438,	2685,	2710,	2695,	2700,	2679,	2426,	2675,	2424,	2063,	2060,	2343,	2368,	2353,	2358,	2337,	2048,	2333,	2046,	2251,	2254,	2331,	2306,	2321,	2316,	2237,	2266,	2241,	2268,	
648,	615,	602,	621,	634,	597,	638,	591,	844,	551,	818,	565,	546,	555,	562,	557,	580,	855,	862,	893,	1196,	907,	888,	897,	904,	899,	922,	873,	980,	949,	1006,	935,	954,	945,	938,	943,	1020,	969,	2610,	2643,	2656,	2637,	2624,	2661,	2620,	2667,	2414,	2707,	2440,	2693,	2712,	2703,	2696,	2701,	2678,	2403,	2396,	2365,	2062,	2351,	2370,	2361,	2354,	2359,	2336,	2385,	2278,	2309,	2252,	2323,	2304,	2313,	2320,	2315,	2238,	2289,	
603,	664,	633,	636,	631,	622,	655,	596,	819,	572,	821,	552,	549,	564,	831,	826,	835,	582,	1197,	914,	1199,	894,	891,	906,	1209,	1204,	1213,	924,	1005,	928,	1003,	948,	951,	936,	993,	998,	989,	1018,	2655,	2594,	2625,	2622,	2627,	2636,	2603,	2662,	2439,	2686,	2437,	2706,	2709,	2694,	2427,	2432,	2423,	2676,	2061,	2344,	2059,	2364,	2367,	2352,	2049,	2054,	2045,	2334,	2253,	2330,	2255,	2310,	2307,	2322,	2265,	2260,	2269,	2240,	
616,	647,	620,	601,	598,	635,	592,	639,	822,	843,	550,	545,	566,	825,	554,	581,	856,	837,	1200,	861,	892,	887,	908,	1203,	896,	923,	874,	1215,	1002,	981,	950,	955,	934,	999,	946,	1019,	968,	987,	2642,	2611,	2638,	2657,	2660,	2623,	2666,	2619,	2436,	2415,	2708,	2713,	2692,	2433,	2704,	2677,	2402,	2421,	2058,	2397,	2366,	2371,	2350,	2055,	2362,	2335,	2384,	2043,	2256,	2277,	2308,	2303,	2324,	2259,	2312,	2239,	2290,	2271,	
663,	644,	599,	632,	619,	658,	595,	656,	571,	544,	569,	824,	553,	830,	827,	836,	859,	538,	913,	886,	911,	1202,	895,	1208,	1205,	1214,	877,	880,	929,	956,	931,	1000,	947,	994,	997,	988,	965,	962,	2595,	2614,	2659,	2626,	2639,	2600,	2663,	2602,	2687,	2714,	2689,	2434,	2705,	2428,	2431,	2422,	2399,	2720,	2345,	2372,	2347,	2056,	2363,	2050,	2053,	2044,	2381,	2378,	2329,	2302,	2327,	2258,	2311,	2264,	2261,	2270,	2293,	2296,	
646,	617,	642,	661,	600,	593,	640,	659,	842,	823,	542,	829,	840,	567,	540,	537,	838,	857,	860,	1201,	884,	1207,	1218,	909,	882,	879,	1216,	875,	982,	1001,	958,	995,	984,	933,	960,	963,	986,	967,	2612,	2641,	2616,	2597,	2658,	2665,	2618,	2599,	2416,	2435,	2716,	2429,	2418,	2691,	2718,	2721,	2420,	2401,	2398,	2057,	2374,	2051,	2040,	2349,	2376,	2379,	2042,	2383,	2276,	2257,	2300,	2263,	2274,	2325,	2298,	2295,	2272,	2291,	
643,	662,	645,	618,	641,	660,	657,	594,	543,	570,	841,	568,	541,	828,	839,	858,	539,	536,	885,	912,	1219,	910,	883,	1206,	1217,	876,	881,	878,	957,	930,	983,	932,	959,	996,	985,	966,	961,	964,	2615,	2596,	2613,	2640,	2617,	2598,	2601,	2664,	2715,	2688,	2417,	2690,	2717,	2430,	2419,	2400,	2719,	2722,	2373,	2346,	2039,	2348,	2375,	2052,	2041,	2382,	2377,	2380,	2301,	2328,	2275,	2326,	2299,	2262,	2273,	2292,	2297,	2294,	
224,	261,	268,	287,	222,	249,	264,	285,	498,	185,	530,	533,	496,	183,	200,	535,	494,	491,	1266,	175,	1234,	1231,	1268,	1221,	160,	1229,	1270,	1273,	1362,	1315,	1330,	1327,	1364,	1317,	1300,	1325,	1366,	1369,	1590,	1553,	1546,	1527,	1592,	1565,	1550,	1529,	2760,	1629,	2728,	2725,	2762,	1631,	1614,	2723,	2764,	2767,	1992,	1639,	2024,	2027,	1990,	2037,	1654,	2029,	1988,	1985,	1896,	1943,	1928,	1931,	1894,	1941,	1958,	1933,	1892,	1889,	
269,	288,	223,	246,	263,	286,	221,	250,	531,	528,	497,	184,	201,	534,	495,	492,	511,	176,	1233,	1236,	1267,	1220,	159,	1230,	1269,	1272,	1253,	1228,	1329,	1332,	1363,	1316,	1299,	1326,	1365,	1368,	1349,	1324,	1545,	1526,	1591,	1568,	1551,	1528,	1593,	1564,	2727,	2730,	2761,	1630,	1613,	2724,	2763,	2766,	2747,	1638,	2025,	2022,	1991,	2038,	1655,	2028,	1989,	1986,	2005,	2030,	1929,	1926,	1895,	1942,	1959,	1932,	1893,	1890,	1909,	1934,	
260,	225,	262,	267,	248,	245,	284,	265,	186,	499,	532,	529,	182,	213,	204,	199,	490,	493,	174,	1265,	1232,	1235,	1222,	147,	156,	161,	1274,	1271,	1314,	1361,	1328,	1331,	1318,	1287,	1296,	1301,	1370,	1367,	1554,	1589,	1552,	1547,	1566,	1569,	1530,	1549,	1628,	2759,	2726,	2729,	1632,	1601,	1610,	1615,	2768,	2765,	1640,	1993,	2026,	2023,	2036,	1667,	1658,	1653,	1984,	1987,	1944,	1897,	1930,	1927,	1940,	1971,	1962,	1957,	1888,	1891,	
289,	270,	247,	244,	237,	266,	251,	220,	527,	524,	187,	212,	197,	202,	181,	512,	177,	510,	1237,	1240,	173,	148,	163,	158,	1223,	1252,	1227,	1254,	1333,	1336,	1313,	1288,	1303,	1298,	1319,	1348,	1323,	1350,	1525,	1544,	1567,	1570,	1577,	1548,	1563,	1594,	2731,	2734,	1627,	1602,	1617,	1612,	1633,	2746,	1637,	2748,	2021,	2018,	1641,	1666,	1651,	1656,	2035,	2006,	2031,	2004,	1925,	1922,	1945,	1970,	1955,	1960,	1939,	1910,	1935,	1908,	
226,	259,	272,	253,	240,	277,	236,	283,	500,	209,	526,	195,	214,	205,	198,	203,	180,	489,	1264,	151,	1238,	165,	146,	155,	162,	157,	1224,	1275,	1360,	1291,	1334,	1305,	1286,	1295,	1302,	1297,	1320,	1371,	1588,	1555,	1542,	1561,	1574,	1537,	1578,	1531,	2758,	1605,	2732,	1619,	1600,	1609,	1616,	1611,	1634,	2769,	1994,	1663,	2020,	1649,	1668,	1659,	1652,	1657,	2034,	1983,	1898,	1967,	1924,	1953,	1972,	1963,	1956,	1961,	1938,	1887,	
271,	290,	241,	238,	243,	252,	219,	278,	525,	188,	523,	208,	211,	196,	513,	518,	509,	178,	1239,	172,	1241,	152,	149,	164,	1251,	1246,	1255,	1226,	1335,	1312,	1337,	1292,	1289,	1304,	1347,	1342,	1351,	1322,	1543,	1524,	1573,	1576,	1571,	1562,	1595,	1536,	2733,	1626,	2735,	1606,	1603,	1618,	2745,	2740,	2749,	1636,	2019,	1642,	2017,	1662,	1665,	1650,	2007,	2012,	2003,	2032,	1923,	1946,	1921,	1966,	1969,	1954,	1911,	1916,	1907,	1936,	
258,	227,	254,	273,	276,	239,	282,	235,	522,	501,	210,	215,	194,	519,	206,	179,	488,	507,	1242,	1263,	150,	145,	166,	1245,	154,	1225,	1276,	1257,	1338,	1359,	1290,	1285,	1306,	1341,	1294,	1321,	1372,	1353,	1556,	1587,	1560,	1541,	1538,	1575,	1532,	1579,	2736,	2757,	1604,	1599,	1620,	2739,	1608,	1635,	2770,	2751,	2016,	1995,	1664,	1669,	1648,	2013,	1660,	2033,	1982,	2001,	1920,	1899,	1968,	1973,	1952,	1917,	1964,	1937,	1886,	1905,	
291,	230,	275,	242,	255,	296,	279,	218,	189,	216,	191,	520,	207,	514,	517,	508,	485,	482,	171,	144,	169,	1244,	153,	1250,	1247,	1256,	1279,	1282,	1311,	1284,	1309,	1340,	1293,	1346,	1343,	1352,	1375,	1378,	1523,	1584,	1539,	1572,	1559,	1518,	1535,	1596,	1625,	1598,	1623,	2738,	1607,	2744,	2741,	2750,	2773,	2776,	1643,	1670,	1645,	2014,	1661,	2008,	2011,	2002,	1979,	1976,	1947,	1974,	1949,	1918,	1965,	1912,	1915,	1906,	1883,	1880,	
228,	257,	232,	293,	274,	281,	234,	295,	502,	521,	478,	515,	504,	193,	480,	483,	506,	487,	1262,	1243,	142,	1249,	1260,	167,	140,	1281,	1258,	1277,	1358,	1339,	1382,	1345,	1356,	1307,	1380,	1377,	1354,	1373,	1586,	1557,	1582,	1521,	1540,	1533,	1580,	1519,	2756,	2737,	2780,	2743,	2754,	1621,	2778,	2775,	2752,	2771,	1996,	2015,	1672,	2009,	1998,	1647,	1674,	1977,	2000,	1981,	1900,	1919,	1876,	1913,	1902,	1951,	1878,	1881,	1904,	1885,	
231,	292,	229,	256,	233,	294,	297,	280,	217,	190,	503,	192,	479,	516,	505,	486,	481,	484,	143,	170,	1261,	168,	141,	1248,	1259,	1278,	139,	1280,	1283,	1310,	1357,	1308,	1381,	1344,	1355,	1374,	1379,	1376,	1583,	1522,	1585,	1558,	1581,	1520,	1517,	1534,	1597,	1624,	2755,	1622,	2779,	2742,	2753,	2772,	2777,	2774,	1671,	1644,	1997,	1646,	1673,	2010,	1999,	1980,	1675,	1978,	1975,	1948,	1901,	1950,	1877,	1914,	1903,	1884,	1879,	1882,	
324,	367,	360,	341,	326,	299,	364,	343,	430,	477,	462,	465,	428,	475,	392,	467,	426,	423,	100,	47,		132,	135,	98,		45,		62,		137,	96,		93,		1430,	1383,	1398,	1395,	1432,	1385,	24,		1393,	1434,	1437,	1490,	1447,	1454,	1473,	1488,	1515,	1450,	1471,	2828,	2781,	2796,	2793,	2830,	2783,	2866,	2791,	2832,	2835,	1714,	1767,	1682,	1679,	1716,	1769,	1752,	1677,	1718,	1721,	1828,	1875,	1860,	1863,	1826,	1873,	1790,	1865,	1824,	1821,	
359,	340,	325,	302,	365,	342,	327,	298,	463,	460,	429,	476,	393,	466,	427,	424,	443,	468,	133,	130,	99,		46,		63,		136,	97,		94,		113,	138,	1397,	1400,	1431,	1384,	23,		1394,	1433,	1436,	1417,	1392,	1455,	1474,	1489,	1512,	1449,	1472,	1487,	1516,	2795,	2798,	2829,	2782,	2865,	2792,	2831,	2834,	2815,	2790,	1681,	1684,	1715,	1768,	1751,	1678,	1717,	1720,	1701,	1676,	1861,	1858,	1827,	1874,	1791,	1864,	1825,	1822,	1841,	1866,	
368,	323,	366,	361,	300,	303,	344,	363,	378,	431,	464,	461,	474,	405,	396,	391,	422,	425,	48,		101,	134,	131,	44,		75,		66,		61,		92,		95,		38,		1429,	1396,	1399,	1386,	11,		20,		25,		1438,	1435,	1446,	1491,	1448,	1453,	1514,	1511,	1470,	1451,	2880,	2827,	2794,	2797,	2784,	2853,	2862,	2867,	2836,	2833,	1766,	1713,	1680,	1683,	1770,	1739,	1748,	1753,	1722,	1719,	1776,	1829,	1862,	1859,	1872,	1803,	1794,	1789,	1820,	1823,	
339,	358,	301,	304,	311,	362,	377,	328,	459,	456,	379,	404,	389,	394,	473,	444,	469,	442,	129,	126,	49,		74,		59,		64,		43,		114,	39,		112,	1401,	1404,	37,		12,		27,		22,		1387,	1416,	1391,	1418,	1475,	1456,	1513,	1510,	1503,	1452,	2881,	1486,	2799,	2802,	2879,	2854,	2869,	2864,	2785,	2814,	2789,	2816,	1685,	1688,	1765,	1740,	1755,	1750,	1771,	1700,	1775,	1702,	1857,	1854,	1777,	1802,	1787,	1792,	1871,	1842,	1867,	1840,	
322,	369,	356,	375,	308,	351,	312,	345,	432,	401,	458,	387,	406,	397,	390,	395,	472,	421,	102,	71,		128,	57,		76,		67,		60,		65,		42,		91,		1428,	15,		1402,	29,		10,		19,		26,		21,		1388,	1439,	1492,	1445,	1458,	2883,	1506,	1463,	1502,	1469,	2826,	2857,	2800,	2871,	2852,	2861,	2868,	2863,	2786,	2837,	1712,	1743,	1686,	1757,	1738,	1747,	1754,	1749,	1772,	1723,	1830,	1799,	1856,	1785,	1804,	1795,	1788,	1793,	1870,	1819,	
357,	338,	307,	310,	305,	376,	329,	350,	457,	380,	455,	400,	403,	388,	445,	450,	441,	470,	127,	50,		125,	70,		73,		58,		115,	120,	111,	40,		1403,	36,		1405,	16,		13,		28,		1415,	1410,	1419,	1390,	1457,	1476,	1507,	1504,	1509,	2882,	1485,	1464,	2801,	2878,	2803,	2858,	2855,	2870,	2813,	2808,	2817,	2788,	1687,	1764,	1689,	1744,	1741,	1756,	1699,	1694,	1703,	1774,	1855,	1778,	1853,	1798,	1801,	1786,	1843,	1848,	1839,	1868,	
370,	321,	374,	355,	352,	309,	346,	313,	454,	433,	402,	407,	386,	451,	398,	471,	420,	439,	124,	103,	72,		77,		56,		121,	68,		41,		90,		109,	1406,	1427,	14,		9,		30,		1409,	18,		1389,	1440,	1421,	1444,	1493,	2884,	1459,	1462,	1505,	1468,	1501,	2804,	2825,	2856,	2851,	2872,	2807,	2860,	2787,	2838,	2819,	1690,	1711,	1742,	1737,	1758,	1693,	1746,	1773,	1724,	1705,	1852,	1831,	1800,	1805,	1784,	1849,	1796,	1869,	1818,	1837,	
337,	318,	353,	306,	373,	332,	349,	330,	381,	408,	383,	452,	399,	446,	449,	440,	417,	414,	51,		78,		53,		122,	69,		116,	119,	110,	87,		84,		35,		8,		33,		1408,	17,		1414,	1411,	1420,	1443,	2,		1477,	1496,	1461,	1508,	2885,	1482,	1465,	1484,	2877,	2850,	2875,	2806,	2859,	2812,	2809,	2818,	2841,	2844,	1763,	1736,	1761,	1692,	1745,	1698,	1695,	1704,	1727,	1730,	1779,	1806,	1781,	1850,	1797,	1844,	1847,	1838,	1815,	1812,	
320,	371,	316,	335,	354,	347,	314,	333,	434,	453,	410,	447,	436,	385,	412,	415,	438,	419,	104,	123,	80,		117,	106,	55,		82,		85,		108,	89,		1426,	1407,	6,		1413,	1424,	31,		4,		1,		1422,	1441,	1494,	2887,	1498,	1479,	1460,	1467,	1500,	1481,	2824,	2805,	2848,	2811,	2822,	2873,	2846,	2843,	2820,	2839,	1710,	1691,	1734,	1697,	1708,	1759,	1732,	1729,	1706,	1725,	1832,	1851,	1808,	1845,	1834,	1783,	1810,	1813,	1836,	1817,	
317,	336,	319,	372,	315,	334,	331,	348,	409,	382,	435,	384,	411,	448,	437,	418,	413,	416,	79,		52,		105,	54,		81,		118,	107,	88,		83,		86,		7,		34,		1425,	32,		5,		1412,	1423,	1442,	3,		0,		1497,	1478,	1495,	2886,	1499,	1480,	1483,	1466,	2849,	2876,	2823,	2874,	2847,	2810,	2821,	2840,	2845,	2842,	1735,	1762,	1709,	1760,	1733,	1696,	1707,	1726,	1731,	1728,	1807,	1780,	1833,	1782,	1809,	1846,	1835,	1816,	1811,	1814,	
5412,	5407,	5426,	5435,	5394,	5383,	5424,	5437,	5458,	5503,	5494,	5443,	5460,	5505,	5492,	5445,	5462,	5465,	4438,	4393,	4402,	4373,	4436,	4391,	4404,	4371,	4434,	4431,	4364,	5763,	5772,	5743,	4362,	5761,	5774,	5741,	4360,	4357,	2902,	2907,	2888,	4323,	2920,	2931,	2890,	4321,	4300,	4255,	4264,	4315,	4298,	4253,	4266,	4313,	4296,	4293,	3876,	3921,	3912,	3941,	3878,	3923,	3910,	3943,	3880,	3883,	3950,	3995,	3986,	4015,	3952,	3997,	3984,	4017,	3954,	3957,	
5427,	5434,	5411,	5406,	5425,	5436,	5385,	5382,	5495,	5442,	5459,	5504,	5493,	5444,	5461,	5464,	5491,	5446,	4401,	4374,	4437,	4392,	4403,	4372,	4435,	4432,	4405,	4370,	5771,	5744,	4363,	5762,	5773,	5742,	4361,	4358,	5775,	5740,	4331,	4324,	2903,	2908,	2889,	4322,	2929,	2932,	4263,	4316,	4299,	4254,	4265,	4314,	4297,	4294,	4267,	4312,	3913,	3940,	3877,	3922,	3911,	3942,	3879,	3882,	3909,	3944,	3987,	4014,	3951,	3996,	3985,	4016,	3953,	3956,	3983,	4018,	
5410,	5413,	5408,	5393,	5384,	5395,	5438,	5423,	5502,	5457,	5496,	5481,	5506,	5475,	5488,	5509,	5466,	5463,	4394,	4439,	4400,	4415,	4390,	4421,	4408,	4387,	4430,	4433,	5764,	4365,	5770,	4341,	5760,	4347,	4334,	5757,	4356,	4359,	2904,	2901,	2906,	2921,	2930,	2919,	4320,	2891,	4256,	4301,	4262,	4277,	4252,	4283,	4270,	4249,	4292,	4295,	3920,	3875,	3914,	3899,	3924,	3893,	3906,	3927,	3884,	3881,	3994,	3949,	3988,	3973,	3998,	3967,	3980,	4001,	3958,	3955,	
5433,	5428,	5403,	5396,	5405,	5398,	5381,	5386,	5441,	5480,	5501,	5478,	5487,	5472,	5507,	5476,	5447,	5490,	4375,	4416,	4395,	4418,	4409,	4424,	4389,	4420,	4369,	4406,	5745,	4342,	5765,	4344,	4335,	4350,	5759,	4346,	5739,	4332,	4325,	4330,	2911,	2918,	2909,	2916,	2933,	2928,	4317,	4278,	4257,	4280,	4271,	4286,	4251,	4282,	4311,	4268,	3939,	3898,	3919,	3896,	3905,	3890,	3925,	3894,	3945,	3908,	4013,	3972,	3993,	3970,	3979,	3964,	3999,	3968,	4019,	3982,	
5414,	5409,	5432,	5399,	5392,	5387,	5422,	5439,	5456,	5497,	5482,	5471,	5474,	5477,	5510,	5489,	5508,	5467,	4440,	4399,	4414,	4425,	4422,	4419,	4386,	4407,	4388,	4429,	4366,	5769,	4340,	4351,	4348,	4345,	5756,	4333,	5758,	4355,	2900,	2905,	4326,	2915,	2922,	2927,	2892,	4319,	4302,	4261,	4276,	4287,	4284,	4281,	4248,	4269,	4250,	4291,	3874,	3915,	3900,	3889,	3892,	3895,	3928,	3907,	3926,	3885,	3948,	3989,	3974,	3963,	3966,	3969,	4002,	3981,	4000,	3959,	
5429,	5402,	5391,	5404,	5397,	5378,	5419,	5380,	5483,	5440,	5479,	5500,	5511,	5486,	5473,	5450,	5515,	5448,	4413,	4376,	4417,	4396,	4385,	4410,	4423,	4446,	4381,	4368,	4339,	5746,	4343,	5766,	5755,	4336,	4349,	5736,	5751,	5738,	4329,	2912,	2923,	2910,	2917,	2936,	2895,	2934,	4275,	4318,	4279,	4258,	4247,	4272,	4285,	4308,	4243,	4310,	3901,	3938,	3897,	3918,	3929,	3904,	3891,	3868,	3933,	3946,	3975,	4012,	3971,	3992,	4003,	3978,	3965,	4022,	4007,	4020,	
5390,	5415,	5400,	5431,	5388,	5417,	5376,	5421,	5498,	5455,	5518,	5485,	5470,	5453,	5516,	5513,	5468,	5451,	4398,	4441,	4378,	4411,	4426,	4443,	4380,	4383,	4428,	4445,	5768,	4367,	5748,	4337,	4352,	5733,	5750,	5753,	4354,	5735,	2924,	2899,	2914,	4327,	2926,	2897,	2938,	2893,	4260,	4303,	4240,	4273,	4288,	4305,	4242,	4245,	4290,	4307,	3916,	3873,	3936,	3903,	3888,	3871,	3934,	3931,	3886,	3869,	3990,	3947,	4010,	3977,	3962,	4025,	4008,	4005,	3960,	4023,	
5401,	5430,	5389,	5416,	5377,	5420,	5379,	5418,	5519,	5484,	5499,	5454,	5517,	5512,	5469,	5452,	5449,	5514,	4377,	4412,	4397,	4442,	4379,	4384,	4427,	4444,	4447,	4382,	5747,	4338,	5767,	5732,	5749,	5754,	4353,	5734,	5737,	5752,	2913,	4328,	2925,	2898,	2937,	2894,	2935,	2896,	4239,	4274,	4259,	4304,	4241,	4246,	4289,	4306,	4309,	4244,	3937,	3902,	3917,	3872,	3935,	3930,	3887,	3870,	3867,	3932,	4011,	3976,	3991,	4026,	4009,	4004,	3961,	4024,	4021,	4006,	
5356,	5319,	5312,	5373,	5358,	5331,	5316,	5375,	5552,	5281,	5520,	5293,	5554,	5283,	5266,	5291,	5556,	5559,	5570,	5623,	4454,	4451,	5572,	5625,	5608,	4449,	5574,	5577,	5684,	5731,	5716,	5719,	5682,	5729,	5646,	5721,	5680,	5677,	2958,	2995,	3002,	2941,	2956,	2983,	2998,	2939,	4206,	3033,	4238,	3021,	4204,	3031,	3048,	3023,	4202,	4199,	4188,	4135,	3860,	3863,	4186,	4133,	4150,	3865,	4184,	4181,	4074,	4027,	4042,	4039,	4076,	4029,	4112,	4037,	4078,	4081,	
5311,	5372,	5357,	5334,	5317,	5374,	5359,	5330,	5295,	5522,	5553,	5282,	5265,	5292,	5555,	5558,	5539,	5290,	4453,	4456,	5571,	5624,	5607,	4450,	5573,	5576,	4473,	4448,	5717,	5714,	5683,	5730,	5647,	5720,	5681,	5678,	5697,	5722,	3003,	2942,	2957,	2980,	2997,	2940,	2955,	2984,	3019,	4236,	4205,	3032,	3049,	3022,	4203,	4200,	4219,	3024,	3861,	3858,	4187,	4134,	4151,	3864,	4185,	4182,	3841,	3866,	4041,	4044,	4075,	4028,	4111,	4038,	4077,	4080,	4061,	4036,	
5320,	5355,	5318,	5313,	5332,	5335,	5296,	5315,	5280,	5551,	5294,	5521,	5284,	5253,	5262,	5267,	5560,	5557,	5622,	5569,	4452,	4455,	5626,	5595,	5604,	5609,	5578,	5575,	5632,	5685,	5718,	5715,	5728,	5659,	5650,	5645,	5676,	5679,	2994,	2959,	2996,	3001,	2982,	2979,	3018,	2999,	3034,	4207,	3020,	4237,	3030,	3061,	3052,	3047,	4198,	4201,	4136,	4189,	3862,	3859,	4132,	4163,	4154,	4149,	4180,	4183,	4126,	4073,	4040,	4043,	4030,	4099,	4108,	4113,	4082,	4079,	
5371,	5310,	5333,	5336,	5343,	5314,	5329,	5360,	5523,	5526,	5279,	5254,	5269,	5264,	5285,	5538,	5289,	5540,	4457,	4460,	5621,	5596,	5611,	5606,	5627,	4472,	5631,	4474,	5713,	5710,	5633,	5658,	5643,	5648,	5727,	5698,	5723,	5696,	2943,	3004,	2981,	2978,	2971,	3000,	2985,	2954,	4235,	4232,	3035,	3060,	3045,	3050,	3029,	4220,	3025,	4218,	3857,	3854,	4137,	4162,	4147,	4152,	4131,	3842,	4127,	3840,	4045,	4048,	4125,	4100,	4115,	4110,	4031,	4060,	4035,	4062,	
5354,	5321,	5308,	5327,	5340,	5303,	5344,	5297,	5550,	5257,	5524,	5271,	5252,	5261,	5268,	5263,	5286,	5561,	5568,	5599,	4458,	5613,	5594,	5603,	5610,	5605,	5628,	5579,	5686,	5655,	5712,	5641,	5660,	5651,	5644,	5649,	5726,	5675,	2960,	2993,	3006,	2987,	2974,	3011,	2970,	3017,	4208,	3057,	4234,	3043,	3062,	3053,	3046,	3051,	3028,	4197,	4190,	4159,	3856,	4145,	4164,	4155,	4148,	4153,	4130,	4179,	4072,	4103,	4046,	4117,	4098,	4107,	4114,	4109,	4032,	4083,	
5309,	5370,	5339,	5342,	5337,	5328,	5361,	5302,	5525,	5278,	5527,	5258,	5255,	5270,	5537,	5532,	5541,	5288,	4459,	5620,	4461,	5600,	5597,	5612,	4471,	4466,	4475,	5630,	5711,	5634,	5709,	5654,	5657,	5642,	5699,	5704,	5695,	5724,	3005,	2944,	2975,	2972,	2977,	2986,	2953,	3012,	4233,	3036,	4231,	3056,	3059,	3044,	4221,	4226,	4217,	3026,	3855,	4138,	3853,	4158,	4161,	4146,	3843,	3848,	3839,	4128,	4047,	4124,	4049,	4104,	4101,	4116,	4059,	4054,	4063,	4034,	
5322,	5353,	5326,	5307,	5304,	5341,	5298,	5345,	5528,	5549,	5256,	5251,	5272,	5531,	5260,	5287,	5562,	5543,	4462,	5567,	5598,	5593,	5614,	4465,	5602,	5629,	5580,	4477,	5708,	5687,	5656,	5661,	5640,	5705,	5652,	5725,	5674,	5693,	2992,	2961,	2988,	3007,	3010,	2973,	3016,	2969,	4230,	4209,	3058,	3063,	3042,	4227,	3054,	3027,	4196,	4215,	3852,	4191,	4160,	4165,	4144,	3849,	4156,	4129,	4178,	3837,	4050,	4071,	4102,	4097,	4118,	4053,	4106,	4033,	4084,	4065,	
5369,	5350,	5305,	5338,	5325,	5364,	5301,	5362,	5277,	5250,	5275,	5530,	5259,	5536,	5533,	5542,	5565,	5244,	5619,	5592,	5617,	4464,	5601,	4470,	4467,	4476,	5583,	5586,	5635,	5662,	5637,	5706,	5653,	5700,	5703,	5694,	5671,	5668,	2945,	2964,	3009,	2976,	2989,	2950,	3013,	2952,	3037,	3064,	3039,	4228,	3055,	4222,	4225,	4216,	4193,	3070,	4139,	4166,	4141,	3850,	4157,	3844,	3847,	3838,	4175,	4172,	4123,	4096,	4121,	4052,	4105,	4058,	4055,	4064,	4087,	4090,	
5352,	5323,	5348,	5367,	5306,	5299,	5346,	5365,	5548,	5529,	5248,	5535,	5546,	5273,	5246,	5243,	5544,	5563,	5566,	4463,	5590,	4469,	4480,	5615,	5588,	5585,	4478,	5581,	5688,	5707,	5664,	5701,	5690,	5639,	5666,	5669,	5692,	5673,	2962,	2991,	2966,	2947,	3008,	3015,	2968,	2949,	4210,	4229,	3066,	4223,	4212,	3041,	3068,	3071,	4214,	4195,	4192,	3851,	4168,	3845,	3834,	4143,	4170,	4173,	3836,	4177,	4070,	4051,	4094,	4057,	4068,	4119,	4092,	4089,	4066,	4085,	
5349,	5368,	5351,	5324,	5347,	5366,	5363,	5300,	5249,	5276,	5547,	5274,	5247,	5534,	5545,	5564,	5245,	5242,	5591,	5618,	4481,	5616,	5589,	4468,	4479,	5582,	5587,	5584,	5663,	5636,	5689,	5638,	5665,	5702,	5691,	5672,	5667,	5670,	2965,	2946,	2963,	2990,	2967,	2948,	2951,	3014,	3065,	3038,	4211,	3040,	3067,	4224,	4213,	4194,	3069,	3072,	4167,	4140,	3833,	4142,	4169,	3846,	3835,	4176,	4171,	4174,	4095,	4122,	4069,	4120,	4093,	4056,	4067,	4086,	4091,	4088,	
4930,	4967,	4974,	4993,	4928,	4955,	4970,	4991,	5204,	4891,	5236,	5239,	5202,	4889,	4906,	5241,	5200,	5197,	4528,	4881,	4496,	4493,	4530,	4483,	4866,	4491,	4532,	4535,	4624,	4577,	4592,	4589,	4626,	4579,	4562,	4587,	4628,	4631,	3384,	3347,	3340,	3321,	3386,	3359,	3344,	3323,	3110,	3423,	3078,	3075,	3112,	3425,	3408,	3073,	3114,	3117,	3786,	3433,	3818,	3821,	3784,	3831,	3448,	3823,	3782,	3779,	3690,	3737,	3722,	3725,	3688,	3735,	3752,	3727,	3686,	3683,	
4975,	4994,	4929,	4952,	4969,	4992,	4927,	4956,	5237,	5234,	5203,	4890,	4907,	5240,	5201,	5198,	5217,	4882,	4495,	4498,	4529,	4482,	4865,	4492,	4531,	4534,	4515,	4490,	4591,	4594,	4625,	4578,	4561,	4588,	4627,	4630,	4611,	4586,	3339,	3320,	3385,	3362,	3345,	3322,	3387,	3358,	3077,	3080,	3111,	3424,	3407,	3074,	3113,	3116,	3097,	3432,	3819,	3816,	3785,	3832,	3449,	3822,	3783,	3780,	3799,	3824,	3723,	3720,	3689,	3736,	3753,	3726,	3687,	3684,	3703,	3728,	
4966,	4931,	4968,	4973,	4954,	4951,	4990,	4971,	4892,	5205,	5238,	5235,	4888,	4919,	4910,	4905,	5196,	5199,	4880,	4527,	4494,	4497,	4484,	4853,	4862,	4867,	4536,	4533,	4576,	4623,	4590,	4593,	4580,	4549,	4558,	4563,	4632,	4629,	3348,	3383,	3346,	3341,	3360,	3363,	3324,	3343,	3422,	3109,	3076,	3079,	3426,	3395,	3404,	3409,	3118,	3115,	3434,	3787,	3820,	3817,	3830,	3461,	3452,	3447,	3778,	3781,	3738,	3691,	3724,	3721,	3734,	3765,	3756,	3751,	3682,	3685,	
4995,	4976,	4953,	4950,	4943,	4972,	4957,	4926,	5233,	5230,	4893,	4918,	4903,	4908,	4887,	5218,	4883,	5216,	4499,	4502,	4879,	4854,	4869,	4864,	4485,	4514,	4489,	4516,	4595,	4598,	4575,	4550,	4565,	4560,	4581,	4610,	4585,	4612,	3319,	3338,	3361,	3364,	3371,	3342,	3357,	3388,	3081,	3084,	3421,	3396,	3411,	3406,	3427,	3096,	3431,	3098,	3815,	3812,	3435,	3460,	3445,	3450,	3829,	3800,	3825,	3798,	3719,	3716,	3739,	3764,	3749,	3754,	3733,	3704,	3729,	3702,	
4932,	4965,	4978,	4959,	4946,	4983,	4942,	4989,	5206,	4915,	5232,	4901,	4920,	4911,	4904,	4909,	4886,	5195,	4526,	4857,	4500,	4871,	4852,	4861,	4868,	4863,	4486,	4537,	4622,	4553,	4596,	4567,	4548,	4557,	4564,	4559,	4582,	4633,	3382,	3349,	3336,	3355,	3368,	3331,	3372,	3325,	3108,	3399,	3082,	3413,	3394,	3403,	3410,	3405,	3428,	3119,	3788,	3457,	3814,	3443,	3462,	3453,	3446,	3451,	3828,	3777,	3692,	3761,	3718,	3747,	3766,	3757,	3750,	3755,	3732,	3681,	
4977,	4996,	4947,	4944,	4949,	4958,	4925,	4984,	5231,	4894,	5229,	4914,	4917,	4902,	5219,	5224,	5215,	4884,	4501,	4878,	4503,	4858,	4855,	4870,	4513,	4508,	4517,	4488,	4597,	4574,	4599,	4554,	4551,	4566,	4609,	4604,	4613,	4584,	3337,	3318,	3367,	3370,	3365,	3356,	3389,	3330,	3083,	3420,	3085,	3400,	3397,	3412,	3095,	3090,	3099,	3430,	3813,	3436,	3811,	3456,	3459,	3444,	3801,	3806,	3797,	3826,	3717,	3740,	3715,	3760,	3763,	3748,	3705,	3710,	3701,	3730,	
4964,	4933,	4960,	4979,	4982,	4945,	4988,	4941,	5228,	5207,	4916,	4921,	4900,	5225,	4912,	4885,	5194,	5213,	4504,	4525,	4856,	4851,	4872,	4507,	4860,	4487,	4538,	4519,	4600,	4621,	4552,	4547,	4568,	4603,	4556,	4583,	4634,	4615,	3350,	3381,	3354,	3335,	3332,	3369,	3326,	3373,	3086,	3107,	3398,	3393,	3414,	3089,	3402,	3429,	3120,	3101,	3810,	3789,	3458,	3463,	3442,	3807,	3454,	3827,	3776,	3795,	3714,	3693,	3762,	3767,	3746,	3711,	3758,	3731,	3680,	3699,	
4997,	4936,	4981,	4948,	4961,	5002,	4985,	4924,	4895,	4922,	4897,	5226,	4913,	5220,	5223,	5214,	5191,	5188,	4877,	4850,	4875,	4506,	4859,	4512,	4509,	4518,	4541,	4544,	4573,	4546,	4571,	4602,	4555,	4608,	4605,	4614,	4637,	4640,	3317,	3378,	3333,	3366,	3353,	3312,	3329,	3390,	3419,	3392,	3417,	3088,	3401,	3094,	3091,	3100,	3123,	3126,	3437,	3464,	3439,	3808,	3455,	3802,	3805,	3796,	3773,	3770,	3741,	3768,	3743,	3712,	3759,	3706,	3709,	3700,	3677,	3674,	
4934,	4963,	4938,	4999,	4980,	4987,	4940,	5001,	5208,	5227,	5184,	5221,	5210,	4899,	5186,	5189,	5212,	5193,	4524,	4505,	4848,	4511,	4522,	4873,	4846,	4543,	4520,	4539,	4620,	4601,	4644,	4607,	4618,	4569,	4642,	4639,	4616,	4635,	3380,	3351,	3376,	3315,	3334,	3327,	3374,	3313,	3106,	3087,	3130,	3093,	3104,	3415,	3128,	3125,	3102,	3121,	3790,	3809,	3466,	3803,	3792,	3441,	3468,	3771,	3794,	3775,	3694,	3713,	3670,	3707,	3696,	3745,	3672,	3675,	3698,	3679,	
4937,	4998,	4935,	4962,	4939,	5000,	5003,	4986,	4923,	4896,	5209,	4898,	5185,	5222,	5211,	5192,	5187,	5190,	4849,	4876,	4523,	4874,	4847,	4510,	4521,	4540,	4845,	4542,	4545,	4572,	4619,	4570,	4643,	4606,	4617,	4636,	4641,	4638,	3377,	3316,	3379,	3352,	3375,	3314,	3311,	3328,	3391,	3418,	3105,	3416,	3129,	3092,	3103,	3122,	3127,	3124,	3465,	3438,	3791,	3440,	3467,	3804,	3793,	3774,	3469,	3772,	3769,	3742,	3695,	3744,	3671,	3708,	3697,	3678,	3673,	3676,	
5030,	5073,	5066,	5047,	5032,	5005,	5070,	5049,	5136,	5183,	5168,	5171,	5134,	5181,	5098,	5173,	5132,	5129,	4806,	4753,	4838,	4841,	4804,	4751,	4768,	4843,	4802,	4799,	4692,	4645,	4660,	4657,	4694,	4647,	4730,	4655,	4696,	4699,	3284,	3241,	3248,	3267,	3282,	3309,	3244,	3265,	3178,	3131,	3146,	3143,	3180,	3133,	3216,	3141,	3182,	3185,	3508,	3561,	3476,	3473,	3510,	3563,	3546,	3471,	3512,	3515,	3622,	3669,	3654,	3657,	3620,	3667,	3584,	3659,	3618,	3615,	
5065,	5046,	5031,	5008,	5071,	5048,	5033,	5004,	5169,	5166,	5135,	5182,	5099,	5172,	5133,	5130,	5149,	5174,	4839,	4836,	4805,	4752,	4769,	4842,	4803,	4800,	4819,	4844,	4659,	4662,	4693,	4646,	4729,	4656,	4695,	4698,	4679,	4654,	3249,	3268,	3283,	3306,	3243,	3266,	3281,	3310,	3145,	3148,	3179,	3132,	3215,	3142,	3181,	3184,	3165,	3140,	3475,	3478,	3509,	3562,	3545,	3472,	3511,	3514,	3495,	3470,	3655,	3652,	3621,	3668,	3585,	3658,	3619,	3616,	3635,	3660,	
5074,	5029,	5072,	5067,	5006,	5009,	5050,	5069,	5084,	5137,	5170,	5167,	5180,	5111,	5102,	5097,	5128,	5131,	4754,	4807,	4840,	4837,	4750,	4781,	4772,	4767,	4798,	4801,	4744,	4691,	4658,	4661,	4648,	4717,	4726,	4731,	4700,	4697,	3240,	3285,	3242,	3247,	3308,	3305,	3264,	3245,	3230,	3177,	3144,	3147,	3134,	3203,	3212,	3217,	3186,	3183,	3560,	3507,	3474,	3477,	3564,	3533,	3542,	3547,	3516,	3513,	3570,	3623,	3656,	3653,	3666,	3597,	3588,	3583,	3614,	3617,	
5045,	5064,	5007,	5010,	5017,	5068,	5083,	5034,	5165,	5162,	5085,	5110,	5095,	5100,	5179,	5150,	5175,	5148,	4835,	4832,	4755,	4780,	4765,	4770,	4749,	4820,	4745,	4818,	4663,	4666,	4743,	4718,	4733,	4728,	4649,	4678,	4653,	4680,	3269,	3250,	3307,	3304,	3297,	3246,	3231,	3280,	3149,	3152,	3229,	3204,	3219,	3214,	3135,	3164,	3139,	3166,	3479,	3482,	3559,	3534,	3549,	3544,	3565,	3494,	3569,	3496,	3651,	3648,	3571,	3596,	3581,	3586,	3665,	3636,	3661,	3634,	
5028,	5075,	5062,	5081,	5014,	5057,	5018,	5051,	5138,	5107,	5164,	5093,	5112,	5103,	5096,	5101,	5178,	5127,	4808,	4777,	4834,	4763,	4782,	4773,	4766,	4771,	4748,	4797,	4690,	4721,	4664,	4735,	4716,	4725,	4732,	4727,	4650,	4701,	3286,	3239,	3252,	3233,	3300,	3257,	3296,	3263,	3176,	3207,	3150,	3221,	3202,	3211,	3218,	3213,	3136,	3187,	3506,	3537,	3480,	3551,	3532,	3541,	3548,	3543,	3566,	3517,	3624,	3593,	3650,	3579,	3598,	3589,	3582,	3587,	3664,	3613,	
5063,	5044,	5013,	5016,	5011,	5082,	5035,	5056,	5163,	5086,	5161,	5106,	5109,	5094,	5151,	5156,	5147,	5176,	4833,	4756,	4831,	4776,	4779,	4764,	4821,	4826,	4817,	4746,	4665,	4742,	4667,	4722,	4719,	4734,	4677,	4672,	4681,	4652,	3251,	3270,	3301,	3298,	3303,	3232,	3279,	3258,	3151,	3228,	3153,	3208,	3205,	3220,	3163,	3158,	3167,	3138,	3481,	3558,	3483,	3538,	3535,	3550,	3493,	3488,	3497,	3568,	3649,	3572,	3647,	3592,	3595,	3580,	3637,	3642,	3633,	3662,	
5076,	5027,	5080,	5061,	5058,	5015,	5052,	5019,	5160,	5139,	5108,	5113,	5092,	5157,	5104,	5177,	5126,	5145,	4830,	4809,	4778,	4783,	4762,	4827,	4774,	4747,	4796,	4815,	4668,	4689,	4720,	4715,	4736,	4671,	4724,	4651,	4702,	4683,	3238,	3287,	3234,	3253,	3256,	3299,	3262,	3295,	3154,	3175,	3206,	3201,	3222,	3157,	3210,	3137,	3188,	3169,	3484,	3505,	3536,	3531,	3552,	3487,	3540,	3567,	3518,	3499,	3646,	3625,	3594,	3599,	3578,	3643,	3590,	3663,	3612,	3631,	
5043,	5024,	5059,	5012,	5079,	5038,	5055,	5036,	5087,	5114,	5089,	5158,	5105,	5152,	5155,	5146,	5123,	5120,	4757,	4784,	4759,	4828,	4775,	4822,	4825,	4816,	4793,	4790,	4741,	4714,	4739,	4670,	4723,	4676,	4673,	4682,	4705,	4708,	3271,	3290,	3255,	3302,	3235,	3276,	3259,	3278,	3227,	3200,	3225,	3156,	3209,	3162,	3159,	3168,	3191,	3194,	3557,	3530,	3555,	3486,	3539,	3492,	3489,	3498,	3521,	3524,	3573,	3600,	3575,	3644,	3591,	3638,	3641,	3632,	3609,	3606,	
5026,	5077,	5022,	5041,	5060,	5053,	5020,	5039,	5140,	5159,	5116,	5153,	5142,	5091,	5118,	5121,	5144,	5125,	4810,	4829,	4786,	4823,	4812,	4761,	4788,	4791,	4814,	4795,	4688,	4669,	4712,	4675,	4686,	4737,	4710,	4707,	4684,	4703,	3288,	3237,	3292,	3273,	3254,	3261,	3294,	3275,	3174,	3155,	3198,	3161,	3172,	3223,	3196,	3193,	3170,	3189,	3504,	3485,	3528,	3491,	3502,	3553,	3526,	3523,	3500,	3519,	3626,	3645,	3602,	3639,	3628,	3577,	3604,	3607,	3630,	3611,	
5023,	5042,	5025,	5078,	5021,	5040,	5037,	5054,	5115,	5088,	5141,	5090,	5117,	5154,	5143,	5124,	5119,	5122,	4785,	4758,	4811,	4760,	4787,	4824,	4813,	4794,	4789,	4792,	4713,	4740,	4687,	4738,	4711,	4674,	4685,	4704,	4709,	4706,	3291,	3272,	3289,	3236,	3293,	3274,	3277,	3260,	3199,	3226,	3173,	3224,	3197,	3160,	3171,	3190,	3195,	3192,	3529,	3556,	3503,	3554,	3527,	3490,	3501,	3520,	3525,	3522,	3601,	3574,	3627,	3576,	3603,	3640,	3629,	3610,	3605,	3608,	
