706,	701,	720,	729,	688,	677,	718,	731,	752,	797,	788,	737,	754,	799,	786,	739,	756,	759,	1176,	1131,	1140,	1111,	1174,	1129,	1142,	1109,	1172,	1169,	1102,	1057,	1066,	1037,	1100,	1055,	1068,	1035,	1098,	1095,	2572,	2527,	2536,	2507,	2570,	2525,	2538,	2505,	2568,	2565,	2498,	2453,	2462,	2433,	2496,	2451,	2464,	2431,	2494,	2491,	2044,	2089,	2080,	2109,	2046,	2091,	2078,	2111,	2048,	2051,	2118,	2163,	2154,	2183,	2120,	2165,	2152,	2185,	2122,	2125,	
721,	728,	705,	700,	719,	730,	679,	676,	789,	736,	753,	798,	787,	738,	755,	758,	785,	740,	1139,	1112,	1175,	1130,	1141,	1110,	1173,	1170,	1143,	1108,	1065,	1038,	1101,	1056,	1067,	1036,	1099,	1096,	1069,	1034,	2535,	2508,	2571,	2526,	2537,	2506,	2569,	2566,	2539,	2504,	2461,	2434,	2497,	2452,	2463,	2432,	2495,	2492,	2465,	2430,	2081,	2108,	2045,	2090,	2079,	2110,	2047,	2050,	2077,	2112,	2155,	2182,	2119,	2164,	2153,	2184,	2121,	2124,	2151,	2186,	
704,	707,	702,	687,	678,	689,	732,	717,	796,	751,	790,	775,	800,	769,	782,	803,	760,	757,	1132,	1177,	1138,	1153,	1128,	1159,	1146,	1125,	1168,	1171,	1058,	1103,	1064,	1079,	1054,	1085,	1072,	1051,	1094,	1097,	2528,	2573,	2534,	2549,	2524,	2555,	2542,	2521,	2564,	2567,	2454,	2499,	2460,	2475,	2450,	2481,	2468,	2447,	2490,	2493,	2088,	2043,	2082,	2067,	2092,	2061,	2074,	2095,	2052,	2049,	2162,	2117,	2156,	2141,	2166,	2135,	2148,	2169,	2126,	2123,	
727,	722,	697,	690,	699,	692,	675,	680,	735,	774,	795,	772,	781,	766,	801,	770,	741,	784,	1113,	1154,	1133,	1156,	1147,	1162,	1127,	1158,	1107,	1144,	1039,	1080,	1059,	1082,	1073,	1088,	1053,	1084,	1033,	1070,	2509,	2550,	2529,	2552,	2543,	2558,	2523,	2554,	2503,	2540,	2435,	2476,	2455,	2478,	2469,	2484,	2449,	2480,	2429,	2466,	2107,	2066,	2087,	2064,	2073,	2058,	2093,	2062,	2113,	2076,	2181,	2140,	2161,	2138,	2147,	2132,	2167,	2136,	2187,	2150,	
708,	703,	726,	693,	686,	681,	716,	733,	750,	791,	776,	765,	768,	771,	804,	783,	802,	761,	1178,	1137,	1152,	1163,	1160,	1157,	1124,	1145,	1126,	1167,	1104,	1063,	1078,	1089,	1086,	1083,	1050,	1071,	1052,	1093,	2574,	2533,	2548,	2559,	2556,	2553,	2520,	2541,	2522,	2563,	2500,	2459,	2474,	2485,	2482,	2479,	2446,	2467,	2448,	2489,	2042,	2083,	2068,	2057,	2060,	2063,	2096,	2075,	2094,	2053,	2116,	2157,	2142,	2131,	2134,	2137,	2170,	2149,	2168,	2127,	
723,	696,	685,	698,	691,	672,	713,	674,	777,	734,	773,	794,	805,	780,	767,	744,	809,	742,	1151,	1114,	1155,	1134,	1123,	1148,	1161,	1184,	1119,	1106,	1077,	1040,	1081,	1060,	1049,	1074,	1087,	1030,	1045,	1032,	2547,	2510,	2551,	2530,	2519,	2544,	2557,	2580,	2515,	2502,	2473,	2436,	2477,	2456,	2445,	2470,	2483,	2426,	2441,	2428,	2069,	2106,	2065,	2086,	2097,	2072,	2059,	2036,	2101,	2114,	2143,	2180,	2139,	2160,	2171,	2146,	2133,	2190,	2175,	2188,	
684,	709,	694,	725,	682,	711,	670,	715,	792,	749,	812,	779,	764,	747,	810,	807,	762,	745,	1136,	1179,	1116,	1149,	1164,	1181,	1118,	1121,	1166,	1183,	1062,	1105,	1042,	1075,	1090,	1027,	1044,	1047,	1092,	1029,	2532,	2575,	2512,	2545,	2560,	2577,	2514,	2517,	2562,	2579,	2458,	2501,	2438,	2471,	2486,	2423,	2440,	2443,	2488,	2425,	2084,	2041,	2104,	2071,	2056,	2039,	2102,	2099,	2054,	2037,	2158,	2115,	2178,	2145,	2130,	2193,	2176,	2173,	2128,	2191,	
695,	724,	683,	710,	671,	714,	673,	712,	813,	778,	793,	748,	811,	806,	763,	746,	743,	808,	1115,	1150,	1135,	1180,	1117,	1122,	1165,	1182,	1185,	1120,	1041,	1076,	1061,	1026,	1043,	1048,	1091,	1028,	1031,	1046,	2511,	2546,	2531,	2576,	2513,	2518,	2561,	2578,	2581,	2516,	2437,	2472,	2457,	2422,	2439,	2444,	2487,	2424,	2427,	2442,	2105,	2070,	2085,	2040,	2103,	2098,	2055,	2038,	2035,	2100,	2179,	2144,	2159,	2194,	2177,	2172,	2129,	2192,	2189,	2174,	
650,	613,	606,	667,	652,	625,	610,	669,	846,	575,	814,	587,	848,	577,	560,	585,	850,	853,	864,	917,	1192,	1189,	866,	919,	902,	1187,	868,	871,	978,	1025,	1010,	1013,	976,	1023,	940,	1015,	974,	971,	2620,	2673,	2588,	2585,	2622,	2675,	2658,	2583,	2624,	2627,	2374,	2421,	2406,	2409,	2372,	2419,	2696,	2411,	2370,	2367,	2356,	2303,	2028,	2031,	2354,	2301,	2318,	2033,	2352,	2349,	2242,	2195,	2210,	2207,	2244,	2197,	2280,	2205,	2246,	2249,	
605,	666,	651,	628,	611,	668,	653,	624,	589,	816,	847,	576,	559,	586,	849,	852,	833,	584,	1191,	1194,	865,	918,	901,	1188,	867,	870,	1211,	1186,	1011,	1008,	977,	1024,	941,	1014,	975,	972,	991,	1016,	2587,	2590,	2621,	2674,	2657,	2584,	2623,	2626,	2607,	2582,	2407,	2404,	2373,	2420,	2697,	2410,	2371,	2368,	2387,	2412,	2029,	2026,	2355,	2302,	2319,	2032,	2353,	2350,	2009,	2034,	2209,	2212,	2243,	2196,	2279,	2206,	2245,	2248,	2229,	2204,	
614,	649,	612,	607,	626,	629,	590,	609,	574,	845,	588,	815,	578,	547,	556,	561,	854,	851,	916,	863,	1190,	1193,	920,	889,	898,	903,	872,	869,	926,	979,	1012,	1009,	1022,	953,	944,	939,	970,	973,	2672,	2619,	2586,	2589,	2676,	2645,	2654,	2659,	2628,	2625,	2682,	2375,	2408,	2405,	2418,	2709,	2700,	2695,	2366,	2369,	2304,	2357,	2030,	2027,	2300,	2331,	2322,	2317,	2348,	2351,	2294,	2241,	2208,	2211,	2198,	2267,	2276,	2281,	2250,	2247,	
665,	604,	627,	630,	637,	608,	623,	654,	817,	820,	573,	548,	563,	558,	579,	832,	583,	834,	1195,	1198,	915,	890,	905,	900,	921,	1210,	925,	1212,	1007,	1004,	927,	952,	937,	942,	1021,	992,	1017,	990,	2591,	2594,	2671,	2646,	2661,	2656,	2677,	2606,	2681,	2608,	2403,	2400,	2683,	2708,	2693,	2698,	2417,	2388,	2413,	2386,	2025,	2022,	2305,	2330,	2315,	2320,	2299,	2010,	2295,	2008,	2213,	2216,	2293,	2268,	2283,	2278,	2199,	2228,	2203,	2230,	
648,	615,	602,	621,	634,	597,	638,	591,	844,	551,	818,	565,	546,	555,	562,	557,	580,	855,	862,	893,	1196,	907,	888,	897,	904,	899,	922,	873,	980,	949,	1006,	935,	954,	945,	938,	943,	1020,	969,	2618,	2649,	2592,	2663,	2644,	2653,	2660,	2655,	2678,	2629,	2376,	2705,	2402,	2691,	2710,	2701,	2694,	2699,	2416,	2365,	2358,	2327,	2024,	2313,	2332,	2323,	2316,	2321,	2298,	2347,	2240,	2271,	2214,	2285,	2266,	2275,	2282,	2277,	2200,	2251,	
603,	664,	633,	636,	631,	622,	655,	596,	819,	572,	821,	552,	549,	564,	831,	826,	835,	582,	1197,	914,	1199,	894,	891,	906,	1209,	1204,	1213,	924,	1005,	928,	1003,	948,	951,	936,	993,	998,	989,	1018,	2593,	2670,	2595,	2650,	2647,	2662,	2605,	2600,	2609,	2680,	2401,	2684,	2399,	2704,	2707,	2692,	2389,	2394,	2385,	2414,	2023,	2306,	2021,	2326,	2329,	2314,	2011,	2016,	2007,	2296,	2215,	2292,	2217,	2272,	2269,	2284,	2227,	2222,	2231,	2202,	
616,	647,	620,	601,	598,	635,	592,	639,	822,	843,	550,	545,	566,	825,	554,	581,	856,	837,	1200,	861,	892,	887,	908,	1203,	896,	923,	874,	1215,	1002,	981,	950,	955,	934,	999,	946,	1019,	968,	987,	2596,	2617,	2648,	2643,	2664,	2599,	2652,	2679,	2630,	2611,	2398,	2377,	2706,	2711,	2690,	2395,	2702,	2415,	2364,	2383,	2020,	2359,	2328,	2333,	2312,	2017,	2324,	2297,	2346,	2005,	2218,	2239,	2270,	2265,	2286,	2221,	2274,	2201,	2252,	2233,	
663,	644,	599,	632,	619,	658,	595,	656,	571,	544,	569,	824,	553,	830,	827,	836,	859,	538,	913,	886,	911,	1202,	895,	1208,	1205,	1214,	877,	880,	929,	956,	931,	1000,	947,	994,	997,	988,	965,	962,	2669,	2642,	2667,	2598,	2651,	2604,	2601,	2610,	2633,	2636,	2685,	2712,	2687,	2396,	2703,	2390,	2393,	2384,	2361,	2718,	2307,	2334,	2309,	2018,	2325,	2012,	2015,	2006,	2343,	2340,	2291,	2264,	2289,	2220,	2273,	2226,	2223,	2232,	2255,	2258,	
646,	617,	642,	661,	600,	593,	640,	659,	842,	823,	542,	829,	840,	567,	540,	537,	838,	857,	860,	1201,	884,	1207,	1218,	909,	882,	879,	1216,	875,	982,	1001,	958,	995,	984,	933,	960,	963,	986,	967,	2616,	2597,	2640,	2603,	2614,	2665,	2638,	2635,	2612,	2631,	2378,	2397,	2714,	2391,	2380,	2689,	2716,	2719,	2382,	2363,	2360,	2019,	2336,	2013,	2002,	2311,	2338,	2341,	2004,	2345,	2238,	2219,	2262,	2225,	2236,	2287,	2260,	2257,	2234,	2253,	
643,	662,	645,	618,	641,	660,	657,	594,	543,	570,	841,	568,	541,	828,	839,	858,	539,	536,	885,	912,	1219,	910,	883,	1206,	1217,	876,	881,	878,	957,	930,	983,	932,	959,	996,	985,	966,	961,	964,	2641,	2668,	2615,	2666,	2639,	2602,	2613,	2632,	2637,	2634,	2713,	2686,	2379,	2688,	2715,	2392,	2381,	2362,	2717,	2720,	2335,	2308,	2001,	2310,	2337,	2014,	2003,	2344,	2339,	2342,	2263,	2290,	2237,	2288,	2261,	2224,	2235,	2254,	2259,	2256,	
224,	261,	268,	287,	222,	249,	264,	285,	498,	185,	530,	533,	496,	183,	200,	535,	494,	491,	1266,	175,	1234,	1231,	1268,	1221,	160,	1229,	1270,	1273,	1362,	1315,	1330,	1327,	1364,	1317,	1300,	1325,	1366,	1369,	1542,	1495,	1510,	1507,	1544,	1497,	1480,	1505,	1546,	1549,	2758,	1591,	2726,	2723,	2760,	1593,	1576,	2721,	2762,	2765,	1954,	1601,	1986,	1989,	1952,	1999,	1616,	1991,	1950,	1947,	1858,	1905,	1890,	1893,	1856,	1903,	1920,	1895,	1854,	1851,	
269,	288,	223,	246,	263,	286,	221,	250,	531,	528,	497,	184,	201,	534,	495,	492,	511,	176,	1233,	1236,	1267,	1220,	159,	1230,	1269,	1272,	1253,	1228,	1329,	1332,	1363,	1316,	1299,	1326,	1365,	1368,	1349,	1324,	1509,	1512,	1543,	1496,	1479,	1506,	1545,	1548,	1529,	1504,	2725,	2728,	2759,	1592,	1575,	2722,	2761,	2764,	2745,	1600,	1987,	1984,	1953,	2000,	1617,	1990,	1951,	1948,	1967,	1992,	1891,	1888,	1857,	1904,	1921,	1894,	1855,	1852,	1871,	1896,	
260,	225,	262,	267,	248,	245,	284,	265,	186,	499,	532,	529,	182,	213,	204,	199,	490,	493,	174,	1265,	1232,	1235,	1222,	147,	156,	161,	1274,	1271,	1314,	1361,	1328,	1331,	1318,	1287,	1296,	1301,	1370,	1367,	1494,	1541,	1508,	1511,	1498,	1467,	1476,	1481,	1550,	1547,	1590,	2757,	2724,	2727,	1594,	1563,	1572,	1577,	2766,	2763,	1602,	1955,	1988,	1985,	1998,	1629,	1620,	1615,	1946,	1949,	1906,	1859,	1892,	1889,	1902,	1933,	1924,	1919,	1850,	1853,	
289,	270,	247,	244,	237,	266,	251,	220,	527,	524,	187,	212,	197,	202,	181,	512,	177,	510,	1237,	1240,	173,	148,	163,	158,	1223,	1252,	1227,	1254,	1333,	1336,	1313,	1288,	1303,	1298,	1319,	1348,	1323,	1350,	1513,	1516,	1493,	1468,	1483,	1478,	1499,	1528,	1503,	1530,	2729,	2732,	1589,	1564,	1579,	1574,	1595,	2744,	1599,	2746,	1983,	1980,	1603,	1628,	1613,	1618,	1997,	1968,	1993,	1966,	1887,	1884,	1907,	1932,	1917,	1922,	1901,	1872,	1897,	1870,	
226,	259,	272,	253,	240,	277,	236,	283,	500,	209,	526,	195,	214,	205,	198,	203,	180,	489,	1264,	151,	1238,	165,	146,	155,	162,	157,	1224,	1275,	1360,	1291,	1334,	1305,	1286,	1295,	1302,	1297,	1320,	1371,	1540,	1471,	1514,	1485,	1466,	1475,	1482,	1477,	1500,	1551,	2756,	1567,	2730,	1581,	1562,	1571,	1578,	1573,	1596,	2767,	1956,	1625,	1982,	1611,	1630,	1621,	1614,	1619,	1996,	1945,	1860,	1929,	1886,	1915,	1934,	1925,	1918,	1923,	1900,	1849,	
271,	290,	241,	238,	243,	252,	219,	278,	525,	188,	523,	208,	211,	196,	513,	518,	509,	178,	1239,	172,	1241,	152,	149,	164,	1251,	1246,	1255,	1226,	1335,	1312,	1337,	1292,	1289,	1304,	1347,	1342,	1351,	1322,	1515,	1492,	1517,	1472,	1469,	1484,	1527,	1522,	1531,	1502,	2731,	1588,	2733,	1568,	1565,	1580,	2743,	2738,	2747,	1598,	1981,	1604,	1979,	1624,	1627,	1612,	1969,	1974,	1965,	1994,	1885,	1908,	1883,	1928,	1931,	1916,	1873,	1878,	1869,	1898,	
258,	227,	254,	273,	276,	239,	282,	235,	522,	501,	210,	215,	194,	519,	206,	179,	488,	507,	1242,	1263,	150,	145,	166,	1245,	154,	1225,	1276,	1257,	1338,	1359,	1290,	1285,	1306,	1341,	1294,	1321,	1372,	1353,	1518,	1539,	1470,	1465,	1486,	1521,	1474,	1501,	1552,	1533,	2734,	2755,	1566,	1561,	1582,	2737,	1570,	1597,	2768,	2749,	1978,	1957,	1626,	1631,	1610,	1975,	1622,	1995,	1944,	1963,	1882,	1861,	1930,	1935,	1914,	1879,	1926,	1899,	1848,	1867,	
291,	230,	275,	242,	255,	296,	279,	218,	189,	216,	191,	520,	207,	514,	517,	508,	485,	482,	171,	144,	169,	1244,	153,	1250,	1247,	1256,	1279,	1282,	1311,	1284,	1309,	1340,	1293,	1346,	1343,	1352,	1375,	1378,	1491,	1464,	1489,	1520,	1473,	1526,	1523,	1532,	1555,	1558,	1587,	1560,	1585,	2736,	1569,	2742,	2739,	2748,	2771,	2774,	1605,	1632,	1607,	1976,	1623,	1970,	1973,	1964,	1941,	1938,	1909,	1936,	1911,	1880,	1927,	1874,	1877,	1868,	1845,	1842,	
228,	257,	232,	293,	274,	281,	234,	295,	502,	521,	478,	515,	504,	193,	480,	483,	506,	487,	1262,	1243,	142,	1249,	1260,	167,	140,	1281,	1258,	1277,	1358,	1339,	1382,	1345,	1356,	1307,	1380,	1377,	1354,	1373,	1538,	1519,	1462,	1525,	1536,	1487,	1460,	1557,	1534,	1553,	2754,	2735,	2778,	2741,	2752,	1583,	2776,	2773,	2750,	2769,	1958,	1977,	1634,	1971,	1960,	1609,	1636,	1939,	1962,	1943,	1862,	1881,	1838,	1875,	1864,	1913,	1840,	1843,	1866,	1847,	
231,	292,	229,	256,	233,	294,	297,	280,	217,	190,	503,	192,	479,	516,	505,	486,	481,	484,	143,	170,	1261,	168,	141,	1248,	1259,	1278,	139,	1280,	1283,	1310,	1357,	1308,	1381,	1344,	1355,	1374,	1379,	1376,	1463,	1490,	1537,	1488,	1461,	1524,	1535,	1554,	1459,	1556,	1559,	1586,	2753,	1584,	2777,	2740,	2751,	2770,	2775,	2772,	1633,	1606,	1959,	1608,	1635,	1972,	1961,	1942,	1637,	1940,	1937,	1910,	1863,	1912,	1839,	1876,	1865,	1846,	1841,	1844,	
324,	367,	360,	341,	326,	299,	364,	343,	430,	477,	462,	465,	428,	475,	392,	467,	426,	423,	100,	47,		132,	135,	98,		45,		62,		137,	96,		93,		1430,	1383,	1398,	1395,	1432,	1385,	24,		1393,	1434,	1437,	2940,	2887,	1452,	1455,	2938,	2885,	2902,	1457,	2936,	2933,	2826,	2779,	2794,	2791,	2828,	2781,	2864,	2789,	2830,	2833,	1676,	1729,	1644,	1641,	1678,	1731,	1714,	1639,	1680,	1683,	1790,	1837,	1822,	1825,	1788,	1835,	1752,	1827,	1786,	1783,	
359,	340,	325,	302,	365,	342,	327,	298,	463,	460,	429,	476,	393,	466,	427,	424,	443,	468,	133,	130,	99,		46,		63,		136,	97,		94,		113,	138,	1397,	1400,	1431,	1384,	23,		1394,	1433,	1436,	1417,	1392,	1453,	1450,	2939,	2886,	2903,	1456,	2937,	2934,	2953,	1458,	2793,	2796,	2827,	2780,	2863,	2790,	2829,	2832,	2813,	2788,	1643,	1646,	1677,	1730,	1713,	1640,	1679,	1682,	1663,	1638,	1823,	1820,	1789,	1836,	1753,	1826,	1787,	1784,	1803,	1828,	
368,	323,	366,	361,	300,	303,	344,	363,	378,	431,	464,	461,	474,	405,	396,	391,	422,	425,	48,		101,	134,	131,	44,		75,		66,		61,		92,		95,		38,		1429,	1396,	1399,	1386,	11,		20,		25,		1438,	1435,	2888,	2941,	1454,	1451,	2884,	2915,	2906,	2901,	2932,	2935,	2878,	2825,	2792,	2795,	2782,	2851,	2860,	2865,	2834,	2831,	1728,	1675,	1642,	1645,	1732,	1701,	1710,	1715,	1684,	1681,	1738,	1791,	1824,	1821,	1834,	1765,	1756,	1751,	1782,	1785,	
339,	358,	301,	304,	311,	362,	377,	328,	459,	456,	379,	404,	389,	394,	473,	444,	469,	442,	129,	126,	49,		74,		59,		64,		43,		114,	39,		112,	1401,	1404,	37,		12,		27,		22,		1387,	1416,	1391,	1418,	1449,	1446,	2889,	2914,	2899,	2904,	2883,	2954,	2879,	2952,	2797,	2800,	2877,	2852,	2867,	2862,	2783,	2812,	2787,	2814,	1647,	1650,	1727,	1702,	1717,	1712,	1733,	1662,	1737,	1664,	1819,	1816,	1739,	1764,	1749,	1754,	1833,	1804,	1829,	1802,	
322,	369,	356,	375,	308,	351,	312,	345,	432,	401,	458,	387,	406,	397,	390,	395,	472,	421,	102,	71,		128,	57,		76,		67,		60,		65,		42,		91,		1428,	15,		1402,	29,		10,		19,		26,		21,		1388,	1439,	2942,	2911,	1448,	2897,	2916,	2907,	2900,	2905,	2882,	2931,	2824,	2855,	2798,	2869,	2850,	2859,	2866,	2861,	2784,	2835,	1674,	1705,	1648,	1719,	1700,	1709,	1716,	1711,	1734,	1685,	1792,	1761,	1818,	1747,	1766,	1757,	1750,	1755,	1832,	1781,	
357,	338,	307,	310,	305,	376,	329,	350,	457,	380,	455,	400,	403,	388,	445,	450,	441,	470,	127,	50,		125,	70,		73,		58,		115,	120,	111,	40,		1403,	36,		1405,	16,		13,		28,		1415,	1410,	1419,	1390,	1447,	2890,	1445,	2910,	2913,	2898,	2955,	2960,	2951,	2880,	2799,	2876,	2801,	2856,	2853,	2868,	2811,	2806,	2815,	2786,	1649,	1726,	1651,	1706,	1703,	1718,	1661,	1656,	1665,	1736,	1817,	1740,	1815,	1760,	1763,	1748,	1805,	1810,	1801,	1830,	
370,	321,	374,	355,	352,	309,	346,	313,	454,	433,	402,	407,	386,	451,	398,	471,	420,	439,	124,	103,	72,		77,		56,		121,	68,		41,		90,		109,	1406,	1427,	14,		9,		30,		1409,	18,		1389,	1440,	1421,	1444,	2943,	2912,	2917,	2896,	2961,	2908,	2881,	2930,	2949,	2802,	2823,	2854,	2849,	2870,	2805,	2858,	2785,	2836,	2817,	1652,	1673,	1704,	1699,	1720,	1655,	1708,	1735,	1686,	1667,	1814,	1793,	1762,	1767,	1746,	1811,	1758,	1831,	1780,	1799,	
337,	318,	353,	306,	373,	332,	349,	330,	381,	408,	383,	452,	399,	446,	449,	440,	417,	414,	51,		78,		53,		122,	69,		116,	119,	110,	87,		84,		35,		8,		33,		1408,	17,		1414,	1411,	1420,	1443,	2,		2891,	2918,	2893,	2962,	2909,	2956,	2959,	2950,	2927,	2924,	2875,	2848,	2873,	2804,	2857,	2810,	2807,	2816,	2839,	2842,	1725,	1698,	1723,	1654,	1707,	1660,	1657,	1666,	1689,	1692,	1741,	1768,	1743,	1812,	1759,	1806,	1809,	1800,	1777,	1774,	
320,	371,	316,	335,	354,	347,	314,	333,	434,	453,	410,	447,	436,	385,	412,	415,	438,	419,	104,	123,	80,		117,	106,	55,		82,		85,		108,	89,		1426,	1407,	6,		1413,	1424,	31,		4,		1,		1422,	1441,	2944,	2963,	2920,	2957,	2946,	2895,	2922,	2925,	2948,	2929,	2822,	2803,	2846,	2809,	2820,	2871,	2844,	2841,	2818,	2837,	1672,	1653,	1696,	1659,	1670,	1721,	1694,	1691,	1668,	1687,	1794,	1813,	1770,	1807,	1796,	1745,	1772,	1775,	1798,	1779,	
317,	336,	319,	372,	315,	334,	331,	348,	409,	382,	435,	384,	411,	448,	437,	418,	413,	416,	79,		52,		105,	54,		81,		118,	107,	88,		83,		86,		7,		34,		1425,	32,		5,		1412,	1423,	1442,	3,		0,		2919,	2892,	2945,	2894,	2921,	2958,	2947,	2928,	2923,	2926,	2847,	2874,	2821,	2872,	2845,	2808,	2819,	2838,	2843,	2840,	1697,	1724,	1671,	1722,	1695,	1658,	1669,	1688,	1693,	1690,	1769,	1742,	1795,	1744,	1771,	1808,	1797,	1778,	1773,	1776,	
4930,	4967,	4974,	4993,	4928,	4955,	4970,	4991,	4844,	4891,	4876,	4879,	4842,	4889,	4906,	4881,	4840,	4837,	6000,	5953,	5968,	5965,	6002,	5955,	5938,	5963,	6004,	6007,	4576,	6049,	6064,	6061,	4578,	6051,	6034,	6059,	4580,	4583,	2996,	4549,	2964,	4561,	2998,	4551,	4534,	4559,	3000,	3003,	3092,	3045,	3060,	3057,	3094,	3047,	3030,	3055,	3096,	3099,	3456,	3503,	3488,	3491,	3454,	3501,	3518,	3493,	3452,	3449,	3360,	3407,	3392,	3395,	3358,	3405,	3422,	3397,	3356,	3353,	
4975,	4994,	4929,	4952,	4969,	4992,	4927,	4956,	4877,	4874,	4843,	4890,	4907,	4880,	4841,	4838,	4857,	4882,	5967,	5970,	6001,	5954,	5937,	5964,	6003,	6006,	5987,	5962,	6063,	6066,	4577,	6050,	6033,	6060,	4579,	4582,	6083,	6058,	4563,	2966,	2997,	4550,	4533,	4560,	2999,	3002,	2983,	4558,	3059,	3062,	3093,	3046,	3029,	3056,	3095,	3098,	3079,	3054,	3489,	3486,	3455,	3502,	3519,	3492,	3453,	3450,	3469,	3494,	3393,	3390,	3359,	3406,	3423,	3396,	3357,	3354,	3373,	3398,	
4966,	4931,	4968,	4973,	4954,	4951,	4990,	4971,	4892,	4845,	4878,	4875,	4888,	4919,	4910,	4905,	4836,	4839,	5952,	5999,	5966,	5969,	5956,	5925,	5934,	5939,	6008,	6005,	6048,	4575,	6062,	6065,	6052,	6021,	6030,	6035,	4584,	4581,	4548,	2995,	4562,	2965,	4552,	4521,	4530,	4535,	3004,	3001,	3044,	3091,	3058,	3061,	3048,	3017,	3026,	3031,	3100,	3097,	3504,	3457,	3490,	3487,	3500,	3531,	3522,	3517,	3448,	3451,	3408,	3361,	3394,	3391,	3404,	3435,	3426,	3421,	3352,	3355,	
4995,	4976,	4953,	4950,	4943,	4972,	4957,	4926,	4873,	4870,	4893,	4918,	4903,	4908,	4887,	4858,	4883,	4856,	5971,	5974,	5951,	5926,	5941,	5936,	5957,	5986,	5961,	5988,	6067,	6070,	6047,	6022,	6037,	6032,	6053,	6082,	6057,	4564,	2967,	2970,	4547,	4522,	4537,	4532,	4553,	2982,	4557,	2984,	3063,	3066,	3043,	3018,	3033,	3028,	3049,	3078,	3053,	3080,	3485,	3482,	3505,	3530,	3515,	3520,	3499,	3470,	3495,	3468,	3389,	3386,	3409,	3434,	3419,	3424,	3403,	3374,	3399,	3372,	
4932,	4965,	4978,	4959,	4946,	4983,	4942,	4989,	4846,	4915,	4872,	4901,	4920,	4911,	4904,	4909,	4886,	4835,	5998,	5929,	5972,	5943,	5924,	5933,	5940,	5935,	5958,	6009,	4574,	6025,	6068,	6039,	6020,	6029,	6036,	6031,	6054,	4585,	2994,	4525,	2968,	4539,	4520,	4529,	4536,	4531,	4554,	3005,	3090,	3021,	3064,	3035,	3016,	3025,	3032,	3027,	3050,	3101,	3458,	3527,	3484,	3513,	3532,	3523,	3516,	3521,	3498,	3447,	3362,	3431,	3388,	3417,	3436,	3427,	3420,	3425,	3402,	3351,	
4977,	4996,	4947,	4944,	4949,	4958,	4925,	4984,	4871,	4894,	4869,	4914,	4917,	4902,	4859,	4864,	4855,	4884,	5973,	5950,	5975,	5930,	5927,	5942,	5985,	5980,	5989,	5960,	6069,	6046,	6071,	6026,	6023,	6038,	6081,	6076,	4565,	6056,	2969,	4546,	2971,	4526,	4523,	4538,	2981,	2976,	2985,	4556,	3065,	3042,	3067,	3022,	3019,	3034,	3077,	3072,	3081,	3052,	3483,	3506,	3481,	3526,	3529,	3514,	3471,	3476,	3467,	3496,	3387,	3410,	3385,	3430,	3433,	3418,	3375,	3380,	3371,	3400,	
4964,	4933,	4960,	4979,	4982,	4945,	4988,	4941,	4868,	4847,	4916,	4921,	4900,	4865,	4912,	4885,	4834,	4853,	5976,	5997,	5928,	5923,	5944,	5979,	5932,	5959,	6010,	5991,	6072,	4573,	6024,	6019,	6040,	6075,	6028,	6055,	4586,	4567,	2972,	2993,	4524,	4519,	4540,	2975,	4528,	4555,	3006,	2987,	3068,	3089,	3020,	3015,	3036,	3071,	3024,	3051,	3102,	3083,	3480,	3459,	3528,	3533,	3512,	3477,	3524,	3497,	3446,	3465,	3384,	3363,	3432,	3437,	3416,	3381,	3428,	3401,	3350,	3369,	
4997,	4936,	4981,	4948,	4961,	5002,	4985,	4924,	4895,	4922,	4897,	4866,	4913,	4860,	4863,	4854,	4831,	4828,	5949,	5922,	5947,	5978,	5931,	5984,	5981,	5990,	6013,	6016,	6045,	6018,	6043,	6074,	6027,	6080,	6077,	4566,	4589,	4592,	4545,	4518,	4543,	2974,	4527,	2980,	2977,	2986,	3009,	3012,	3041,	3014,	3039,	3070,	3023,	3076,	3073,	3082,	3105,	3108,	3507,	3534,	3509,	3478,	3525,	3472,	3475,	3466,	3443,	3440,	3411,	3438,	3413,	3382,	3429,	3376,	3379,	3370,	3347,	3344,	
4934,	4963,	4938,	4999,	4980,	4987,	4940,	5001,	4848,	4867,	4824,	4861,	4850,	4899,	4826,	4829,	4852,	4833,	5996,	5977,	5920,	5983,	5994,	5945,	5918,	6015,	5992,	6011,	4572,	6073,	4596,	6079,	4570,	6041,	4594,	4591,	4568,	4587,	2992,	2973,	4516,	2979,	2990,	4541,	4514,	3011,	2988,	3007,	3088,	3069,	3112,	3075,	3086,	3037,	3110,	3107,	3084,	3103,	3460,	3479,	3536,	3473,	3462,	3511,	3538,	3441,	3464,	3445,	3364,	3383,	3340,	3377,	3366,	3415,	3342,	3345,	3368,	3349,	
4937,	4998,	4935,	4962,	4939,	5000,	5003,	4986,	4923,	4896,	4849,	4898,	4825,	4862,	4851,	4832,	4827,	4830,	5921,	5948,	5995,	5946,	5919,	5982,	5993,	6012,	5917,	6014,	6017,	6044,	4571,	6042,	4595,	6078,	4569,	4588,	4593,	4590,	4517,	4544,	2991,	4542,	4515,	2978,	2989,	3008,	4513,	3010,	3013,	3040,	3087,	3038,	3111,	3074,	3085,	3104,	3109,	3106,	3535,	3508,	3461,	3510,	3537,	3474,	3463,	3444,	3539,	3442,	3439,	3412,	3365,	3414,	3341,	3378,	3367,	3348,	3343,	3346,	
5030,	5073,	5066,	5047,	5032,	5005,	5070,	5049,	4776,	4823,	4808,	4811,	4774,	4821,	5098,	4813,	4772,	4769,	4758,	4705,	5910,	5913,	4756,	4703,	4720,	5915,	4754,	4751,	4644,	4597,	4612,	4609,	4646,	4599,	4682,	4607,	4648,	4651,	4474,	4421,	4506,	4509,	4472,	4419,	4436,	4511,	4470,	4467,	3160,	3113,	3128,	3125,	3162,	3115,	4398,	3123,	3164,	3167,	3178,	3231,	3546,	3543,	3180,	3233,	3216,	3541,	3182,	3185,	3292,	3339,	3324,	3327,	3290,	3337,	3254,	3329,	3288,	3285,	
5065,	5046,	5031,	5008,	5071,	5048,	5033,	5004,	4809,	4806,	4775,	4822,	5099,	4812,	4773,	4770,	4789,	4814,	5911,	5908,	4757,	4704,	4721,	5914,	4755,	4752,	5891,	5916,	4611,	4614,	4645,	4598,	4681,	4608,	4647,	4650,	4631,	4606,	4507,	4504,	4473,	4420,	4437,	4510,	4471,	4468,	4487,	4512,	3127,	3130,	3161,	3114,	4397,	3124,	3163,	3166,	3147,	3122,	3545,	3548,	3179,	3232,	3215,	3542,	3181,	3184,	3565,	3540,	3325,	3322,	3291,	3338,	3255,	3328,	3289,	3286,	3305,	3330,	
5074,	5029,	5072,	5067,	5006,	5009,	5050,	5069,	5084,	4777,	4810,	4807,	4820,	5111,	5102,	5097,	4768,	4771,	4706,	4759,	5912,	5909,	4702,	4733,	4724,	4719,	4750,	4753,	4696,	4643,	4610,	4613,	4600,	4669,	4678,	4683,	4652,	4649,	4422,	4475,	4508,	4505,	4418,	4449,	4440,	4435,	4466,	4469,	4412,	3159,	3126,	3129,	3116,	4385,	4394,	4399,	3168,	3165,	3230,	3177,	3544,	3547,	3234,	3203,	3212,	3217,	3186,	3183,	3240,	3293,	3326,	3323,	3336,	3267,	3258,	3253,	3284,	3287,	
5045,	5064,	5007,	5010,	5017,	5068,	5083,	5034,	4805,	4802,	5085,	5110,	5095,	5100,	4819,	4790,	4815,	4788,	5907,	5904,	4707,	4732,	4717,	4722,	4701,	5892,	4697,	5890,	4615,	4618,	4695,	4670,	4685,	4680,	4601,	4630,	4605,	4632,	4503,	4500,	4423,	4448,	4433,	4438,	4417,	4488,	4413,	4486,	3131,	3134,	4411,	4386,	4401,	4396,	3117,	3146,	3121,	3148,	3549,	3552,	3229,	3204,	3219,	3214,	3235,	3564,	3239,	3566,	3321,	3318,	3241,	3266,	3251,	3256,	3335,	3306,	3331,	3304,	
5028,	5075,	5062,	5081,	5014,	5057,	5018,	5051,	4778,	5107,	4804,	5093,	5112,	5103,	5096,	5101,	4818,	4767,	4760,	4729,	5906,	4715,	4734,	4725,	4718,	4723,	4700,	4749,	4642,	4673,	4616,	4687,	4668,	4677,	4684,	4679,	4602,	4653,	4476,	4445,	4502,	4431,	4450,	4441,	4434,	4439,	4416,	4465,	3158,	4389,	3132,	4403,	4384,	4393,	4400,	4395,	3118,	3169,	3176,	3207,	3550,	3221,	3202,	3211,	3218,	3213,	3236,	3187,	3294,	3263,	3320,	3249,	3268,	3259,	3252,	3257,	3334,	3283,	
5063,	5044,	5013,	5016,	5011,	5082,	5035,	5056,	4803,	5086,	4801,	5106,	5109,	5094,	4791,	4796,	4787,	4816,	5905,	4708,	5903,	4728,	4731,	4716,	5893,	5898,	5889,	4698,	4617,	4694,	4619,	4674,	4671,	4686,	4629,	4624,	4633,	4604,	4501,	4424,	4499,	4444,	4447,	4432,	4489,	4494,	4485,	4414,	3133,	4410,	3135,	4390,	4387,	4402,	3145,	3140,	3149,	3120,	3551,	3228,	3553,	3208,	3205,	3220,	3563,	3558,	3567,	3238,	3319,	3242,	3317,	3262,	3265,	3250,	3307,	3312,	3303,	3332,	
5076,	5027,	5080,	5061,	5058,	5015,	5052,	5019,	4800,	4779,	5108,	5113,	5092,	4797,	5104,	4817,	4766,	4785,	5902,	4761,	4730,	4735,	4714,	5899,	4726,	4699,	4748,	5887,	4620,	4641,	4672,	4667,	4688,	4623,	4676,	4603,	4654,	4635,	4498,	4477,	4446,	4451,	4430,	4495,	4442,	4415,	4464,	4483,	3136,	3157,	4388,	4383,	4404,	3139,	4392,	3119,	3170,	3151,	3554,	3175,	3206,	3201,	3222,	3557,	3210,	3237,	3188,	3569,	3316,	3295,	3264,	3269,	3248,	3313,	3260,	3333,	3282,	3301,	
5043,	5024,	5059,	5012,	5079,	5038,	5055,	5036,	5087,	5114,	5089,	4798,	5105,	4792,	4795,	4786,	4763,	5120,	4709,	4736,	4711,	5900,	4727,	5894,	5897,	5888,	4745,	4742,	4693,	4666,	4691,	4622,	4675,	4628,	4625,	4634,	4657,	4660,	4425,	4452,	4427,	4496,	4443,	4490,	4493,	4484,	4461,	4458,	4409,	4382,	4407,	3138,	4391,	3144,	3141,	3150,	3173,	4376,	3227,	3200,	3225,	3556,	3209,	3562,	3559,	3568,	3191,	3194,	3243,	3270,	3245,	3314,	3261,	3308,	3311,	3302,	3279,	3276,	
5026,	5077,	5022,	5041,	5060,	5053,	5020,	5039,	4780,	4799,	5116,	4793,	4782,	5091,	5118,	5121,	4784,	4765,	4762,	5901,	4738,	5895,	5884,	4713,	4740,	4743,	5886,	4747,	4640,	4621,	4664,	4627,	4638,	4689,	4662,	4659,	4636,	4655,	4478,	4497,	4454,	4491,	4480,	4429,	4456,	4459,	4482,	4463,	3156,	3137,	4380,	3143,	3154,	4405,	4378,	4375,	3152,	3171,	3174,	3555,	3198,	3561,	3572,	3223,	3196,	3193,	3570,	3189,	3296,	3315,	3272,	3309,	3298,	3247,	3274,	3277,	3300,	3281,	
5023,	5042,	5025,	5078,	5021,	5040,	5037,	5054,	5115,	5088,	4781,	5090,	5117,	4794,	4783,	4764,	5119,	5122,	4737,	4710,	5883,	4712,	4739,	5896,	5885,	4746,	4741,	4744,	4665,	4692,	4639,	4690,	4663,	4626,	4637,	4656,	4661,	4658,	4453,	4426,	4479,	4428,	4455,	4492,	4481,	4462,	4457,	4460,	4381,	4408,	3155,	4406,	4379,	3142,	3153,	3172,	4377,	4374,	3199,	3226,	3573,	3224,	3197,	3560,	3571,	3190,	3195,	3192,	3271,	3244,	3297,	3246,	3273,	3310,	3299,	3280,	3275,	3278,	
5434,	5397,	5390,	5371,	5436,	5409,	5394,	5373,	5160,	5473,	5128,	5125,	5162,	5475,	5458,	5123,	5164,	5167,	5836,	5483,	5868,	5871,	5834,	5881,	5498,	5873,	5832,	5829,	5740,	5787,	5772,	5775,	5738,	5785,	5802,	5777,	5736,	5733,	4032,	4079,	4064,	4067,	4030,	4077,	4094,	4069,	4028,	4025,	4336,	3983,	4368,	4371,	4334,	3981,	3998,	4373,	4332,	4329,	3620,	3973,	3588,	3585,	3622,	3575,	3958,	3583,	3624,	3627,	3716,	3669,	3684,	3681,	3718,	3671,	3654,	3679,	3720,	3723,	
5389,	5370,	5435,	5412,	5395,	5372,	5437,	5408,	5127,	5130,	5161,	5474,	5457,	5124,	5163,	5166,	5147,	5482,	5869,	5866,	5835,	5882,	5499,	5872,	5833,	5830,	5849,	5874,	5773,	5770,	5739,	5786,	5803,	5776,	5737,	5734,	5753,	5778,	4065,	4062,	4031,	4078,	4095,	4068,	4029,	4026,	4045,	4070,	4369,	4366,	4335,	3982,	3999,	4372,	4333,	4330,	4349,	3974,	3587,	3590,	3621,	3574,	3957,	3584,	3623,	3626,	3607,	3582,	3683,	3686,	3717,	3670,	3653,	3680,	3719,	3722,	3703,	3678,	
5398,	5433,	5396,	5391,	5410,	5413,	5374,	5393,	5472,	5159,	5126,	5129,	5476,	5445,	5454,	5459,	5168,	5165,	5484,	5837,	5870,	5867,	5880,	5511,	5502,	5497,	5828,	5831,	5788,	5741,	5774,	5771,	5784,	5815,	5806,	5801,	5732,	5735,	4080,	4033,	4066,	4063,	4076,	4107,	4098,	4093,	4024,	4027,	3984,	4337,	4370,	4367,	3980,	4011,	4002,	3997,	4328,	4331,	3972,	3619,	3586,	3589,	3576,	3945,	3954,	3959,	3628,	3625,	3668,	3715,	3682,	3685,	3672,	3641,	3650,	3655,	3724,	3721,	
5369,	5388,	5411,	5414,	5421,	5392,	5407,	5438,	5131,	5134,	5471,	5446,	5461,	5456,	5477,	5146,	5481,	5148,	5865,	5862,	5485,	5510,	5495,	5500,	5879,	5850,	5875,	5848,	5769,	5766,	5789,	5814,	5799,	5804,	5783,	5754,	5779,	5752,	4061,	4058,	4081,	4106,	4091,	4096,	4075,	4046,	4071,	4044,	4365,	4362,	3985,	4010,	3995,	4000,	3979,	4350,	3975,	4348,	3591,	3594,	3971,	3946,	3961,	3956,	3577,	3606,	3581,	3608,	3687,	3690,	3667,	3642,	3657,	3652,	3673,	3702,	3677,	3704,	
5432,	5399,	5386,	5405,	5418,	5381,	5422,	5375,	5158,	5449,	5132,	5463,	5444,	5453,	5460,	5455,	5478,	5169,	5838,	5507,	5864,	5493,	5512,	5503,	5496,	5501,	5878,	5827,	5742,	5811,	5768,	5797,	5816,	5807,	5800,	5805,	5782,	5731,	4034,	4103,	4060,	4089,	4108,	4099,	4092,	4097,	4074,	4023,	4338,	4007,	4364,	3993,	4012,	4003,	3996,	4001,	3978,	4327,	3618,	3949,	3592,	3963,	3944,	3953,	3960,	3955,	3578,	3629,	3714,	3645,	3688,	3659,	3640,	3649,	3656,	3651,	3674,	3725,	
5387,	5368,	5417,	5420,	5415,	5406,	5439,	5380,	5133,	5470,	5135,	5450,	5447,	5462,	5145,	5140,	5149,	5480,	5863,	5486,	5861,	5506,	5509,	5494,	5851,	5856,	5847,	5876,	5767,	5790,	5765,	5810,	5813,	5798,	5755,	5760,	5751,	5780,	4059,	4082,	4057,	4102,	4105,	4090,	4047,	4052,	4043,	4072,	4363,	3986,	4361,	4006,	4009,	3994,	4351,	4356,	4347,	3976,	3593,	3970,	3595,	3950,	3947,	3962,	3605,	3600,	3609,	3580,	3689,	3666,	3691,	3646,	3643,	3658,	3701,	3696,	3705,	3676,	
5400,	5431,	5404,	5385,	5382,	5419,	5376,	5423,	5136,	5157,	5448,	5443,	5464,	5139,	5452,	5479,	5170,	5151,	5860,	5839,	5508,	5513,	5492,	5857,	5504,	5877,	5826,	5845,	5764,	5743,	5812,	5817,	5796,	5761,	5808,	5781,	5730,	5749,	4056,	4035,	4104,	4109,	4088,	4053,	4100,	4073,	4022,	4041,	4360,	4339,	4008,	4013,	3992,	4357,	4004,	3977,	4326,	4345,	3596,	3617,	3948,	3943,	3964,	3599,	3952,	3579,	3630,	3611,	3692,	3713,	3644,	3639,	3660,	3695,	3648,	3675,	3726,	3707,	
5367,	5428,	5383,	5416,	5403,	5362,	5379,	5440,	5469,	5442,	5467,	5138,	5451,	5144,	5141,	5150,	5173,	5176,	5487,	5514,	5489,	5858,	5505,	5852,	5855,	5846,	5823,	5820,	5791,	5818,	5793,	5762,	5809,	5756,	5759,	5750,	5727,	5724,	4083,	4110,	4085,	4054,	4101,	4048,	4051,	4042,	4019,	4016,	3987,	4014,	3989,	4358,	4005,	4352,	4355,	4346,	4323,	4320,	3969,	3942,	3967,	3598,	3951,	3604,	3601,	3610,	3633,	3636,	3665,	3638,	3663,	3694,	3647,	3700,	3697,	3706,	3729,	3732,	
5430,	5401,	5426,	5365,	5384,	5377,	5424,	5363,	5156,	5137,	5180,	5143,	5154,	5465,	5178,	5175,	5152,	5171,	5840,	5859,	5516,	5853,	5842,	5491,	5518,	5821,	5844,	5825,	5744,	5763,	5720,	5757,	5746,	5795,	5722,	5725,	5748,	5729,	4036,	4055,	4112,	4049,	4038,	4087,	4114,	4017,	4040,	4021,	4340,	4359,	4316,	4353,	4342,	3991,	4318,	4321,	4344,	4325,	3616,	3597,	3940,	3603,	3614,	3965,	3938,	3635,	3612,	3631,	3712,	3693,	3736,	3699,	3710,	3661,	3734,	3731,	3708,	3727,	
5427,	5366,	5429,	5402,	5425,	5364,	5361,	5378,	5441,	5468,	5155,	5466,	5179,	5142,	5153,	5172,	5177,	5174,	5515,	5488,	5841,	5490,	5517,	5854,	5843,	5824,	5519,	5822,	5819,	5792,	5745,	5794,	5721,	5758,	5747,	5728,	5723,	5726,	4111,	4084,	4037,	4086,	4113,	4050,	4039,	4020,	4115,	4018,	4015,	3988,	4341,	3990,	4317,	4354,	4343,	4324,	4319,	4322,	3941,	3968,	3615,	3966,	3939,	3602,	3613,	3632,	3937,	3634,	3637,	3664,	3711,	3662,	3735,	3698,	3709,	3728,	3733,	3730,	
5334,	5291,	5298,	5317,	5332,	5359,	5294,	5315,	5228,	5181,	5196,	5193,	5230,	5183,	5266,	5191,	5232,	5235,	5558,	5611,	5526,	5523,	5560,	5613,	5596,	5521,	5562,	5565,	5672,	5719,	5704,	5707,	5670,	5717,	5634,	5709,	5668,	5665,	4154,	4207,	4122,	4119,	4156,	4209,	4192,	4117,	4158,	4161,	4268,	4315,	4300,	4303,	4266,	4313,	4230,	4305,	4264,	4261,	3898,	3845,	3930,	3933,	3896,	3843,	3860,	3935,	3894,	3891,	3784,	3737,	3752,	3749,	3786,	3739,	3822,	3747,	3788,	3791,	
5299,	5318,	5333,	5356,	5293,	5316,	5331,	5360,	5195,	5198,	5229,	5182,	5265,	5192,	5231,	5234,	5215,	5190,	5525,	5528,	5559,	5612,	5595,	5522,	5561,	5564,	5545,	5520,	5705,	5702,	5671,	5718,	5635,	5708,	5669,	5666,	5685,	5710,	4121,	4124,	4155,	4208,	4191,	4118,	4157,	4160,	4141,	4116,	4301,	4298,	4267,	4314,	4231,	4304,	4265,	4262,	4281,	4306,	3931,	3928,	3897,	3844,	3861,	3934,	3895,	3892,	3911,	3936,	3751,	3754,	3785,	3738,	3821,	3748,	3787,	3790,	3771,	3746,	
5290,	5335,	5292,	5297,	5358,	5355,	5314,	5295,	5280,	5227,	5194,	5197,	5184,	5253,	5262,	5267,	5236,	5233,	5610,	5557,	5524,	5527,	5614,	5583,	5592,	5597,	5566,	5563,	5620,	5673,	5706,	5703,	5716,	5647,	5638,	5633,	5664,	5667,	4206,	4153,	4120,	4123,	4210,	4179,	4188,	4193,	4162,	4159,	4216,	4269,	4302,	4299,	4312,	4243,	4234,	4229,	4260,	4263,	3846,	3899,	3932,	3929,	3842,	3873,	3864,	3859,	3890,	3893,	3836,	3783,	3750,	3753,	3740,	3809,	3818,	3823,	3792,	3789,	
5319,	5300,	5357,	5354,	5347,	5296,	5281,	5330,	5199,	5202,	5279,	5254,	5269,	5264,	5185,	5214,	5189,	5216,	5529,	5532,	5609,	5584,	5599,	5594,	5615,	5544,	5619,	5546,	5701,	5698,	5621,	5646,	5631,	5636,	5715,	5686,	5711,	5684,	4125,	4128,	4205,	4180,	4195,	4190,	4211,	4140,	4215,	4142,	4297,	4294,	4217,	4242,	4227,	4232,	4311,	4282,	4307,	4280,	3927,	3924,	3847,	3872,	3857,	3862,	3841,	3912,	3837,	3910,	3755,	3758,	3835,	3810,	3825,	3820,	3741,	3770,	3745,	3772,	
5336,	5289,	5302,	5283,	5350,	5307,	5346,	5313,	5226,	5257,	5200,	5271,	5252,	5261,	5268,	5263,	5186,	5237,	5556,	5587,	5530,	5601,	5582,	5591,	5598,	5593,	5616,	5567,	5674,	5643,	5700,	5629,	5648,	5639,	5632,	5637,	5714,	5663,	4152,	4183,	4126,	4197,	4178,	4187,	4194,	4189,	4212,	4163,	4270,	4239,	4296,	4225,	4244,	4235,	4228,	4233,	4310,	4259,	3900,	3869,	3926,	3855,	3874,	3865,	3858,	3863,	3840,	3889,	3782,	3813,	3756,	3827,	3808,	3817,	3824,	3819,	3742,	3793,	
5301,	5320,	5351,	5348,	5353,	5282,	5329,	5308,	5201,	5278,	5203,	5258,	5255,	5270,	5213,	5208,	5217,	5188,	5531,	5608,	5533,	5588,	5585,	5600,	5543,	5538,	5547,	5618,	5699,	5622,	5697,	5642,	5645,	5630,	5687,	5692,	5683,	5712,	4127,	4204,	4129,	4184,	4181,	4196,	4139,	4134,	4143,	4214,	4295,	4218,	4293,	4238,	4241,	4226,	4283,	4288,	4279,	4308,	3925,	3848,	3923,	3868,	3871,	3856,	3913,	3918,	3909,	3838,	3757,	3834,	3759,	3814,	3811,	3826,	3769,	3764,	3773,	3744,	
5288,	5337,	5284,	5303,	5306,	5349,	5312,	5345,	5204,	5225,	5256,	5251,	5272,	5207,	5260,	5187,	5238,	5219,	5534,	5555,	5586,	5581,	5602,	5537,	5590,	5617,	5568,	5549,	5696,	5675,	5644,	5649,	5628,	5693,	5640,	5713,	5662,	5681,	4130,	4151,	4182,	4177,	4198,	4133,	4186,	4213,	4164,	4145,	4292,	4271,	4240,	4245,	4224,	4289,	4236,	4309,	4258,	4277,	3922,	3901,	3870,	3875,	3854,	3919,	3866,	3839,	3888,	3907,	3760,	3781,	3812,	3807,	3828,	3763,	3816,	3743,	3794,	3775,	
5321,	5340,	5305,	5352,	5285,	5326,	5309,	5328,	5277,	5250,	5275,	5206,	5259,	5212,	5209,	5218,	5241,	5244,	5607,	5580,	5605,	5536,	5589,	5542,	5539,	5548,	5571,	5574,	5623,	5650,	5625,	5694,	5641,	5688,	5691,	5682,	5659,	5656,	4203,	4176,	4201,	4132,	4185,	4138,	4135,	4144,	4167,	4170,	4219,	4246,	4221,	4290,	4237,	4284,	4287,	4278,	4255,	4252,	3849,	3876,	3851,	3920,	3867,	3914,	3917,	3908,	3885,	3882,	3833,	3806,	3831,	3762,	3815,	3768,	3765,	3774,	3797,	3800,	
5338,	5287,	5342,	5323,	5304,	5311,	5344,	5325,	5224,	5205,	5248,	5211,	5222,	5273,	5246,	5243,	5220,	5239,	5554,	5535,	5578,	5541,	5552,	5603,	5576,	5573,	5550,	5569,	5676,	5695,	5652,	5689,	5678,	5627,	5654,	5657,	5680,	5661,	4150,	4131,	4174,	4137,	4148,	4199,	4172,	4169,	4146,	4165,	4272,	4291,	4248,	4285,	4274,	4223,	4250,	4253,	4276,	4257,	3902,	3921,	3878,	3915,	3904,	3853,	3880,	3883,	3906,	3887,	3780,	3761,	3804,	3767,	3778,	3829,	3802,	3799,	3776,	3795,	
5341,	5322,	5339,	5286,	5343,	5324,	5327,	5310,	5249,	5276,	5223,	5274,	5247,	5210,	5221,	5240,	5245,	5242,	5579,	5606,	5553,	5604,	5577,	5540,	5551,	5570,	5575,	5572,	5651,	5624,	5677,	5626,	5653,	5690,	5679,	5660,	5655,	5658,	4175,	4202,	4149,	4200,	4173,	4136,	4147,	4166,	4171,	4168,	4247,	4220,	4273,	4222,	4249,	4286,	4275,	4256,	4251,	4254,	3877,	3850,	3903,	3852,	3879,	3916,	3905,	3886,	3881,	3884,	3805,	3832,	3779,	3830,	3803,	3766,	3777,	3796,	3801,	3798,	
