798,	751,	766,	763,	800,	753,	736,	761,	802,	805,	894,	847,	862,	859,	896,	849,	832,	857,	898,	901,	1258,	1305,	1290,	1293,	1256,	1303,	1320,	1295,	1254,	1251,	1162,	1209,	1194,	1197,	1160,	1207,	1224,	1199,	1158,	1155,	2734,	2781,	2766,	2769,	2732,	2779,	2796,	2771,	2730,	2727,	2638,	2685,	2670,	2673,	2636,	2683,	2700,	2675,	2634,	2631,	2274,	2227,	2242,	2239,	2276,	2229,	2212,	2237,	2278,	2281,	2370,	2323,	2338,	2335,	2372,	2325,	2308,	2333,	2374,	2377,	
765,	768,	799,	752,	735,	762,	801,	804,	785,	760,	861,	864,	895,	848,	831,	858,	897,	900,	881,	856,	1291,	1288,	1257,	1304,	1321,	1294,	1255,	1252,	1271,	1296,	1195,	1192,	1161,	1208,	1225,	1198,	1159,	1156,	1175,	1200,	2767,	2764,	2733,	2780,	2797,	2770,	2731,	2728,	2747,	2772,	2671,	2668,	2637,	2684,	2701,	2674,	2635,	2632,	2651,	2676,	2241,	2244,	2275,	2228,	2211,	2238,	2277,	2280,	2261,	2236,	2337,	2340,	2371,	2324,	2307,	2334,	2373,	2376,	2357,	2332,	
750,	797,	764,	767,	754,	723,	732,	737,	806,	803,	846,	893,	860,	863,	850,	819,	828,	833,	902,	899,	1306,	1259,	1292,	1289,	1302,	1333,	1324,	1319,	1250,	1253,	1210,	1163,	1196,	1193,	1206,	1237,	1228,	1223,	1154,	1157,	2782,	2735,	2768,	2765,	2778,	2809,	2800,	2795,	2726,	2729,	2686,	2639,	2672,	2669,	2682,	2713,	2704,	2699,	2630,	2633,	2226,	2273,	2240,	2243,	2230,	2199,	2208,	2213,	2282,	2279,	2322,	2369,	2336,	2339,	2326,	2295,	2304,	2309,	2378,	2375,	
769,	772,	749,	724,	739,	734,	755,	784,	759,	786,	865,	868,	845,	820,	835,	830,	851,	880,	855,	882,	1287,	1284,	1307,	1332,	1317,	1322,	1301,	1272,	1297,	1270,	1191,	1188,	1211,	1236,	1221,	1226,	1205,	1176,	1201,	1174,	2763,	2760,	2783,	2808,	2793,	2798,	2777,	2748,	2773,	2746,	2667,	2664,	2687,	2712,	2697,	2702,	2681,	2652,	2677,	2650,	2245,	2248,	2225,	2200,	2215,	2210,	2231,	2260,	2235,	2262,	2341,	2344,	2321,	2296,	2311,	2306,	2327,	2356,	2331,	2358,	
796,	727,	770,	741,	722,	731,	738,	733,	756,	807,	892,	823,	866,	837,	818,	827,	834,	829,	852,	903,	1260,	1329,	1286,	1315,	1334,	1325,	1318,	1323,	1300,	1249,	1164,	1233,	1190,	1219,	1238,	1229,	1222,	1227,	1204,	1153,	2736,	2805,	2762,	2791,	2810,	2801,	2794,	2799,	2776,	2725,	2640,	2709,	2666,	2695,	2714,	2705,	2698,	2703,	2680,	2629,	2272,	2203,	2246,	2217,	2198,	2207,	2214,	2209,	2232,	2283,	2368,	2299,	2342,	2313,	2294,	2303,	2310,	2305,	2328,	2379,	
771,	748,	773,	728,	725,	740,	783,	778,	787,	758,	867,	844,	869,	824,	821,	836,	879,	874,	883,	854,	1285,	1308,	1283,	1328,	1331,	1316,	1273,	1278,	1269,	1298,	1189,	1212,	1187,	1232,	1235,	1220,	1177,	1182,	1173,	1202,	2761,	2784,	2759,	2804,	2807,	2792,	2749,	2754,	2745,	2774,	2665,	2688,	2663,	2708,	2711,	2696,	2653,	2658,	2649,	2678,	2247,	2224,	2249,	2204,	2201,	2216,	2259,	2254,	2263,	2234,	2343,	2320,	2345,	2300,	2297,	2312,	2355,	2350,	2359,	2330,	
774,	795,	726,	721,	742,	777,	730,	757,	808,	789,	870,	891,	822,	817,	838,	873,	826,	853,	904,	885,	1282,	1261,	1330,	1335,	1314,	1279,	1326,	1299,	1248,	1267,	1186,	1165,	1234,	1239,	1218,	1183,	1230,	1203,	1152,	1171,	2758,	2737,	2806,	2811,	2790,	2755,	2802,	2775,	2724,	2743,	2662,	2641,	2710,	2715,	2694,	2659,	2706,	2679,	2628,	2647,	2250,	2271,	2202,	2197,	2218,	2253,	2206,	2233,	2284,	2265,	2346,	2367,	2298,	2293,	2314,	2349,	2302,	2329,	2380,	2361,	
747,	720,	745,	776,	729,	782,	779,	788,	811,	814,	843,	816,	841,	872,	825,	878,	875,	884,	907,	910,	1309,	1336,	1311,	1280,	1327,	1274,	1277,	1268,	1245,	1242,	1213,	1240,	1215,	1184,	1231,	1178,	1181,	1172,	1149,	1146,	2785,	2812,	2787,	2756,	2803,	2750,	2753,	2744,	2721,	2718,	2689,	2716,	2691,	2660,	2707,	2654,	2657,	2648,	2625,	2622,	2223,	2196,	2221,	2252,	2205,	2258,	2255,	2264,	2287,	2290,	2319,	2292,	2317,	2348,	2301,	2354,	2351,	2360,	2383,	2386,	
794,	775,	718,	781,	792,	743,	716,	813,	790,	809,	890,	871,	914,	877,	888,	839,	912,	909,	886,	905,	1262,	1281,	1338,	1275,	1264,	1313,	1340,	1243,	1266,	1247,	1166,	1185,	1142,	1179,	1168,	1217,	1144,	1147,	1170,	1151,	2738,	2757,	2814,	2751,	2740,	2789,	2816,	2719,	2742,	2723,	2642,	2661,	2618,	2655,	2644,	2693,	2620,	2623,	2646,	2627,	2270,	2251,	2194,	2257,	2268,	2219,	2192,	2289,	2266,	2285,	2366,	2347,	2390,	2353,	2364,	2315,	2388,	2385,	2362,	2381,	
719,	746,	793,	744,	717,	780,	791,	810,	715,	812,	815,	842,	889,	840,	913,	876,	887,	906,	911,	908,	1337,	1310,	1263,	1312,	1339,	1276,	1265,	1246,	1341,	1244,	1241,	1214,	1167,	1216,	1143,	1180,	1169,	1150,	1145,	1148,	2813,	2786,	2739,	2788,	2815,	2752,	2741,	2722,	2817,	2720,	2717,	2690,	2643,	2692,	2619,	2656,	2645,	2626,	2621,	2624,	2195,	2222,	2269,	2220,	2193,	2256,	2267,	2286,	2191,	2288,	2291,	2318,	2365,	2316,	2389,	2352,	2363,	2382,	2387,	2384,	
676,	623,	708,	711,	674,	621,	638,	713,	672,	669,	962,	915,	930,	927,	964,	917,	600,	925,	966,	969,	980,	1033,	1348,	1345,	982,	1035,	1018,	1343,	984,	987,	1094,	1141,	1126,	1129,	1092,	1139,	1056,	1131,	1090,	1087,	2856,	2909,	2824,	2821,	2858,	2911,	2894,	2819,	2860,	2863,	2570,	2617,	2602,	2605,	2568,	2615,	2932,	2607,	2566,	2563,	2552,	2499,	2184,	2187,	2550,	2497,	2514,	2189,	2548,	2545,	2438,	2391,	2406,	2403,	2440,	2393,	2476,	2401,	2442,	2445,	
709,	706,	675,	622,	639,	712,	673,	670,	689,	714,	929,	932,	963,	916,	599,	926,	965,	968,	949,	924,	1347,	1350,	981,	1034,	1017,	1344,	983,	986,	1367,	1342,	1127,	1124,	1093,	1140,	1057,	1130,	1091,	1088,	1107,	1132,	2823,	2826,	2857,	2910,	2893,	2820,	2859,	2862,	2843,	2818,	2603,	2600,	2569,	2616,	2933,	2606,	2567,	2564,	2583,	2608,	2185,	2182,	2551,	2498,	2515,	2188,	2549,	2546,	2165,	2190,	2405,	2408,	2439,	2392,	2475,	2402,	2441,	2444,	2425,	2400,	
624,	677,	710,	707,	620,	651,	642,	637,	668,	671,	614,	961,	928,	931,	918,	587,	596,	601,	970,	967,	1032,	979,	1346,	1349,	1036,	1005,	1014,	1019,	988,	985,	1042,	1095,	1128,	1125,	1138,	1069,	1060,	1055,	1086,	1089,	2908,	2855,	2822,	2825,	2912,	2881,	2890,	2895,	2864,	2861,	2918,	2571,	2604,	2601,	2614,	2945,	2936,	2931,	2562,	2565,	2500,	2553,	2186,	2183,	2496,	2527,	2518,	2513,	2544,	2547,	2490,	2437,	2404,	2407,	2394,	2463,	2472,	2477,	2446,	2443,	
705,	702,	625,	650,	635,	640,	619,	690,	615,	688,	933,	936,	613,	588,	603,	598,	919,	948,	923,	950,	1351,	1354,	1031,	1006,	1021,	1016,	1037,	1366,	1041,	1368,	1123,	1120,	1043,	1068,	1053,	1058,	1137,	1108,	1133,	1106,	2827,	2830,	2907,	2882,	2897,	2892,	2913,	2842,	2917,	2844,	2599,	2596,	2919,	2944,	2929,	2934,	2613,	2584,	2609,	2582,	2181,	2178,	2501,	2526,	2511,	2516,	2495,	2166,	2491,	2164,	2409,	2412,	2489,	2464,	2479,	2474,	2395,	2424,	2399,	2426,	
678,	647,	704,	633,	652,	643,	636,	641,	618,	667,	960,	591,	934,	605,	586,	595,	602,	597,	920,	971,	978,	1009,	1352,	1023,	1004,	1013,	1020,	1015,	1038,	989,	1096,	1065,	1122,	1051,	1070,	1061,	1054,	1059,	1136,	1085,	2854,	2885,	2828,	2899,	2880,	2889,	2896,	2891,	2914,	2865,	2572,	2941,	2598,	2927,	2946,	2937,	2930,	2935,	2612,	2561,	2554,	2523,	2180,	2509,	2528,	2519,	2512,	2517,	2494,	2543,	2436,	2467,	2410,	2481,	2462,	2471,	2478,	2473,	2396,	2447,	
703,	626,	701,	646,	649,	634,	691,	696,	687,	616,	935,	612,	937,	592,	589,	604,	947,	942,	951,	922,	1353,	1030,	1355,	1010,	1007,	1022,	1365,	1360,	1369,	1040,	1121,	1044,	1119,	1064,	1067,	1052,	1109,	1114,	1105,	1134,	2829,	2906,	2831,	2886,	2883,	2898,	2841,	2836,	2845,	2916,	2597,	2920,	2595,	2940,	2943,	2928,	2585,	2590,	2581,	2610,	2179,	2502,	2177,	2522,	2525,	2510,	2167,	2172,	2163,	2492,	2411,	2488,	2413,	2468,	2465,	2480,	2423,	2418,	2427,	2398,	
700,	679,	648,	653,	632,	697,	644,	617,	666,	685,	938,	959,	590,	585,	606,	941,	594,	921,	972,	953,	1356,	977,	1008,	1003,	1024,	1359,	1012,	1039,	990,	1371,	1118,	1097,	1066,	1071,	1050,	1115,	1062,	1135,	1084,	1103,	2832,	2853,	2884,	2879,	2900,	2835,	2888,	2915,	2866,	2847,	2594,	2573,	2942,	2947,	2926,	2591,	2938,	2611,	2560,	2579,	2176,	2555,	2524,	2529,	2508,	2173,	2520,	2493,	2542,	2161,	2414,	2435,	2466,	2461,	2482,	2417,	2470,	2397,	2448,	2429,	
627,	654,	629,	698,	645,	692,	695,	686,	663,	660,	611,	584,	609,	940,	593,	946,	943,	952,	975,	578,	1029,	1002,	1027,	1358,	1011,	1364,	1361,	1370,	993,	996,	1045,	1072,	1047,	1116,	1063,	1110,	1113,	1104,	1081,	1078,	2905,	2878,	2903,	2834,	2887,	2840,	2837,	2846,	2869,	2872,	2921,	2948,	2923,	2592,	2939,	2586,	2589,	2580,	2557,	2954,	2503,	2530,	2505,	2174,	2521,	2168,	2171,	2162,	2539,	2536,	2487,	2460,	2485,	2416,	2469,	2422,	2419,	2428,	2451,	2454,	
680,	699,	656,	693,	682,	631,	658,	661,	684,	665,	958,	939,	582,	945,	956,	607,	580,	577,	954,	973,	976,	1357,	1000,	1363,	1374,	1025,	998,	995,	1372,	991,	1098,	1117,	1074,	1111,	1100,	1049,	1076,	1079,	1102,	1083,	2852,	2833,	2876,	2839,	2850,	2901,	2874,	2871,	2848,	2867,	2574,	2593,	2950,	2587,	2576,	2925,	2952,	2955,	2578,	2559,	2556,	2175,	2532,	2169,	2158,	2507,	2534,	2537,	2160,	2541,	2434,	2415,	2458,	2421,	2432,	2483,	2456,	2453,	2430,	2449,	
655,	628,	681,	630,	657,	694,	683,	664,	659,	662,	583,	610,	957,	608,	581,	944,	955,	974,	579,	576,	1001,	1028,	1375,	1026,	999,	1362,	1373,	992,	997,	994,	1073,	1046,	1099,	1048,	1075,	1112,	1101,	1082,	1077,	1080,	2877,	2904,	2851,	2902,	2875,	2838,	2849,	2868,	2873,	2870,	2949,	2922,	2575,	2924,	2951,	2588,	2577,	2558,	2953,	2956,	2531,	2504,	2157,	2506,	2533,	2170,	2159,	2540,	2535,	2538,	2459,	2486,	2433,	2484,	2457,	2420,	2431,	2450,	2455,	2452,	
234,	281,	266,	269,	232,	279,	296,	271,	230,	227,	538,	185,	570,	573,	536,	183,	200,	575,	534,	531,	1422,	175,	1390,	1387,	1424,	1377,	160,	1385,	1426,	1429,	1518,	1471,	1486,	1483,	1520,	1473,	1456,	1481,	1522,	1525,	1698,	1651,	1666,	1663,	1700,	1653,	1636,	1661,	1702,	1705,	2994,	1747,	2962,	2959,	2996,	1749,	1732,	2957,	2998,	3001,	2110,	1757,	2142,	2145,	2108,	2155,	1772,	2147,	2106,	2103,	2014,	2061,	2046,	2049,	2012,	2059,	2076,	2051,	2010,	2007,	
267,	264,	233,	280,	297,	270,	231,	228,	247,	272,	571,	568,	537,	184,	201,	574,	535,	532,	551,	176,	1389,	1392,	1423,	1376,	159,	1386,	1425,	1428,	1409,	1384,	1485,	1488,	1519,	1472,	1455,	1482,	1521,	1524,	1505,	1480,	1665,	1668,	1699,	1652,	1635,	1662,	1701,	1704,	1685,	1660,	2961,	2964,	2995,	1748,	1731,	2958,	2997,	3000,	2981,	1756,	2143,	2140,	2109,	2156,	1773,	2146,	2107,	2104,	2123,	2148,	2047,	2044,	2013,	2060,	2077,	2050,	2011,	2008,	2027,	2052,	
282,	235,	268,	265,	278,	309,	300,	295,	226,	229,	186,	539,	572,	569,	182,	213,	204,	199,	530,	533,	174,	1421,	1388,	1391,	1378,	147,	156,	161,	1430,	1427,	1470,	1517,	1484,	1487,	1474,	1443,	1452,	1457,	1526,	1523,	1650,	1697,	1664,	1667,	1654,	1623,	1632,	1637,	1706,	1703,	1746,	2993,	2960,	2963,	1750,	1719,	1728,	1733,	3002,	2999,	1758,	2111,	2144,	2141,	2154,	1785,	1776,	1771,	2102,	2105,	2062,	2015,	2048,	2045,	2058,	2089,	2080,	2075,	2006,	2009,	
263,	260,	283,	308,	293,	298,	277,	248,	273,	246,	567,	564,	187,	212,	197,	202,	181,	552,	177,	550,	1393,	1396,	173,	148,	163,	158,	1379,	1408,	1383,	1410,	1489,	1492,	1469,	1444,	1459,	1454,	1475,	1504,	1479,	1506,	1669,	1672,	1649,	1624,	1639,	1634,	1655,	1684,	1659,	1686,	2965,	2968,	1745,	1720,	1735,	1730,	1751,	2980,	1755,	2982,	2139,	2136,	1759,	1784,	1769,	1774,	2153,	2124,	2149,	2122,	2043,	2040,	2063,	2088,	2073,	2078,	2057,	2028,	2053,	2026,	
236,	305,	262,	291,	310,	301,	294,	299,	276,	225,	540,	209,	566,	195,	214,	205,	198,	203,	180,	529,	1420,	151,	1394,	165,	146,	155,	162,	157,	1380,	1431,	1516,	1447,	1490,	1461,	1442,	1451,	1458,	1453,	1476,	1527,	1696,	1627,	1670,	1641,	1622,	1631,	1638,	1633,	1656,	1707,	2992,	1723,	2966,	1737,	1718,	1727,	1734,	1729,	1752,	3003,	2112,	1781,	2138,	1767,	1786,	1777,	1770,	1775,	2152,	2101,	2016,	2085,	2042,	2071,	2090,	2081,	2074,	2079,	2056,	2005,	
261,	284,	259,	304,	307,	292,	249,	254,	245,	274,	565,	188,	563,	208,	211,	196,	553,	558,	549,	178,	1395,	172,	1397,	152,	149,	164,	1407,	1402,	1411,	1382,	1491,	1468,	1493,	1448,	1445,	1460,	1503,	1498,	1507,	1478,	1671,	1648,	1673,	1628,	1625,	1640,	1683,	1678,	1687,	1658,	2967,	1744,	2969,	1724,	1721,	1736,	2979,	2974,	2983,	1754,	2137,	1760,	2135,	1780,	1783,	1768,	2125,	2130,	2121,	2150,	2041,	2064,	2039,	2084,	2087,	2072,	2029,	2034,	2025,	2054,	
258,	237,	306,	311,	290,	255,	302,	275,	224,	243,	562,	541,	210,	215,	194,	559,	206,	179,	528,	547,	1398,	1419,	150,	145,	166,	1401,	154,	1381,	1432,	1413,	1494,	1515,	1446,	1441,	1462,	1497,	1450,	1477,	1528,	1509,	1674,	1695,	1626,	1621,	1642,	1677,	1630,	1657,	1708,	1689,	2970,	2991,	1722,	1717,	1738,	2973,	1726,	1753,	3004,	2985,	2134,	2113,	1782,	1787,	1766,	2131,	1778,	2151,	2100,	2119,	2038,	2017,	2086,	2091,	2070,	2035,	2082,	2055,	2004,	2023,	
285,	312,	287,	256,	303,	250,	253,	244,	221,	218,	189,	216,	191,	560,	207,	554,	557,	548,	525,	522,	171,	144,	169,	1400,	153,	1406,	1403,	1412,	1435,	1438,	1467,	1440,	1465,	1496,	1449,	1502,	1499,	1508,	1531,	1534,	1647,	1620,	1645,	1676,	1629,	1682,	1679,	1688,	1711,	1714,	1743,	1716,	1741,	2972,	1725,	2978,	2975,	2984,	3007,	3010,	1761,	1788,	1763,	2132,	1779,	2126,	2129,	2120,	2097,	2094,	2065,	2092,	2067,	2036,	2083,	2030,	2033,	2024,	2001,	1998,	
238,	257,	314,	251,	240,	289,	316,	219,	242,	223,	542,	561,	518,	555,	544,	193,	520,	523,	546,	527,	1418,	1399,	142,	1405,	1416,	167,	140,	1437,	1414,	1433,	1514,	1495,	1538,	1501,	1512,	1463,	1536,	1533,	1510,	1529,	1694,	1675,	1618,	1681,	1692,	1643,	1616,	1713,	1690,	1709,	2990,	2971,	3014,	2977,	2988,	1739,	3012,	3009,	2986,	3005,	2114,	2133,	1790,	2127,	2116,	1765,	1792,	2095,	2118,	2099,	2018,	2037,	1994,	2031,	2020,	2069,	1996,	1999,	2022,	2003,	
313,	286,	239,	288,	315,	252,	241,	222,	317,	220,	217,	190,	543,	192,	519,	556,	545,	526,	521,	524,	143,	170,	1417,	168,	141,	1404,	1415,	1434,	139,	1436,	1439,	1466,	1513,	1464,	1537,	1500,	1511,	1530,	1535,	1532,	1619,	1646,	1693,	1644,	1617,	1680,	1691,	1710,	1615,	1712,	1715,	1742,	2989,	1740,	3013,	2976,	2987,	3006,	3011,	3008,	1789,	1762,	2115,	1764,	1791,	2128,	2117,	2098,	1793,	2096,	2093,	2066,	2019,	2068,	1995,	2032,	2021,	2002,	1997,	2000,	
356,	409,	324,	321,	358,	411,	394,	319,	360,	363,	470,	517,	502,	505,	468,	515,	432,	507,	466,	463,	100,	47,		132,	135,	98,		45,		62,		137,	96,		93,		1586,	1539,	1554,	1551,	1588,	1541,	24,		1549,	1590,	1593,	3176,	3123,	1608,	1611,	3174,	3121,	3138,	1613,	3172,	3169,	3062,	3015,	3030,	3027,	3064,	3017,	3100,	3025,	3066,	3069,	1832,	1885,	1800,	1797,	1834,	1887,	1870,	1795,	1836,	1839,	1946,	1993,	1978,	1981,	1944,	1991,	1908,	1983,	1942,	1939,	
323,	326,	357,	410,	393,	320,	359,	362,	343,	318,	503,	500,	469,	516,	433,	506,	467,	464,	483,	508,	133,	130,	99,		46,		63,		136,	97,		94,		113,	138,	1553,	1556,	1587,	1540,	23,		1550,	1589,	1592,	1573,	1548,	1609,	1606,	3175,	3122,	3139,	1612,	3173,	3170,	3189,	1614,	3029,	3032,	3063,	3016,	3099,	3026,	3065,	3068,	3049,	3024,	1799,	1802,	1833,	1886,	1869,	1796,	1835,	1838,	1819,	1794,	1979,	1976,	1945,	1992,	1909,	1982,	1943,	1940,	1959,	1984,	
408,	355,	322,	325,	412,	381,	390,	395,	364,	361,	418,	471,	504,	501,	514,	445,	436,	431,	462,	465,	48,		101,	134,	131,	44,		75,		66,		61,		92,		95,		38,		1585,	1552,	1555,	1542,	11,		20,		25,		1594,	1591,	3124,	3177,	1610,	1607,	3120,	3151,	3142,	3137,	3168,	3171,	3114,	3061,	3028,	3031,	3018,	3087,	3096,	3101,	3070,	3067,	1884,	1831,	1798,	1801,	1888,	1857,	1866,	1871,	1840,	1837,	1894,	1947,	1980,	1977,	1990,	1921,	1912,	1907,	1938,	1941,	
327,	330,	407,	382,	397,	392,	413,	342,	417,	344,	499,	496,	419,	444,	429,	434,	513,	484,	509,	482,	129,	126,	49,		74,		59,		64,		43,		114,	39,		112,	1557,	1560,	37,		12,		27,		22,		1543,	1572,	1547,	1574,	1605,	1602,	3125,	3150,	3135,	3140,	3119,	3190,	3115,	3188,	3033,	3036,	3113,	3088,	3103,	3098,	3019,	3048,	3023,	3050,	1803,	1806,	1883,	1858,	1873,	1868,	1889,	1818,	1893,	1820,	1975,	1972,	1895,	1920,	1905,	1910,	1989,	1960,	1985,	1958,	
354,	385,	328,	399,	380,	389,	396,	391,	414,	365,	472,	441,	498,	427,	446,	437,	430,	435,	512,	461,	102,	71,		128,	57,		76,		67,		60,		65,		42,		91,		1584,	15,		1558,	29,		10,		19,		26,		21,		1544,	1595,	3178,	3147,	1604,	3133,	3152,	3143,	3136,	3141,	3118,	3167,	3060,	3091,	3034,	3105,	3086,	3095,	3102,	3097,	3020,	3071,	1830,	1861,	1804,	1875,	1856,	1865,	1872,	1867,	1890,	1841,	1948,	1917,	1974,	1903,	1922,	1913,	1906,	1911,	1988,	1937,	
329,	406,	331,	386,	383,	398,	341,	336,	345,	416,	497,	420,	495,	440,	443,	428,	485,	490,	481,	510,	127,	50,		125,	70,		73,		58,		115,	120,	111,	40,		1559,	36,		1561,	16,		13,		28,		1571,	1566,	1575,	1546,	1603,	3126,	1601,	3146,	3149,	3134,	3191,	3196,	3187,	3116,	3035,	3112,	3037,	3092,	3089,	3104,	3047,	3042,	3051,	3022,	1805,	1882,	1807,	1862,	1859,	1874,	1817,	1812,	1821,	1892,	1973,	1896,	1971,	1916,	1919,	1904,	1961,	1966,	1957,	1986,	
332,	353,	384,	379,	400,	335,	388,	415,	366,	347,	494,	473,	442,	447,	426,	491,	438,	511,	460,	479,	124,	103,	72,		77,		56,		121,	68,		41,		90,		109,	1562,	1583,	14,		9,		30,		1565,	18,		1545,	1596,	1577,	1600,	3179,	3148,	3153,	3132,	3197,	3144,	3117,	3166,	3185,	3038,	3059,	3090,	3085,	3106,	3041,	3094,	3021,	3072,	3053,	1808,	1829,	1860,	1855,	1876,	1811,	1864,	1891,	1842,	1823,	1970,	1949,	1918,	1923,	1902,	1967,	1914,	1987,	1936,	1955,	
405,	378,	403,	334,	387,	340,	337,	346,	369,	372,	421,	448,	423,	492,	439,	486,	489,	480,	457,	454,	51,		78,		53,		122,	69,		116,	119,	110,	87,		84,		35,		8,		33,		1564,	17,		1570,	1567,	1576,	1599,	2,		3127,	3154,	3129,	3198,	3145,	3192,	3195,	3186,	3163,	3160,	3111,	3084,	3109,	3040,	3093,	3046,	3043,	3052,	3075,	3078,	1881,	1854,	1879,	1810,	1863,	1816,	1813,	1822,	1845,	1848,	1897,	1924,	1899,	1968,	1915,	1962,	1965,	1956,	1933,	1930,	
352,	333,	376,	339,	350,	401,	374,	371,	348,	367,	474,	493,	450,	487,	476,	425,	452,	455,	478,	459,	104,	123,	80,		117,	106,	55,		82,		85,		108,	89,		1582,	1563,	6,		1569,	1580,	31,		4,		1,		1578,	1597,	3180,	3199,	3156,	3193,	3182,	3131,	3158,	3161,	3184,	3165,	3058,	3039,	3082,	3045,	3056,	3107,	3080,	3077,	3054,	3073,	1828,	1809,	1852,	1815,	1826,	1877,	1850,	1847,	1824,	1843,	1950,	1969,	1926,	1963,	1952,	1901,	1928,	1931,	1954,	1935,	
377,	404,	351,	402,	375,	338,	349,	368,	373,	370,	449,	422,	475,	424,	451,	488,	477,	458,	453,	456,	79,		52,		105,	54,		81,		118,	107,	88,		83,		86,		7,		34,		1581,	32,		5,		1568,	1579,	1598,	3,		0,		3155,	3128,	3181,	3130,	3157,	3194,	3183,	3164,	3159,	3162,	3083,	3110,	3057,	3108,	3081,	3044,	3055,	3074,	3079,	3076,	1853,	1880,	1827,	1878,	1851,	1814,	1825,	1844,	1849,	1846,	1925,	1898,	1951,	1900,	1927,	1964,	1953,	1934,	1929,	1932,	
5176,	5223,	5208,	5211,	5174,	5221,	5238,	5213,	5172,	5169,	5080,	5127,	5112,	5115,	5078,	5125,	5142,	5117,	5076,	5073,	6316,	6269,	6284,	6281,	6318,	6271,	6254,	6279,	6320,	6323,	4812,	6365,	6380,	6377,	4814,	6367,	6350,	6375,	4816,	4819,	3232,	4785,	3200,	4797,	3234,	4787,	4770,	4795,	3236,	3239,	3328,	3281,	3296,	3293,	3330,	3283,	3266,	3291,	3332,	3335,	3692,	3739,	3724,	3727,	3690,	3737,	3754,	3729,	3688,	3685,	3596,	3643,	3628,	3631,	3594,	3641,	3658,	3633,	3592,	3589,	
5209,	5206,	5175,	5222,	5239,	5212,	5173,	5170,	5189,	5214,	5113,	5110,	5079,	5126,	5143,	5116,	5077,	5074,	5093,	5118,	6283,	6286,	6317,	6270,	6253,	6280,	6319,	6322,	6303,	6278,	6379,	6382,	4813,	6366,	6349,	6376,	4815,	4818,	6399,	6374,	4799,	3202,	3233,	4786,	4769,	4796,	3235,	3238,	3219,	4794,	3295,	3298,	3329,	3282,	3265,	3292,	3331,	3334,	3315,	3290,	3725,	3722,	3691,	3738,	3755,	3728,	3689,	3686,	3705,	3730,	3629,	3626,	3595,	3642,	3659,	3632,	3593,	3590,	3609,	3634,	
5224,	5177,	5210,	5207,	5220,	5251,	5242,	5237,	5168,	5171,	5128,	5081,	5114,	5111,	5124,	5155,	5146,	5141,	5072,	5075,	6268,	6315,	6282,	6285,	6272,	6241,	6250,	6255,	6324,	6321,	6364,	4811,	6378,	6381,	6368,	6337,	6346,	6351,	4820,	4817,	4784,	3231,	4798,	3201,	4788,	4757,	4766,	4771,	3240,	3237,	3280,	3327,	3294,	3297,	3284,	3253,	3262,	3267,	3336,	3333,	3740,	3693,	3726,	3723,	3736,	3767,	3758,	3753,	3684,	3687,	3644,	3597,	3630,	3627,	3640,	3671,	3662,	3657,	3588,	3591,	
5205,	5202,	5225,	5250,	5235,	5240,	5219,	5190,	5215,	5188,	5109,	5106,	5129,	5154,	5139,	5144,	5123,	5094,	5119,	5092,	6287,	6290,	6267,	6242,	6257,	6252,	6273,	6302,	6277,	6304,	6383,	6386,	6363,	6338,	6353,	6348,	6369,	6398,	6373,	4800,	3203,	3206,	4783,	4758,	4773,	4768,	4789,	3218,	4793,	3220,	3299,	3302,	3279,	3254,	3269,	3264,	3285,	3314,	3289,	3316,	3721,	3718,	3741,	3766,	3751,	3756,	3735,	3706,	3731,	3704,	3625,	3622,	3645,	3670,	3655,	3660,	3639,	3610,	3635,	3608,	
5178,	5247,	5204,	5233,	5252,	5243,	5236,	5241,	5218,	5167,	5082,	5151,	5108,	5137,	5156,	5147,	5140,	5145,	5122,	5071,	6314,	6245,	6288,	6259,	6240,	6249,	6256,	6251,	6274,	6325,	4810,	6341,	6384,	6355,	6336,	6345,	6352,	6347,	6370,	4821,	3230,	4761,	3204,	4775,	4756,	4765,	4772,	4767,	4790,	3241,	3326,	3257,	3300,	3271,	3252,	3261,	3268,	3263,	3286,	3337,	3694,	3763,	3720,	3749,	3768,	3759,	3752,	3757,	3734,	3683,	3598,	3667,	3624,	3653,	3672,	3663,	3656,	3661,	3638,	3587,	
5203,	5226,	5201,	5246,	5249,	5234,	5191,	5196,	5187,	5216,	5107,	5130,	5105,	5150,	5153,	5138,	5095,	5100,	5091,	5120,	6289,	6266,	6291,	6246,	6243,	6258,	6301,	6296,	6305,	6276,	6385,	6362,	6387,	6342,	6339,	6354,	6397,	6392,	4801,	6372,	3205,	4782,	3207,	4762,	4759,	4774,	3217,	3212,	3221,	4792,	3301,	3278,	3303,	3258,	3255,	3270,	3313,	3308,	3317,	3288,	3719,	3742,	3717,	3762,	3765,	3750,	3707,	3712,	3703,	3732,	3623,	3646,	3621,	3666,	3669,	3654,	3611,	3616,	3607,	3636,	
5200,	5179,	5248,	5253,	5232,	5197,	5244,	5217,	5166,	5185,	5104,	5083,	5152,	5157,	5136,	5101,	5148,	5121,	5070,	5089,	6292,	6313,	6244,	6239,	6260,	6295,	6248,	6275,	6326,	6307,	6388,	4809,	6340,	6335,	6356,	6391,	6344,	6371,	4822,	4803,	3208,	3229,	4760,	4755,	4776,	3211,	4764,	4791,	3242,	3223,	3304,	3325,	3256,	3251,	3272,	3307,	3260,	3287,	3338,	3319,	3716,	3695,	3764,	3769,	3748,	3713,	3760,	3733,	3682,	3701,	3620,	3599,	3668,	3673,	3652,	3617,	3664,	3637,	3586,	3605,	
5227,	5254,	5229,	5198,	5245,	5192,	5195,	5186,	5163,	5160,	5131,	5158,	5133,	5102,	5149,	5096,	5099,	5090,	5067,	5064,	6265,	6238,	6263,	6294,	6247,	6300,	6297,	6306,	6329,	6332,	6361,	6334,	6359,	6390,	6343,	6396,	6393,	4802,	4825,	4828,	4781,	4754,	4779,	3210,	4763,	3216,	3213,	3222,	3245,	3248,	3277,	3250,	3275,	3306,	3259,	3312,	3309,	3318,	3341,	3344,	3743,	3770,	3745,	3714,	3761,	3708,	3711,	3702,	3679,	3676,	3647,	3674,	3649,	3618,	3665,	3612,	3615,	3606,	3583,	3580,	
5180,	5199,	5256,	5193,	5182,	5231,	5258,	5161,	5184,	5165,	5084,	5103,	5060,	5097,	5086,	5135,	5062,	5065,	5088,	5069,	6312,	6293,	6236,	6299,	6310,	6261,	6234,	6331,	6308,	6327,	4808,	6389,	4832,	6395,	4806,	6357,	4830,	4827,	4804,	4823,	3228,	3209,	4752,	3215,	3226,	4777,	4750,	3247,	3224,	3243,	3324,	3305,	3348,	3311,	3322,	3273,	3346,	3343,	3320,	3339,	3696,	3715,	3772,	3709,	3698,	3747,	3774,	3677,	3700,	3681,	3600,	3619,	3576,	3613,	3602,	3651,	3578,	3581,	3604,	3585,	
5255,	5228,	5181,	5230,	5257,	5194,	5183,	5164,	5259,	5162,	5159,	5132,	5085,	5134,	5061,	5098,	5087,	5068,	5063,	5066,	6237,	6264,	6311,	6262,	6235,	6298,	6309,	6328,	6233,	6330,	6333,	6360,	4807,	6358,	4831,	6394,	4805,	4824,	4829,	4826,	4753,	4780,	3227,	4778,	4751,	3214,	3225,	3244,	4749,	3246,	3249,	3276,	3323,	3274,	3347,	3310,	3321,	3340,	3345,	3342,	3771,	3744,	3697,	3746,	3773,	3710,	3699,	3680,	3775,	3678,	3675,	3648,	3601,	3650,	3577,	3614,	3603,	3584,	3579,	3582,	
5298,	5351,	5266,	5263,	5300,	5353,	5336,	5261,	5302,	5305,	5012,	5059,	5044,	5047,	5010,	5057,	5374,	5049,	5008,	5005,	4994,	4941,	6226,	6229,	4992,	4939,	4956,	6231,	4990,	4987,	4880,	4833,	4848,	4845,	4882,	4835,	4918,	4843,	4884,	4887,	4710,	4657,	4742,	4745,	4708,	4655,	4672,	4747,	4706,	4703,	3396,	3349,	3364,	3361,	3398,	3351,	4634,	3359,	3400,	3403,	3414,	3467,	3782,	3779,	3416,	3469,	3452,	3777,	3418,	3421,	3528,	3575,	3560,	3563,	3526,	3573,	3490,	3565,	3524,	3521,	
5265,	5268,	5299,	5352,	5335,	5262,	5301,	5304,	5285,	5260,	5045,	5042,	5011,	5058,	5375,	5048,	5009,	5006,	5025,	5050,	6227,	6224,	4993,	4940,	4957,	6230,	4991,	4988,	6207,	6232,	4847,	4850,	4881,	4834,	4917,	4844,	4883,	4886,	4867,	4842,	4743,	4740,	4709,	4656,	4673,	4746,	4707,	4704,	4723,	4748,	3363,	3366,	3397,	3350,	4633,	3360,	3399,	3402,	3383,	3358,	3781,	3784,	3415,	3468,	3451,	3778,	3417,	3420,	3801,	3776,	3561,	3558,	3527,	3574,	3491,	3564,	3525,	3522,	3541,	3566,	
5350,	5297,	5264,	5267,	5354,	5323,	5332,	5337,	5306,	5303,	5360,	5013,	5046,	5043,	5056,	5387,	5378,	5373,	5004,	5007,	4942,	4995,	6228,	6225,	4938,	4969,	4960,	4955,	4986,	4989,	4932,	4879,	4846,	4849,	4836,	4905,	4914,	4919,	4888,	4885,	4658,	4711,	4744,	4741,	4654,	4685,	4676,	4671,	4702,	4705,	4648,	3395,	3362,	3365,	3352,	4621,	4630,	4635,	3404,	3401,	3466,	3413,	3780,	3783,	3470,	3439,	3448,	3453,	3422,	3419,	3476,	3529,	3562,	3559,	3572,	3503,	3494,	3489,	3520,	3523,	
5269,	5272,	5349,	5324,	5339,	5334,	5355,	5284,	5359,	5286,	5041,	5038,	5361,	5386,	5371,	5376,	5055,	5026,	5051,	5024,	6223,	6220,	4943,	4968,	4953,	4958,	4937,	6208,	4933,	6206,	4851,	4854,	4931,	4906,	4921,	4916,	4837,	4866,	4841,	4868,	4739,	4736,	4659,	4684,	4669,	4674,	4653,	4724,	4649,	4722,	3367,	3370,	4647,	4622,	4637,	4632,	3353,	3382,	3357,	3384,	3785,	3788,	3465,	3440,	3455,	3450,	3471,	3800,	3475,	3802,	3557,	3554,	3477,	3502,	3487,	3492,	3571,	3542,	3567,	3540,	
5296,	5327,	5270,	5341,	5322,	5331,	5338,	5333,	5356,	5307,	5014,	5383,	5040,	5369,	5388,	5379,	5372,	5377,	5054,	5003,	4996,	4965,	6222,	4951,	4970,	4961,	4954,	4959,	4936,	4985,	4878,	4909,	4852,	4923,	4904,	4913,	4920,	4915,	4838,	4889,	4712,	4681,	4738,	4667,	4686,	4677,	4670,	4675,	4652,	4701,	3394,	4625,	3368,	4639,	4620,	4629,	4636,	4631,	3354,	3405,	3412,	3443,	3786,	3457,	3438,	3447,	3454,	3449,	3472,	3423,	3530,	3499,	3556,	3485,	3504,	3495,	3488,	3493,	3570,	3519,	
5271,	5348,	5273,	5328,	5325,	5340,	5283,	5278,	5287,	5358,	5039,	5362,	5037,	5382,	5385,	5370,	5027,	5032,	5023,	5052,	6221,	4944,	6219,	4964,	4967,	4952,	6209,	6214,	6205,	4934,	4853,	4930,	4855,	4910,	4907,	4922,	4865,	4860,	4869,	4840,	4737,	4660,	4735,	4680,	4683,	4668,	4725,	4730,	4721,	4650,	3369,	4646,	3371,	4626,	4623,	4638,	3381,	3376,	3385,	3356,	3787,	3464,	3789,	3444,	3441,	3456,	3799,	3794,	3803,	3474,	3555,	3478,	3553,	3498,	3501,	3486,	3543,	3548,	3539,	3568,	
5274,	5295,	5326,	5321,	5342,	5277,	5330,	5357,	5308,	5289,	5036,	5015,	5384,	5389,	5368,	5033,	5380,	5053,	5002,	5021,	6218,	4997,	4966,	4971,	4950,	6215,	4962,	4935,	4984,	6203,	4856,	4877,	4908,	4903,	4924,	4859,	4912,	4839,	4890,	4871,	4734,	4713,	4682,	4687,	4666,	4731,	4678,	4651,	4700,	4719,	3372,	3393,	4624,	4619,	4640,	3375,	4628,	3355,	3406,	3387,	3790,	3411,	3442,	3437,	3458,	3793,	3446,	3473,	3424,	3805,	3552,	3531,	3500,	3505,	3484,	3549,	3496,	3569,	3518,	3537,	
5347,	5320,	5345,	5276,	5329,	5282,	5279,	5288,	5311,	5314,	5363,	5390,	5365,	5034,	5381,	5028,	5031,	5022,	4999,	5396,	4945,	4972,	4947,	6216,	4963,	6210,	6213,	6204,	4981,	4978,	4929,	4902,	4927,	4858,	4911,	4864,	4861,	4870,	4893,	4896,	4661,	4688,	4663,	4732,	4679,	4726,	4729,	4720,	4697,	4694,	4645,	4618,	4643,	3374,	4627,	3380,	3377,	3386,	3409,	4612,	3463,	3436,	3461,	3792,	3445,	3798,	3795,	3804,	3427,	3430,	3479,	3506,	3481,	3550,	3497,	3544,	3547,	3538,	3515,	3512,	
5294,	5275,	5318,	5281,	5292,	5343,	5316,	5313,	5290,	5309,	5016,	5035,	5392,	5029,	5018,	5367,	5394,	5397,	5020,	5001,	4998,	6217,	4974,	6211,	6200,	4949,	4976,	4979,	6202,	4983,	4876,	4857,	4900,	4863,	4874,	4925,	4898,	4895,	4872,	4891,	4714,	4733,	4690,	4727,	4716,	4665,	4692,	4695,	4718,	4699,	3392,	3373,	4616,	3379,	3390,	4641,	4614,	4611,	3388,	3407,	3410,	3791,	3434,	3797,	3808,	3459,	3432,	3429,	3806,	3425,	3532,	3551,	3508,	3545,	3534,	3483,	3510,	3513,	3536,	3517,	
5319,	5346,	5293,	5344,	5317,	5280,	5291,	5310,	5315,	5312,	5391,	5364,	5017,	5366,	5393,	5030,	5019,	5000,	5395,	5398,	4973,	4946,	6199,	4948,	4975,	6212,	6201,	4982,	4977,	4980,	4901,	4928,	4875,	4926,	4899,	4862,	4873,	4892,	4897,	4894,	4689,	4662,	4715,	4664,	4691,	4728,	4717,	4698,	4693,	4696,	4617,	4644,	3391,	4642,	4615,	3378,	3389,	3408,	4613,	4610,	3435,	3462,	3809,	3460,	3433,	3796,	3807,	3426,	3431,	3428,	3507,	3480,	3533,	3482,	3509,	3546,	3535,	3516,	3511,	3514,	
5740,	5693,	5708,	5705,	5742,	5695,	5678,	5703,	5744,	5747,	5436,	5789,	5404,	5401,	5438,	5791,	5774,	5399,	5440,	5443,	6152,	5799,	6184,	6187,	6150,	6197,	5814,	6189,	6148,	6145,	6056,	6103,	6088,	6091,	6054,	6101,	6118,	6093,	6052,	6049,	4268,	4315,	4300,	4303,	4266,	4313,	4330,	4305,	4264,	4261,	4572,	4219,	4604,	4607,	4570,	4217,	4234,	4609,	4568,	4565,	3856,	4209,	3824,	3821,	3858,	3811,	4194,	3819,	3860,	3863,	3952,	3905,	3920,	3917,	3954,	3907,	3890,	3915,	3956,	3959,	
5707,	5710,	5741,	5694,	5677,	5704,	5743,	5746,	5727,	5702,	5403,	5406,	5437,	5790,	5773,	5400,	5439,	5442,	5423,	5798,	6185,	6182,	6151,	6198,	5815,	6188,	6149,	6146,	6165,	6190,	6089,	6086,	6055,	6102,	6119,	6092,	6053,	6050,	6069,	6094,	4301,	4298,	4267,	4314,	4331,	4304,	4265,	4262,	4281,	4306,	4605,	4602,	4571,	4218,	4235,	4608,	4569,	4566,	4585,	4210,	3823,	3826,	3857,	3810,	4193,	3820,	3859,	3862,	3843,	3818,	3919,	3922,	3953,	3906,	3889,	3916,	3955,	3958,	3939,	3914,	
5692,	5739,	5706,	5709,	5696,	5665,	5674,	5679,	5748,	5745,	5788,	5435,	5402,	5405,	5792,	5761,	5770,	5775,	5444,	5441,	5800,	6153,	6186,	6183,	6196,	5827,	5818,	5813,	6144,	6147,	6104,	6057,	6090,	6087,	6100,	6131,	6122,	6117,	6048,	6051,	4316,	4269,	4302,	4299,	4312,	4343,	4334,	4329,	4260,	4263,	4220,	4573,	4606,	4603,	4216,	4247,	4238,	4233,	4564,	4567,	4208,	3855,	3822,	3825,	3812,	4181,	4190,	4195,	3864,	3861,	3904,	3951,	3918,	3921,	3908,	3877,	3886,	3891,	3960,	3957,	
5711,	5714,	5691,	5666,	5681,	5676,	5697,	5726,	5701,	5728,	5407,	5410,	5787,	5762,	5777,	5772,	5793,	5422,	5797,	5424,	6181,	6178,	5801,	5826,	5811,	5816,	6195,	6166,	6191,	6164,	6085,	6082,	6105,	6130,	6115,	6120,	6099,	6070,	6095,	6068,	4297,	4294,	4317,	4342,	4327,	4332,	4311,	4282,	4307,	4280,	4601,	4598,	4221,	4246,	4231,	4236,	4215,	4586,	4211,	4584,	3827,	3830,	4207,	4182,	4197,	4192,	3813,	3842,	3817,	3844,	3923,	3926,	3903,	3878,	3893,	3888,	3909,	3938,	3913,	3940,	
5738,	5669,	5712,	5683,	5664,	5673,	5680,	5675,	5698,	5749,	5434,	5765,	5408,	5779,	5760,	5769,	5776,	5771,	5794,	5445,	6154,	5823,	6180,	5809,	5828,	5819,	5812,	5817,	6194,	6143,	6058,	6127,	6084,	6113,	6132,	6123,	6116,	6121,	6098,	6047,	4270,	4339,	4296,	4325,	4344,	4335,	4328,	4333,	4310,	4259,	4574,	4243,	4600,	4229,	4248,	4239,	4232,	4237,	4214,	4563,	3854,	4185,	3828,	4199,	4180,	4189,	4196,	4191,	3814,	3865,	3950,	3881,	3924,	3895,	3876,	3885,	3892,	3887,	3910,	3961,	
5713,	5690,	5715,	5670,	5667,	5682,	5725,	5720,	5729,	5700,	5409,	5786,	5411,	5766,	5763,	5778,	5421,	5416,	5425,	5796,	6179,	5802,	6177,	5822,	5825,	5810,	6167,	6172,	6163,	6192,	6083,	6106,	6081,	6126,	6129,	6114,	6071,	6076,	6067,	6096,	4295,	4318,	4293,	4338,	4341,	4326,	4283,	4288,	4279,	4308,	4599,	4222,	4597,	4242,	4245,	4230,	4587,	4592,	4583,	4212,	3829,	4206,	3831,	4186,	4183,	4198,	3841,	3836,	3845,	3816,	3925,	3902,	3927,	3882,	3879,	3894,	3937,	3932,	3941,	3912,	
5716,	5737,	5668,	5663,	5684,	5719,	5672,	5699,	5750,	5731,	5412,	5433,	5764,	5759,	5780,	5415,	5768,	5795,	5446,	5427,	6176,	6155,	5824,	5829,	5808,	6173,	5820,	6193,	6142,	6161,	6080,	6059,	6128,	6133,	6112,	6077,	6124,	6097,	6046,	6065,	4292,	4271,	4340,	4345,	4324,	4289,	4336,	4309,	4258,	4277,	4596,	4575,	4244,	4249,	4228,	4593,	4240,	4213,	4562,	4581,	3832,	3853,	4184,	4179,	4200,	3835,	4188,	3815,	3866,	3847,	3928,	3949,	3880,	3875,	3896,	3931,	3884,	3911,	3962,	3943,	
5689,	5662,	5687,	5718,	5671,	5724,	5721,	5730,	5753,	5756,	5785,	5758,	5783,	5414,	5767,	5420,	5417,	5426,	5449,	5452,	5803,	5830,	5805,	6174,	5821,	6168,	6171,	6162,	6139,	6136,	6107,	6134,	6109,	6078,	6125,	6072,	6075,	6066,	6043,	6040,	4319,	4346,	4321,	4290,	4337,	4284,	4287,	4278,	4255,	4252,	4223,	4250,	4225,	4594,	4241,	4588,	4591,	4582,	4559,	4556,	4205,	4178,	4203,	3834,	4187,	3840,	3837,	3846,	3869,	3872,	3901,	3874,	3899,	3930,	3883,	3936,	3933,	3942,	3965,	3968,	
5736,	5717,	5660,	5723,	5734,	5685,	5658,	5755,	5732,	5751,	5432,	5413,	5456,	5419,	5430,	5781,	5454,	5451,	5428,	5447,	6156,	6175,	5832,	6169,	6158,	5807,	5834,	6137,	6160,	6141,	6060,	6079,	6036,	6073,	6062,	6111,	6038,	6041,	6064,	6045,	4272,	4291,	4348,	4285,	4274,	4323,	4350,	4253,	4276,	4257,	4576,	4595,	4552,	4589,	4578,	4227,	4554,	4557,	4580,	4561,	3852,	3833,	4176,	3839,	3850,	4201,	4174,	3871,	3848,	3867,	3948,	3929,	3972,	3935,	3946,	3897,	3970,	3967,	3944,	3963,	
5661,	5688,	5735,	5686,	5659,	5722,	5733,	5752,	5657,	5754,	5757,	5784,	5431,	5782,	5455,	5418,	5429,	5448,	5453,	5450,	5831,	5804,	6157,	5806,	5833,	6170,	6159,	6140,	5835,	6138,	6135,	6108,	6061,	6110,	6037,	6074,	6063,	6044,	6039,	6042,	4347,	4320,	4273,	4322,	4349,	4286,	4275,	4256,	4351,	4254,	4251,	4224,	4577,	4226,	4553,	4590,	4579,	4560,	4555,	4558,	4177,	4204,	3851,	4202,	4175,	3838,	3849,	3868,	4173,	3870,	3873,	3900,	3947,	3898,	3971,	3934,	3945,	3964,	3969,	3966,	
5618,	5565,	5650,	5653,	5616,	5563,	5580,	5655,	5614,	5611,	5504,	5457,	5472,	5469,	5506,	5459,	5542,	5467,	5508,	5511,	5874,	5927,	5842,	5839,	5876,	5929,	5912,	5837,	5878,	5881,	5988,	6035,	6020,	6023,	5986,	6033,	5950,	6025,	5984,	5981,	4390,	4443,	4358,	4355,	4392,	4445,	4428,	4353,	4394,	4397,	4504,	4551,	4536,	4539,	4502,	4549,	4466,	4541,	4500,	4497,	4134,	4081,	4166,	4169,	4132,	4079,	4096,	4171,	4130,	4127,	4020,	3973,	3988,	3985,	4022,	3975,	4058,	3983,	4024,	4027,	
5651,	5648,	5617,	5564,	5581,	5654,	5615,	5612,	5631,	5656,	5471,	5474,	5505,	5458,	5541,	5468,	5507,	5510,	5491,	5466,	5841,	5844,	5875,	5928,	5911,	5838,	5877,	5880,	5861,	5836,	6021,	6018,	5987,	6034,	5951,	6024,	5985,	5982,	6001,	6026,	4357,	4360,	4391,	4444,	4427,	4354,	4393,	4396,	4377,	4352,	4537,	4534,	4503,	4550,	4467,	4540,	4501,	4498,	4517,	4542,	4167,	4164,	4133,	4080,	4097,	4170,	4131,	4128,	4147,	4172,	3987,	3990,	4021,	3974,	4057,	3984,	4023,	4026,	4007,	3982,	
5566,	5619,	5652,	5649,	5562,	5593,	5584,	5579,	5610,	5613,	5556,	5503,	5470,	5473,	5460,	5529,	5538,	5543,	5512,	5509,	5926,	5873,	5840,	5843,	5930,	5899,	5908,	5913,	5882,	5879,	5936,	5989,	6022,	6019,	6032,	5963,	5954,	5949,	5980,	5983,	4442,	4389,	4356,	4359,	4446,	4415,	4424,	4429,	4398,	4395,	4452,	4505,	4538,	4535,	4548,	4479,	4470,	4465,	4496,	4499,	4082,	4135,	4168,	4165,	4078,	4109,	4100,	4095,	4126,	4129,	4072,	4019,	3986,	3989,	3976,	4045,	4054,	4059,	4028,	4025,	
5647,	5644,	5567,	5592,	5577,	5582,	5561,	5632,	5557,	5630,	5475,	5478,	5555,	5530,	5545,	5540,	5461,	5490,	5465,	5492,	5845,	5848,	5925,	5900,	5915,	5910,	5931,	5860,	5935,	5862,	6017,	6014,	5937,	5962,	5947,	5952,	6031,	6002,	6027,	6000,	4361,	4364,	4441,	4416,	4431,	4426,	4447,	4376,	4451,	4378,	4533,	4530,	4453,	4478,	4463,	4468,	4547,	4518,	4543,	4516,	4163,	4160,	4083,	4108,	4093,	4098,	4077,	4148,	4073,	4146,	3991,	3994,	4071,	4046,	4061,	4056,	3977,	4006,	3981,	4008,	
5620,	5589,	5646,	5575,	5594,	5585,	5578,	5583,	5560,	5609,	5502,	5533,	5476,	5547,	5528,	5537,	5544,	5539,	5462,	5513,	5872,	5903,	5846,	5917,	5898,	5907,	5914,	5909,	5932,	5883,	5990,	5959,	6016,	5945,	5964,	5955,	5948,	5953,	6030,	5979,	4388,	4419,	4362,	4433,	4414,	4423,	4430,	4425,	4448,	4399,	4506,	4475,	4532,	4461,	4480,	4471,	4464,	4469,	4546,	4495,	4136,	4105,	4162,	4091,	4110,	4101,	4094,	4099,	4076,	4125,	4018,	4049,	3992,	4063,	4044,	4053,	4060,	4055,	3978,	4029,	
5645,	5568,	5643,	5588,	5591,	5576,	5633,	5638,	5629,	5558,	5477,	5554,	5479,	5534,	5531,	5546,	5489,	5484,	5493,	5464,	5847,	5924,	5849,	5904,	5901,	5916,	5859,	5854,	5863,	5934,	6015,	5938,	6013,	5958,	5961,	5946,	6003,	6008,	5999,	6028,	4363,	4440,	4365,	4420,	4417,	4432,	4375,	4370,	4379,	4450,	4531,	4454,	4529,	4474,	4477,	4462,	4519,	4524,	4515,	4544,	4161,	4084,	4159,	4104,	4107,	4092,	4149,	4154,	4145,	4074,	3993,	4070,	3995,	4050,	4047,	4062,	4005,	4000,	4009,	3980,	
5642,	5621,	5590,	5595,	5574,	5639,	5586,	5559,	5608,	5627,	5480,	5501,	5532,	5527,	5548,	5483,	5536,	5463,	5514,	5495,	5850,	5871,	5902,	5897,	5918,	5853,	5906,	5933,	5884,	5865,	6012,	5991,	5960,	5965,	5944,	6009,	5956,	6029,	5978,	5997,	4366,	4387,	4418,	4413,	4434,	4369,	4422,	4449,	4400,	4381,	4528,	4507,	4476,	4481,	4460,	4525,	4472,	4545,	4494,	4513,	4158,	4137,	4106,	4111,	4090,	4155,	4102,	4075,	4124,	4143,	3996,	4017,	4048,	4043,	4064,	3999,	4052,	3979,	4030,	4011,	
5569,	5596,	5571,	5640,	5587,	5634,	5637,	5628,	5605,	5602,	5553,	5526,	5551,	5482,	5535,	5488,	5485,	5494,	5517,	5520,	5923,	5896,	5921,	5852,	5905,	5858,	5855,	5864,	5887,	5890,	5939,	5966,	5941,	6010,	5957,	6004,	6007,	5998,	5975,	5972,	4439,	4412,	4437,	4368,	4421,	4374,	4371,	4380,	4403,	4406,	4455,	4482,	4457,	4526,	4473,	4520,	4523,	4514,	4491,	4488,	4085,	4112,	4087,	4156,	4103,	4150,	4153,	4144,	4121,	4118,	4069,	4042,	4067,	3998,	4051,	4004,	4001,	4010,	4033,	4036,	
5622,	5641,	5598,	5635,	5624,	5573,	5600,	5603,	5626,	5607,	5500,	5481,	5524,	5487,	5498,	5549,	5522,	5519,	5496,	5515,	5870,	5851,	5894,	5857,	5868,	5919,	5892,	5889,	5866,	5885,	5992,	6011,	5968,	6005,	5994,	5943,	5970,	5973,	5996,	5977,	4386,	4367,	4410,	4373,	4384,	4435,	4408,	4405,	4382,	4401,	4508,	4527,	4484,	4521,	4510,	4459,	4486,	4489,	4512,	4493,	4138,	4157,	4114,	4151,	4140,	4089,	4116,	4119,	4142,	4123,	4016,	3997,	4040,	4003,	4014,	4065,	4038,	4035,	4012,	4031,	
5597,	5570,	5623,	5572,	5599,	5636,	5625,	5606,	5601,	5604,	5525,	5552,	5499,	5550,	5523,	5486,	5497,	5516,	5521,	5518,	5895,	5922,	5869,	5920,	5893,	5856,	5867,	5886,	5891,	5888,	5967,	5940,	5993,	5942,	5969,	6006,	5995,	5976,	5971,	5974,	4411,	4438,	4385,	4436,	4409,	4372,	4383,	4402,	4407,	4404,	4483,	4456,	4509,	4458,	4485,	4522,	4511,	4492,	4487,	4490,	4113,	4086,	4139,	4088,	4115,	4152,	4141,	4122,	4117,	4120,	4041,	4068,	4015,	4066,	4039,	4002,	4013,	4032,	4037,	4034,	
