798,	751,	766,	763,	800,	753,	736,	761,	802,	805,	894,	847,	862,	859,	896,	849,	832,	857,	898,	901,	1258,	1305,	1290,	1293,	1256,	1303,	1320,	1295,	1254,	1251,	1162,	1209,	1194,	1197,	1160,	1207,	1224,	1199,	1158,	1155,	2856,	2903,	2888,	2891,	2854,	2901,	2918,	2893,	2852,	2849,	2760,	2807,	2792,	2795,	2758,	2805,	2822,	2797,	2756,	2753,	2356,	2309,	2324,	2321,	2358,	2311,	2294,	2319,	2360,	2363,	2374,	2377,	2372,	2473,	2438,	2379,	2442,	2475,	2444,	2381,	2448,	2477,	
765,	768,	799,	752,	735,	762,	801,	804,	785,	760,	861,	864,	895,	848,	831,	858,	897,	900,	881,	856,	1291,	1288,	1257,	1304,	1321,	1294,	1255,	1252,	1271,	1296,	1195,	1192,	1161,	1208,	1225,	1198,	1159,	1156,	1175,	1200,	2889,	2886,	2855,	2902,	2919,	2892,	2853,	2850,	2869,	2894,	2793,	2790,	2759,	2806,	2823,	2796,	2757,	2754,	2773,	2798,	2323,	2326,	2357,	2310,	2293,	2320,	2359,	2362,	2343,	2318,	2371,	2472,	2375,	2378,	2441,	2474,	2415,	2380,	2401,	2476,	2445,	2382,	
750,	797,	764,	767,	754,	723,	732,	737,	806,	803,	846,	893,	860,	863,	850,	819,	828,	833,	902,	899,	1306,	1259,	1292,	1289,	1302,	1333,	1324,	1319,	1250,	1253,	1210,	1163,	1196,	1193,	1206,	1237,	1228,	1223,	1154,	1157,	2904,	2857,	2890,	2887,	2900,	2931,	2922,	2917,	2848,	2851,	2808,	2761,	2794,	2791,	2804,	2835,	2826,	2821,	2752,	2755,	2308,	2355,	2322,	2325,	2312,	2281,	2290,	2295,	2364,	2361,	2376,	2373,	2470,	2437,	2414,	2439,	2398,	2443,	2412,	2447,	2478,	2449,	
769,	772,	749,	724,	739,	734,	755,	784,	759,	786,	865,	868,	845,	820,	835,	830,	851,	880,	855,	882,	1287,	1284,	1307,	1332,	1317,	1322,	1301,	1272,	1297,	1270,	1191,	1188,	1211,	1236,	1221,	1226,	1205,	1176,	1201,	1174,	2885,	2882,	2905,	2930,	2915,	2920,	2899,	2870,	2895,	2868,	2789,	2786,	2809,	2834,	2819,	2824,	2803,	2774,	2799,	2772,	2327,	2330,	2307,	2282,	2297,	2292,	2313,	2342,	2317,	2344,	2471,	2370,	2421,	2440,	2435,	2416,	2413,	2400,	2433,	2402,	2383,	2446,	
796,	727,	770,	741,	722,	731,	738,	733,	756,	807,	892,	823,	866,	837,	818,	827,	834,	829,	852,	903,	1260,	1329,	1286,	1315,	1334,	1325,	1318,	1323,	1300,	1249,	1164,	1233,	1190,	1219,	1238,	1229,	1222,	1227,	1204,	1153,	2858,	2927,	2884,	2913,	2932,	2923,	2916,	2921,	2898,	2847,	2762,	2831,	2788,	2817,	2836,	2827,	2820,	2825,	2802,	2751,	2354,	2285,	2328,	2299,	2280,	2289,	2296,	2291,	2314,	2365,	2466,	2469,	2436,	2417,	2420,	2399,	2434,	2397,	2406,	2411,	2450,	2479,	
771,	748,	773,	728,	725,	740,	783,	778,	787,	758,	867,	844,	869,	824,	821,	836,	879,	874,	883,	854,	1285,	1308,	1283,	1328,	1331,	1316,	1273,	1278,	1269,	1298,	1189,	1212,	1187,	1232,	1235,	1220,	1177,	1182,	1173,	1202,	2883,	2906,	2881,	2926,	2929,	2914,	2871,	2876,	2867,	2896,	2787,	2810,	2785,	2830,	2833,	2818,	2775,	2780,	2771,	2800,	2329,	2306,	2331,	2286,	2283,	2298,	2341,	2336,	2345,	2316,	2369,	2424,	2467,	2422,	2393,	2396,	2419,	2410,	2403,	2432,	2407,	2384,	
774,	795,	726,	721,	742,	777,	730,	757,	808,	789,	870,	891,	822,	817,	838,	873,	826,	853,	904,	885,	1282,	1261,	1330,	1335,	1314,	1279,	1326,	1299,	1248,	1267,	1186,	1165,	1234,	1239,	1218,	1183,	1230,	1203,	1152,	1171,	2880,	2859,	2928,	2933,	2912,	2877,	2924,	2897,	2846,	2865,	2784,	2763,	2832,	2837,	2816,	2781,	2828,	2801,	2750,	2769,	2332,	2353,	2284,	2279,	2300,	2335,	2288,	2315,	2366,	2347,	2468,	2465,	2368,	2425,	2418,	2427,	2394,	2405,	2408,	2453,	2480,	2451,	
747,	720,	745,	776,	729,	782,	779,	788,	811,	814,	843,	816,	841,	872,	825,	878,	875,	884,	907,	910,	1309,	1336,	1311,	1280,	1327,	1274,	1277,	1268,	1245,	1242,	1213,	1240,	1215,	1184,	1231,	1178,	1181,	1172,	1149,	1146,	2907,	2934,	2909,	2878,	2925,	2872,	2875,	2866,	2843,	2840,	2811,	2838,	2813,	2782,	2829,	2776,	2779,	2770,	2747,	2744,	2305,	2278,	2303,	2334,	2287,	2340,	2337,	2346,	2269,	2272,	2367,	2462,	2423,	2392,	2395,	2458,	2409,	2428,	2431,	2404,	2385,	2454,	
794,	775,	718,	781,	792,	743,	716,	813,	790,	809,	890,	871,	914,	877,	888,	839,	912,	909,	886,	905,	1262,	1281,	1338,	1275,	1264,	1313,	1340,	1243,	1266,	1247,	1166,	1185,	1142,	1179,	1168,	1217,	1144,	1147,	1170,	1151,	2860,	2879,	2936,	2873,	2862,	2911,	2938,	2841,	2864,	2845,	2764,	2783,	2740,	2777,	2766,	2815,	2742,	2745,	2768,	2749,	2352,	2333,	2276,	2339,	2350,	2301,	2274,	2271,	2348,	2267,	2464,	2391,	2460,	2485,	2426,	2389,	2430,	2483,	2456,	2387,	2452,	2481,	
719,	746,	793,	744,	717,	780,	791,	810,	715,	812,	815,	842,	889,	840,	913,	876,	887,	906,	911,	908,	1337,	1310,	1263,	1312,	1339,	1276,	1265,	1246,	1341,	1244,	1241,	1214,	1167,	1216,	1143,	1180,	1169,	1150,	1145,	1148,	2935,	2908,	2861,	2910,	2937,	2874,	2863,	2844,	2939,	2842,	2839,	2812,	2765,	2814,	2741,	2778,	2767,	2748,	2743,	2746,	2277,	2304,	2351,	2302,	2275,	2338,	2349,	2268,	2273,	2270,	2461,	2486,	2463,	2390,	2459,	2484,	2457,	2388,	2429,	2482,	2455,	2386,	
676,	623,	708,	711,	674,	621,	638,	713,	672,	669,	962,	915,	930,	927,	964,	917,	600,	925,	966,	969,	980,	1033,	1348,	1345,	982,	1035,	1018,	1343,	984,	987,	1094,	1141,	1126,	1129,	1092,	1139,	1056,	1131,	1090,	1087,	2978,	3031,	2946,	2943,	2980,	3033,	3016,	2941,	2982,	2985,	2692,	2739,	2724,	2727,	2690,	2737,	3054,	2729,	2688,	2685,	2262,	2655,	2670,	2667,	2264,	2657,	2640,	2665,	2266,	2609,	2508,	2511,	2506,	2487,	2572,	2513,	2576,	2489,	2578,	2515,	2582,	2491,	
709,	706,	675,	622,	639,	712,	673,	670,	689,	714,	929,	932,	963,	916,	599,	926,	965,	968,	949,	924,	1347,	1350,	981,	1034,	1017,	1344,	983,	986,	1367,	1342,	1127,	1124,	1093,	1140,	1057,	1130,	1091,	1088,	1107,	1132,	2945,	2948,	2979,	3032,	3015,	2942,	2981,	2984,	2965,	2940,	2725,	2722,	2691,	2738,	3055,	2728,	2689,	2686,	2705,	2730,	2669,	2672,	2263,	2656,	2639,	2666,	2265,	2608,	2249,	2664,	2505,	2606,	2509,	2512,	2575,	2488,	2549,	2514,	2535,	2490,	2579,	2516,	
624,	677,	710,	707,	620,	651,	642,	637,	668,	671,	614,	961,	928,	931,	918,	587,	596,	601,	970,	967,	1032,	979,	1346,	1349,	1036,	1005,	1014,	1019,	988,	985,	1042,	1095,	1128,	1125,	1138,	1069,	1060,	1055,	1086,	1089,	3030,	2977,	2944,	2947,	3034,	3003,	3012,	3017,	2986,	2983,	3040,	2693,	2726,	2723,	2736,	3067,	3058,	3053,	2684,	2687,	2654,	2261,	2668,	2671,	2658,	2627,	2636,	2641,	2610,	2607,	2510,	2507,	2604,	2571,	2548,	2573,	2532,	2577,	2546,	2581,	2492,	2583,	
705,	702,	625,	650,	635,	640,	619,	690,	615,	688,	933,	936,	613,	588,	603,	598,	919,	948,	923,	950,	1351,	1354,	1031,	1006,	1021,	1016,	1037,	1366,	1041,	1368,	1123,	1120,	1043,	1068,	1053,	1058,	1137,	1108,	1133,	1106,	2949,	2952,	3029,	3004,	3019,	3014,	3035,	2964,	3039,	2966,	2721,	2718,	3041,	3066,	3051,	3056,	2735,	2706,	2731,	2704,	2673,	2676,	2653,	2628,	2643,	2638,	2659,	2248,	2663,	2250,	2605,	2504,	2555,	2574,	2569,	2550,	2547,	2534,	2567,	2536,	2517,	2580,	
678,	647,	704,	633,	652,	643,	636,	641,	618,	667,	960,	591,	934,	605,	586,	595,	602,	597,	920,	971,	978,	1009,	1352,	1023,	1004,	1013,	1020,	1015,	1038,	989,	1096,	1065,	1122,	1051,	1070,	1061,	1054,	1059,	1136,	1085,	2976,	3007,	2950,	3021,	3002,	3011,	3018,	3013,	3036,	2987,	2694,	3063,	2720,	3049,	3068,	3059,	3052,	3057,	2734,	2683,	2260,	2631,	2674,	2645,	2626,	2635,	2642,	2637,	2660,	2611,	2600,	2603,	2570,	2551,	2554,	2533,	2568,	2531,	2540,	2545,	2584,	2493,	
703,	626,	701,	646,	649,	634,	691,	696,	687,	616,	935,	612,	937,	592,	589,	604,	947,	942,	951,	922,	1353,	1030,	1355,	1010,	1007,	1022,	1365,	1360,	1369,	1040,	1121,	1044,	1119,	1064,	1067,	1052,	1109,	1114,	1105,	1134,	2951,	3028,	2953,	3008,	3005,	3020,	2963,	2958,	2967,	3038,	2719,	3042,	2717,	3062,	3065,	3050,	2707,	2712,	2703,	2732,	2675,	2652,	2677,	2632,	2629,	2644,	2247,	2242,	2251,	2662,	2503,	2558,	2601,	2556,	2527,	2530,	2553,	2544,	2537,	2566,	2541,	2518,	
700,	679,	648,	653,	632,	697,	644,	617,	666,	685,	938,	959,	590,	585,	606,	941,	594,	921,	972,	953,	1356,	977,	1008,	1003,	1024,	1359,	1012,	1039,	990,	1371,	1118,	1097,	1066,	1071,	1050,	1115,	1062,	1135,	1084,	1103,	2954,	2975,	3006,	3001,	3022,	2957,	3010,	3037,	2988,	2969,	2716,	2695,	3064,	3069,	3048,	2713,	3060,	2733,	2682,	2701,	2678,	2259,	2630,	2625,	2646,	2241,	2634,	2661,	2612,	2253,	2602,	2599,	2502,	2559,	2552,	2561,	2528,	2539,	2542,	2587,	2494,	2585,	
627,	654,	629,	698,	645,	692,	695,	686,	663,	660,	611,	584,	609,	940,	593,	946,	943,	952,	975,	578,	1029,	1002,	1027,	1358,	1011,	1364,	1361,	1370,	993,	996,	1045,	1072,	1047,	1116,	1063,	1110,	1113,	1104,	1081,	1078,	3027,	3000,	3025,	2956,	3009,	2962,	2959,	2968,	2991,	2994,	3043,	3070,	3045,	2714,	3061,	2708,	2711,	2702,	2679,	3076,	2651,	2624,	2649,	2240,	2633,	2246,	2243,	2252,	2615,	2618,	2501,	2596,	2557,	2526,	2529,	2592,	2543,	2562,	2565,	2538,	2519,	2588,	
680,	699,	656,	693,	682,	631,	658,	661,	684,	665,	958,	939,	582,	945,	956,	607,	580,	577,	954,	973,	976,	1357,	1000,	1363,	1374,	1025,	998,	995,	1372,	991,	1098,	1117,	1074,	1111,	1100,	1049,	1076,	1079,	1102,	1083,	2974,	2955,	2998,	2961,	2972,	3023,	2996,	2993,	2970,	2989,	2696,	2715,	3072,	2709,	2698,	3047,	3074,	3077,	2700,	2681,	2258,	2239,	2622,	2245,	2256,	2647,	2620,	2617,	2254,	2613,	2598,	2525,	2594,	2499,	2560,	2523,	2564,	2497,	2590,	2521,	2586,	2495,	
655,	628,	681,	630,	657,	694,	683,	664,	659,	662,	583,	610,	957,	608,	581,	944,	955,	974,	579,	576,	1001,	1028,	1375,	1026,	999,	1362,	1373,	992,	997,	994,	1073,	1046,	1099,	1048,	1075,	1112,	1101,	1082,	1077,	1080,	2999,	3026,	2973,	3024,	2997,	2960,	2971,	2990,	2995,	2992,	3071,	3044,	2697,	3046,	3073,	2710,	2699,	2680,	3075,	3078,	2623,	2650,	2257,	2648,	2621,	2244,	2255,	2614,	2619,	2616,	2595,	2500,	2597,	2524,	2593,	2498,	2591,	2522,	2563,	2496,	2589,	2520,	
234,	281,	266,	269,	232,	279,	296,	271,	230,	227,	538,	185,	570,	573,	536,	183,	200,	575,	534,	531,	1422,	175,	1390,	1387,	1424,	1377,	160,	1385,	1426,	1429,	1518,	1471,	1486,	1483,	1520,	1473,	1456,	1481,	1522,	1525,	3162,	3209,	3194,	3197,	3160,	3207,	3224,	3199,	3158,	3155,	1786,	3113,	3098,	3101,	1784,	3111,	3128,	3103,	1782,	1779,	2206,	1813,	2238,	1801,	2204,	1811,	1828,	1803,	2202,	2199,	2188,	2185,	2190,	2089,	2124,	2183,	2120,	2087,	2118,	2181,	2114,	2085,	
267,	264,	233,	280,	297,	270,	231,	228,	247,	272,	571,	568,	537,	184,	201,	574,	535,	532,	551,	176,	1389,	1392,	1423,	1376,	159,	1386,	1425,	1428,	1409,	1384,	1485,	1488,	1519,	1472,	1455,	1482,	1521,	1524,	1505,	1480,	3195,	3192,	3161,	3208,	3225,	3198,	3159,	3156,	3175,	3200,	3099,	3096,	1785,	3112,	3129,	3102,	1783,	1780,	3079,	3104,	1799,	2236,	2205,	1812,	1829,	1802,	2203,	2200,	2219,	1804,	2191,	2090,	2187,	2184,	2121,	2088,	2147,	2182,	2161,	2086,	2117,	2180,	
282,	235,	268,	265,	278,	309,	300,	295,	226,	229,	186,	539,	572,	569,	182,	213,	204,	199,	530,	533,	174,	1421,	1388,	1391,	1378,	147,	156,	161,	1430,	1427,	1470,	1517,	1484,	1487,	1474,	1443,	1452,	1457,	1526,	1523,	3210,	3163,	3196,	3193,	3206,	3237,	3228,	3223,	3154,	3157,	3114,	1787,	3100,	3097,	3110,	3141,	3132,	3127,	1778,	1781,	1814,	2207,	1800,	2237,	1810,	1841,	1832,	1827,	2198,	2201,	2186,	2189,	2092,	2125,	2148,	2123,	2164,	2119,	2150,	2115,	2084,	2113,	
263,	260,	283,	308,	293,	298,	277,	248,	273,	246,	567,	564,	187,	212,	197,	202,	181,	552,	177,	550,	1393,	1396,	173,	148,	163,	158,	1379,	1408,	1383,	1410,	1489,	1492,	1469,	1444,	1459,	1454,	1475,	1504,	1479,	1506,	3191,	3188,	3211,	3236,	3221,	3226,	3205,	3176,	3201,	3174,	3095,	3092,	3115,	3140,	3125,	3130,	3109,	3080,	3105,	1798,	2235,	2232,	1815,	1840,	1825,	1830,	1809,	2220,	1805,	2218,	2091,	2192,	2141,	2122,	2127,	2146,	2149,	2162,	2129,	2160,	2179,	2116,	
236,	305,	262,	291,	310,	301,	294,	299,	276,	225,	540,	209,	566,	195,	214,	205,	198,	203,	180,	529,	1420,	151,	1394,	165,	146,	155,	162,	157,	1380,	1431,	1516,	1447,	1490,	1461,	1442,	1451,	1458,	1453,	1476,	1527,	3164,	3233,	3190,	3219,	3238,	3229,	3222,	3227,	3204,	3153,	1788,	3137,	3094,	3123,	3142,	3133,	3126,	3131,	3108,	1777,	2208,	1837,	2234,	1823,	1842,	1833,	1826,	1831,	1808,	2197,	2096,	2093,	2126,	2145,	2142,	2163,	2128,	2165,	2156,	2151,	2112,	2083,	
261,	284,	259,	304,	307,	292,	249,	254,	245,	274,	565,	188,	563,	208,	211,	196,	553,	558,	549,	178,	1395,	172,	1397,	152,	149,	164,	1407,	1402,	1411,	1382,	1491,	1468,	1493,	1448,	1445,	1460,	1503,	1498,	1507,	1478,	3189,	3212,	3187,	3232,	3235,	3220,	3177,	3182,	3173,	3202,	3093,	3116,	3091,	3136,	3139,	3124,	3081,	3086,	1797,	3106,	2233,	1816,	2231,	1836,	1839,	1824,	2221,	2226,	2217,	1806,	2193,	2138,	2095,	2140,	2169,	2166,	2143,	2152,	2159,	2130,	2155,	2178,	
258,	237,	306,	311,	290,	255,	302,	275,	224,	243,	562,	541,	210,	215,	194,	559,	206,	179,	528,	547,	1398,	1419,	150,	145,	166,	1401,	154,	1381,	1432,	1413,	1494,	1515,	1446,	1441,	1462,	1497,	1450,	1477,	1528,	1509,	3186,	3165,	3234,	3239,	3218,	3183,	3230,	3203,	3152,	3171,	3090,	1789,	3138,	3143,	3122,	3087,	3134,	3107,	1776,	1795,	2230,	2209,	1838,	1843,	1822,	2227,	1834,	1807,	2196,	2215,	2094,	2097,	2194,	2137,	2144,	2135,	2168,	2157,	2154,	2109,	2082,	2111,	
285,	312,	287,	256,	303,	250,	253,	244,	221,	218,	189,	216,	191,	560,	207,	554,	557,	548,	525,	522,	171,	144,	169,	1400,	153,	1406,	1403,	1412,	1435,	1438,	1467,	1440,	1465,	1496,	1449,	1502,	1499,	1508,	1531,	1534,	3213,	3240,	3215,	3184,	3231,	3178,	3181,	3172,	3149,	3146,	3117,	3144,	3119,	3088,	3135,	3082,	3085,	1796,	1773,	1770,	1817,	1844,	1819,	2228,	1835,	2222,	2225,	2216,	1853,	1850,	2195,	2100,	2139,	2170,	2167,	2104,	2153,	2134,	2131,	2158,	2177,	2108,	
238,	257,	314,	251,	240,	289,	316,	219,	242,	223,	542,	561,	518,	555,	544,	193,	520,	523,	546,	527,	1418,	1399,	142,	1405,	1416,	167,	140,	1437,	1414,	1433,	1514,	1495,	1538,	1501,	1512,	1463,	1536,	1533,	1510,	1529,	3166,	3185,	3242,	3179,	3168,	3217,	3244,	3147,	3170,	3151,	1790,	3089,	1766,	3083,	1792,	3121,	1768,	1771,	1794,	1775,	2210,	2229,	1846,	2223,	2212,	1821,	1848,	1851,	2214,	1855,	2098,	2171,	2102,	2077,	2136,	2173,	2132,	2079,	2106,	2175,	2110,	2081,	
313,	286,	239,	288,	315,	252,	241,	222,	317,	220,	217,	190,	543,	192,	519,	556,	545,	526,	521,	524,	143,	170,	1417,	168,	141,	1404,	1415,	1434,	139,	1436,	1439,	1466,	1513,	1464,	1537,	1500,	1511,	1530,	1535,	1532,	3241,	3214,	3167,	3216,	3243,	3180,	3169,	3150,	3245,	3148,	3145,	3118,	1791,	3120,	1767,	3084,	1793,	1774,	1769,	1772,	1845,	1818,	2211,	1820,	1847,	2224,	2213,	1854,	1849,	1852,	2101,	2076,	2099,	2172,	2103,	2078,	2105,	2174,	2133,	2080,	2107,	2176,	
356,	409,	324,	321,	358,	411,	394,	319,	360,	363,	470,	517,	502,	505,	468,	515,	432,	507,	466,	463,	100,	47,		132,	135,	98,		45,		62,		137,	96,		93,		1586,	1539,	1554,	1551,	1588,	1541,	24,		1549,	1590,	1593,	1604,	1657,	3252,	3249,	1606,	1659,	1642,	3247,	1608,	1611,	1718,	1765,	1750,	1753,	1716,	1763,	1680,	1755,	1714,	1711,	1860,	1907,	1892,	1895,	1858,	1905,	1922,	1897,	1856,	1953,	2054,	2051,	2056,	2075,	1990,	2049,	1986,	2073,	1984,	2047,	1980,	2071,	
323,	326,	357,	410,	393,	320,	359,	362,	343,	318,	503,	500,	469,	516,	433,	506,	467,	464,	483,	508,	133,	130,	99,		46,		63,		136,	97,		94,		113,	138,	1553,	1556,	1587,	1540,	23,		1550,	1589,	1592,	1573,	1548,	3251,	3254,	1605,	1658,	1641,	3248,	1607,	1610,	3271,	3246,	1751,	1748,	1717,	1764,	1681,	1754,	1715,	1712,	1731,	1756,	1893,	1890,	1859,	1906,	1923,	1896,	1857,	1954,	1873,	1898,	2057,	1956,	2053,	2050,	1987,	2074,	2013,	2048,	2027,	2072,	1983,	2046,	
408,	355,	322,	325,	412,	381,	390,	395,	364,	361,	418,	471,	504,	501,	514,	445,	436,	431,	462,	465,	48,		101,	134,	131,	44,		75,		66,		61,		92,		95,		38,		1585,	1552,	1555,	1542,	11,		20,		25,		1594,	1591,	1656,	1603,	3250,	3253,	1660,	1629,	1638,	1643,	1612,	1609,	1666,	1719,	1752,	1749,	1762,	1693,	1684,	1679,	1710,	1713,	1908,	1861,	1894,	1891,	1904,	1935,	1926,	1921,	1952,	1955,	2052,	2055,	1958,	1991,	2014,	1989,	2030,	1985,	2016,	1981,	2070,	1979,	
327,	330,	407,	382,	397,	392,	413,	342,	417,	344,	499,	496,	419,	444,	429,	434,	513,	484,	509,	482,	129,	126,	49,		74,		59,		64,		43,		114,	39,		112,	1557,	1560,	37,		12,		27,		22,		1543,	1572,	1547,	1574,	3255,	3258,	1655,	1630,	1645,	1640,	1661,	3270,	1665,	3272,	1747,	1744,	1667,	1692,	1677,	1682,	1761,	1732,	1757,	1730,	1889,	1886,	1909,	1934,	1919,	1924,	1903,	1874,	1899,	1872,	1957,	2058,	2007,	1988,	1993,	2012,	2015,	2028,	1995,	2026,	2045,	1982,	
354,	385,	328,	399,	380,	389,	396,	391,	414,	365,	472,	441,	498,	427,	446,	437,	430,	435,	512,	461,	102,	71,		128,	57,		76,		67,		60,		65,		42,		91,		1584,	15,		1558,	29,		10,		19,		26,		21,		1544,	1595,	1602,	1633,	3256,	1647,	1628,	1637,	1644,	1639,	1662,	1613,	1720,	1689,	1746,	1675,	1694,	1685,	1678,	1683,	1760,	1709,	1862,	1931,	1888,	1917,	1936,	1927,	1920,	1925,	1902,	1951,	1962,	1959,	1992,	2011,	2008,	2029,	1994,	2031,	2022,	2017,	1978,	2069,	
329,	406,	331,	386,	383,	398,	341,	336,	345,	416,	497,	420,	495,	440,	443,	428,	485,	490,	481,	510,	127,	50,		125,	70,		73,		58,		115,	120,	111,	40,		1559,	36,		1561,	16,		13,		28,		1571,	1566,	1575,	1546,	3257,	1654,	3259,	1634,	1631,	1646,	3269,	3264,	3273,	1664,	1745,	1668,	1743,	1688,	1691,	1676,	1733,	1738,	1729,	1758,	1887,	1910,	1885,	1930,	1933,	1918,	1875,	1880,	1871,	1900,	2059,	2004,	1961,	2006,	2035,	2032,	2009,	2018,	2025,	1996,	2021,	2044,	
332,	353,	384,	379,	400,	335,	388,	415,	366,	347,	494,	473,	442,	447,	426,	491,	438,	511,	460,	479,	124,	103,	72,		77,		56,		121,	68,		41,		90,		109,	1562,	1583,	14,		9,		30,		1565,	18,		1545,	1596,	1577,	3260,	1601,	1632,	1627,	1648,	3263,	1636,	1663,	1614,	3275,	1742,	1721,	1690,	1695,	1674,	1739,	1686,	1759,	1708,	1727,	1884,	1863,	1932,	1937,	1916,	1881,	1928,	1901,	1950,	1869,	1960,	1963,	2060,	2003,	2010,	2001,	2034,	2023,	2020,	1975,	2068,	1977,	
405,	378,	403,	334,	387,	340,	337,	346,	369,	372,	421,	448,	423,	492,	439,	486,	489,	480,	457,	454,	51,		78,		53,		122,	69,		116,	119,	110,	87,		84,		35,		8,		33,		1564,	17,		1570,	1567,	1576,	1599,	2,		1653,	1626,	1651,	3262,	1635,	3268,	3265,	3274,	1617,	1620,	1669,	1696,	1671,	1740,	1687,	1734,	1737,	1728,	1705,	1702,	1911,	1938,	1913,	1882,	1929,	1876,	1879,	1870,	1947,	1944,	2061,	1966,	2005,	2036,	2033,	1970,	2019,	2000,	1997,	2024,	2043,	1974,	
352,	333,	376,	339,	350,	401,	374,	371,	348,	367,	474,	493,	450,	487,	476,	425,	452,	455,	478,	459,	104,	123,	80,		117,	106,	55,		82,		85,		108,	89,		1582,	1563,	6,		1569,	1580,	31,		4,		1,		1578,	1597,	1600,	3261,	1624,	3267,	3278,	1649,	1622,	1619,	3276,	1615,	1722,	1741,	1698,	1735,	1724,	1673,	1700,	1703,	1726,	1707,	1864,	1883,	1940,	1877,	1866,	1915,	1942,	1945,	1868,	1949,	1964,	2037,	1968,	2063,	2002,	2039,	1998,	2065,	1972,	2041,	1976,	2067,	
377,	404,	351,	402,	375,	338,	349,	368,	373,	370,	449,	422,	475,	424,	451,	488,	477,	458,	453,	456,	79,		52,		105,	54,		81,		118,	107,	88,		83,		86,		7,		34,		1581,	32,		5,		1568,	1579,	1598,	3,		0,		1625,	1652,	3279,	1650,	1623,	3266,	3277,	1616,	1621,	1618,	1697,	1670,	1723,	1672,	1699,	1736,	1725,	1706,	1701,	1704,	1939,	1912,	1865,	1914,	1941,	1878,	1867,	1948,	1943,	1946,	1967,	2062,	1965,	2038,	1969,	2064,	1971,	2040,	1999,	2066,	1973,	2042,	
6322,	6275,	6290,	6287,	6324,	6277,	6260,	6285,	6326,	6329,	6418,	6371,	6386,	6383,	6420,	6373,	6356,	6381,	6422,	6425,	5102,	5149,	5134,	5137,	5100,	5147,	5164,	5139,	5098,	5095,	6686,	5053,	6718,	6721,	6684,	5051,	5068,	6723,	6682,	6679,	3326,	5043,	3294,	3291,	3328,	3281,	5028,	3289,	3330,	3333,	3422,	3375,	3390,	3387,	3424,	3377,	3360,	3385,	3426,	3429,	3826,	3873,	3858,	3861,	3824,	3871,	3888,	3863,	3822,	3819,	3808,	3805,	3810,	3709,	3744,	3803,	3740,	3707,	3738,	3801,	3734,	3705,	
6289,	6292,	6323,	6276,	6259,	6286,	6325,	6328,	6309,	6284,	6385,	6388,	6419,	6372,	6355,	6382,	6421,	6424,	6405,	6380,	5135,	5132,	5101,	5148,	5165,	5138,	5099,	5096,	5115,	5140,	6719,	6716,	6685,	5052,	5069,	6722,	6683,	6680,	6699,	5044,	3293,	3296,	3327,	3280,	5027,	3290,	3329,	3332,	3313,	3288,	3389,	3392,	3423,	3376,	3359,	3386,	3425,	3428,	3409,	3384,	3859,	3856,	3825,	3872,	3889,	3862,	3823,	3820,	3839,	3864,	3811,	3710,	3807,	3804,	3741,	3708,	3767,	3802,	3781,	3706,	3737,	3800,	
6274,	6321,	6288,	6291,	6278,	6247,	6256,	6261,	6330,	6327,	6370,	6417,	6384,	6387,	6374,	6343,	6352,	6357,	6426,	6423,	5150,	5103,	5136,	5133,	5146,	5177,	5168,	5163,	5094,	5097,	5054,	6687,	6720,	6717,	5050,	5081,	5072,	5067,	6678,	6681,	5042,	3325,	3292,	3295,	3282,	5015,	5024,	5029,	3334,	3331,	3374,	3421,	3388,	3391,	3378,	3347,	3356,	3361,	3430,	3427,	3874,	3827,	3860,	3857,	3870,	3901,	3892,	3887,	3818,	3821,	3806,	3809,	3712,	3745,	3768,	3743,	3784,	3739,	3770,	3735,	3704,	3733,	
6293,	6296,	6273,	6248,	6263,	6258,	6279,	6308,	6283,	6310,	6389,	6392,	6369,	6344,	6359,	6354,	6375,	6404,	6379,	6406,	5131,	5128,	5151,	5176,	5161,	5166,	5145,	5116,	5141,	5114,	6715,	6712,	5055,	5080,	5065,	5070,	5049,	6700,	5045,	6698,	3297,	3300,	5041,	5016,	5031,	5026,	3283,	3312,	3287,	3314,	3393,	3396,	3373,	3348,	3363,	3358,	3379,	3408,	3383,	3410,	3855,	3852,	3875,	3900,	3885,	3890,	3869,	3840,	3865,	3838,	3711,	3812,	3761,	3742,	3747,	3766,	3769,	3782,	3749,	3780,	3799,	3736,	
6320,	6251,	6294,	6265,	6246,	6255,	6262,	6257,	6280,	6331,	6416,	6347,	6390,	6361,	6342,	6351,	6358,	6353,	6376,	6427,	5104,	5173,	5130,	5159,	5178,	5169,	5162,	5167,	5144,	5093,	6688,	5077,	6714,	5063,	5082,	5073,	5066,	5071,	5048,	6677,	3324,	5019,	3298,	5033,	5014,	5023,	5030,	5025,	3284,	3335,	3420,	3351,	3394,	3365,	3346,	3355,	3362,	3357,	3380,	3431,	3828,	3897,	3854,	3883,	3902,	3893,	3886,	3891,	3868,	3817,	3716,	3713,	3746,	3765,	3762,	3783,	3748,	3785,	3776,	3771,	3732,	3703,	
6295,	6272,	6297,	6252,	6249,	6264,	6307,	6302,	6311,	6282,	6391,	6368,	6393,	6348,	6345,	6360,	6403,	6398,	6407,	6378,	5129,	5152,	5127,	5172,	5175,	5160,	5117,	5122,	5113,	5142,	6713,	5056,	6711,	5076,	5079,	5064,	6701,	6706,	6697,	5046,	3299,	5040,	3301,	5020,	5017,	5032,	3311,	3306,	3315,	3286,	3395,	3372,	3397,	3352,	3349,	3364,	3407,	3402,	3411,	3382,	3853,	3876,	3851,	3896,	3899,	3884,	3841,	3846,	3837,	3866,	3813,	3758,	3715,	3760,	3789,	3786,	3763,	3772,	3779,	3750,	3775,	3798,	
6298,	6319,	6250,	6245,	6266,	6301,	6254,	6281,	6332,	6313,	6394,	6415,	6346,	6341,	6362,	6397,	6350,	6377,	6428,	6409,	5126,	5105,	5174,	5179,	5158,	5123,	5170,	5143,	5092,	5111,	6710,	6689,	5078,	5083,	5062,	6707,	5074,	5047,	6676,	6695,	3302,	3323,	5018,	5013,	5034,	3305,	5022,	3285,	3336,	3317,	3398,	3419,	3350,	3345,	3366,	3401,	3354,	3381,	3432,	3413,	3850,	3829,	3898,	3903,	3882,	3847,	3894,	3867,	3816,	3835,	3714,	3717,	3814,	3757,	3764,	3755,	3788,	3777,	3774,	3729,	3702,	3731,	
6271,	6244,	6269,	6300,	6253,	6306,	6303,	6312,	6335,	6338,	6367,	6340,	6365,	6396,	6349,	6402,	6399,	6408,	6431,	6434,	5153,	5180,	5155,	5124,	5171,	5118,	5121,	5112,	5089,	5086,	5057,	5084,	5059,	6708,	5075,	6702,	6705,	6696,	6673,	6670,	5039,	5012,	5037,	3304,	5021,	3310,	3307,	3316,	3339,	3342,	3371,	3344,	3369,	3400,	3353,	3406,	3403,	3412,	3435,	3438,	3877,	3904,	3879,	3848,	3895,	3842,	3845,	3836,	3913,	3910,	3815,	3720,	3759,	3790,	3787,	3724,	3773,	3754,	3751,	3778,	3797,	3728,	
6318,	6299,	6242,	6305,	6316,	6267,	6240,	6337,	6314,	6333,	6414,	6395,	6438,	6401,	6412,	6363,	6436,	6433,	6410,	6429,	5106,	5125,	5182,	5119,	5108,	5157,	5184,	5087,	5110,	5091,	6690,	6709,	6666,	6703,	6692,	5061,	6668,	6671,	6694,	6675,	3322,	3303,	5010,	3309,	3320,	5035,	5008,	3341,	3318,	3337,	3418,	3399,	3442,	3405,	3416,	3367,	3440,	3437,	3414,	3433,	3830,	3849,	3906,	3843,	3832,	3881,	3908,	3911,	3834,	3915,	3718,	3791,	3722,	3697,	3756,	3793,	3752,	3699,	3726,	3795,	3730,	3701,	
6243,	6270,	6317,	6268,	6241,	6304,	6315,	6334,	6239,	6336,	6339,	6366,	6413,	6364,	6437,	6400,	6411,	6430,	6435,	6432,	5181,	5154,	5107,	5156,	5183,	5120,	5109,	5090,	5185,	5088,	5085,	5058,	6691,	5060,	6667,	6704,	6693,	6674,	6669,	6672,	5011,	5038,	3321,	5036,	5009,	3308,	3319,	3338,	5007,	3340,	3343,	3370,	3417,	3368,	3441,	3404,	3415,	3434,	3439,	3436,	3905,	3878,	3831,	3880,	3907,	3844,	3833,	3914,	3909,	3912,	3721,	3696,	3719,	3792,	3723,	3698,	3725,	3794,	3753,	3700,	3727,	3796,	
6200,	6147,	6232,	6235,	6198,	6145,	6162,	6237,	6196,	6193,	6486,	6439,	6454,	6451,	6488,	6441,	6124,	6449,	6490,	6493,	6504,	6557,	5192,	5189,	6506,	6559,	6542,	5187,	6508,	6511,	6618,	6665,	6650,	6653,	6616,	6663,	6580,	6655,	6614,	6611,	4968,	4915,	5000,	5003,	4966,	4913,	4930,	5005,	4964,	4961,	3490,	3443,	3458,	3455,	3492,	3445,	4892,	3453,	3494,	3497,	3920,	3527,	3512,	3515,	3918,	3525,	3542,	3517,	3916,	3573,	3674,	3671,	3676,	3695,	3610,	3669,	3606,	3693,	3604,	3667,	3600,	3691,	
6233,	6230,	6199,	6146,	6163,	6236,	6197,	6194,	6213,	6238,	6453,	6456,	6487,	6440,	6123,	6450,	6489,	6492,	6473,	6448,	5191,	5194,	6505,	6558,	6541,	5188,	6507,	6510,	5211,	5186,	6651,	6648,	6617,	6664,	6581,	6654,	6615,	6612,	6631,	6656,	5001,	4998,	4967,	4914,	4931,	5004,	4965,	4962,	4981,	5006,	3457,	3460,	3491,	3444,	4891,	3454,	3493,	3496,	3477,	3452,	3513,	3510,	3919,	3526,	3543,	3516,	3917,	3574,	3933,	3518,	3677,	3576,	3673,	3670,	3607,	3694,	3633,	3668,	3647,	3692,	3603,	3666,	
6148,	6201,	6234,	6231,	6144,	6175,	6166,	6161,	6192,	6195,	6138,	6485,	6452,	6455,	6442,	6111,	6120,	6125,	6494,	6491,	6556,	6503,	5190,	5193,	6560,	6529,	6538,	6543,	6512,	6509,	6566,	6619,	6652,	6649,	6662,	6593,	6584,	6579,	6610,	6613,	4916,	4969,	5002,	4999,	4912,	4943,	4934,	4929,	4960,	4963,	4906,	3489,	3456,	3459,	3446,	4879,	4888,	4893,	3498,	3495,	3528,	3921,	3514,	3511,	3524,	3555,	3546,	3541,	3572,	3575,	3672,	3675,	3578,	3611,	3634,	3609,	3650,	3605,	3636,	3601,	3690,	3599,	
6229,	6226,	6149,	6174,	6159,	6164,	6143,	6214,	6139,	6212,	6457,	6460,	6137,	6112,	6127,	6122,	6443,	6472,	6447,	6474,	5195,	5198,	6555,	6530,	6545,	6540,	6561,	5210,	6565,	5212,	6647,	6644,	6567,	6592,	6577,	6582,	6661,	6632,	6657,	6630,	4997,	4994,	4917,	4942,	4927,	4932,	4911,	4982,	4907,	4980,	3461,	3464,	4905,	4880,	4895,	4890,	3447,	3476,	3451,	3478,	3509,	3506,	3529,	3554,	3539,	3544,	3523,	3934,	3519,	3932,	3577,	3678,	3627,	3608,	3613,	3632,	3635,	3648,	3615,	3646,	3665,	3602,	
6202,	6171,	6228,	6157,	6176,	6167,	6160,	6165,	6142,	6191,	6484,	6115,	6458,	6129,	6110,	6119,	6126,	6121,	6444,	6495,	6502,	6533,	5196,	6547,	6528,	6537,	6544,	6539,	6562,	6513,	6620,	6589,	6646,	6575,	6594,	6585,	6578,	6583,	6660,	6609,	4970,	4939,	4996,	4925,	4944,	4935,	4928,	4933,	4910,	4959,	3488,	4883,	3462,	4897,	4878,	4887,	4894,	4889,	3448,	3499,	3922,	3551,	3508,	3537,	3556,	3547,	3540,	3545,	3522,	3571,	3582,	3579,	3612,	3631,	3628,	3649,	3614,	3651,	3642,	3637,	3598,	3689,	
6227,	6150,	6225,	6170,	6173,	6158,	6215,	6220,	6211,	6140,	6459,	6136,	6461,	6116,	6113,	6128,	6471,	6466,	6475,	6446,	5197,	6554,	5199,	6534,	6531,	6546,	5209,	5204,	5213,	6564,	6645,	6568,	6643,	6588,	6591,	6576,	6633,	6638,	6629,	6658,	4995,	4918,	4993,	4938,	4941,	4926,	4983,	4988,	4979,	4908,	3463,	4904,	3465,	4884,	4881,	4896,	3475,	3470,	3479,	3450,	3507,	3530,	3505,	3550,	3553,	3538,	3935,	3940,	3931,	3520,	3679,	3624,	3581,	3626,	3655,	3652,	3629,	3638,	3645,	3616,	3641,	3664,	
6224,	6203,	6172,	6177,	6156,	6221,	6168,	6141,	6190,	6209,	6462,	6483,	6114,	6109,	6130,	6465,	6118,	6445,	6496,	6477,	5200,	6501,	6532,	6527,	6548,	5203,	6536,	6563,	6514,	5215,	6642,	6621,	6590,	6595,	6574,	6639,	6586,	6659,	6608,	6627,	4992,	4971,	4940,	4945,	4924,	4989,	4936,	4909,	4958,	4977,	3466,	3487,	4882,	4877,	4898,	3469,	4886,	3449,	3500,	3481,	3504,	3923,	3552,	3557,	3536,	3941,	3548,	3521,	3570,	3929,	3580,	3583,	3680,	3623,	3630,	3621,	3654,	3643,	3640,	3595,	3688,	3597,	
6151,	6178,	6153,	6222,	6169,	6216,	6219,	6210,	6187,	6184,	6135,	6108,	6133,	6464,	6117,	6470,	6467,	6476,	6499,	6102,	6553,	6526,	6551,	5202,	6535,	5208,	5205,	5214,	6517,	6520,	6569,	6596,	6571,	6640,	6587,	6634,	6637,	6628,	6605,	6602,	4919,	4946,	4921,	4990,	4937,	4984,	4987,	4978,	4955,	4952,	4903,	4876,	4901,	3468,	4885,	3474,	3471,	3480,	3503,	4870,	3531,	3558,	3533,	3942,	3549,	3936,	3939,	3930,	3567,	3564,	3681,	3586,	3625,	3656,	3653,	3590,	3639,	3620,	3617,	3644,	3663,	3594,	
6204,	6223,	6180,	6217,	6206,	6155,	6182,	6185,	6208,	6189,	6482,	6463,	6106,	6469,	6480,	6131,	6104,	6101,	6478,	6497,	6500,	5201,	6524,	5207,	5218,	6549,	6522,	6519,	5216,	6515,	6622,	6641,	6598,	6635,	6624,	6573,	6600,	6603,	6626,	6607,	4972,	4991,	4948,	4985,	4974,	4923,	4950,	4953,	4976,	4957,	3486,	3467,	4874,	3473,	3484,	4899,	4872,	4869,	3482,	3501,	3924,	3943,	3560,	3937,	3926,	3535,	3562,	3565,	3928,	3569,	3584,	3657,	3588,	3683,	3622,	3659,	3618,	3685,	3592,	3661,	3596,	3687,	
6179,	6152,	6205,	6154,	6181,	6218,	6207,	6188,	6183,	6186,	6107,	6134,	6481,	6132,	6105,	6468,	6479,	6498,	6103,	6100,	6525,	6552,	5219,	6550,	6523,	5206,	5217,	6516,	6521,	6518,	6597,	6570,	6623,	6572,	6599,	6636,	6625,	6606,	6601,	6604,	4947,	4920,	4973,	4922,	4949,	4986,	4975,	4956,	4951,	4954,	4875,	4902,	3485,	4900,	4873,	3472,	3483,	3502,	4871,	4868,	3559,	3532,	3925,	3534,	3561,	3938,	3927,	3568,	3563,	3566,	3587,	3682,	3585,	3658,	3589,	3684,	3591,	3660,	3619,	3686,	3593,	3662,	
5684,	5731,	5716,	5719,	5682,	5729,	5746,	5721,	5680,	5677,	6062,	5669,	6094,	6097,	6060,	5667,	6024,	6099,	6058,	6055,	5266,	5659,	5234,	5231,	5268,	5221,	5644,	5229,	5270,	5273,	5328,	5281,	5296,	5293,	5330,	5283,	5366,	5291,	5332,	5335,	4818,	4771,	4786,	4783,	4820,	4773,	4756,	4781,	4822,	4825,	4440,	4833,	4848,	4845,	4442,	4835,	4478,	4843,	4444,	4447,	3976,	4413,	3944,	4425,	3978,	4415,	4398,	4423,	3980,	3983,	3994,	3997,	3992,	4093,	4058,	3999,	4062,	4095,	4064,	4001,	4068,	4097,	
5717,	5714,	5683,	5730,	5747,	5720,	5681,	5678,	5697,	5722,	6095,	6092,	6061,	5668,	6025,	6098,	6059,	6056,	6075,	5660,	5233,	5236,	5267,	5220,	5643,	5230,	5269,	5272,	5253,	5228,	5295,	5298,	5329,	5282,	5365,	5292,	5331,	5334,	5315,	5290,	4785,	4788,	4819,	4772,	4755,	4782,	4821,	4824,	4805,	4780,	4847,	4850,	4441,	4834,	4477,	4844,	4443,	4446,	4867,	4842,	4427,	3946,	3977,	4414,	4397,	4424,	3979,	3982,	3963,	4422,	3991,	4092,	3995,	3998,	4061,	4094,	4035,	4000,	4021,	4096,	4065,	4002,	
5732,	5685,	5718,	5715,	5728,	5759,	5750,	5745,	5676,	5679,	5670,	6063,	6096,	6093,	5666,	6037,	6028,	6023,	6054,	6057,	5658,	5265,	5232,	5235,	5222,	5631,	5640,	5645,	5274,	5271,	5280,	5327,	5294,	5297,	5284,	5353,	5362,	5367,	5336,	5333,	4770,	4817,	4784,	4787,	4774,	4743,	4752,	4757,	4826,	4823,	4832,	4439,	4846,	4849,	4836,	4465,	4474,	4479,	4448,	4445,	4412,	3975,	4426,	3945,	4416,	4385,	4394,	4399,	3984,	3981,	3996,	3993,	4090,	4057,	4034,	4059,	4018,	4063,	4032,	4067,	4098,	4069,	
5713,	5710,	5733,	5758,	5743,	5748,	5727,	5698,	5723,	5696,	6091,	6088,	5671,	6036,	6021,	6026,	5665,	6076,	5661,	6074,	5237,	5240,	5657,	5632,	5647,	5642,	5223,	5252,	5227,	5254,	5299,	5302,	5279,	5354,	5369,	5364,	5285,	5314,	5289,	5316,	4789,	4792,	4769,	4744,	4759,	4754,	4775,	4804,	4779,	4806,	4851,	4854,	4831,	4466,	4481,	4476,	4837,	4866,	4841,	4428,	3947,	3950,	4411,	4386,	4401,	4396,	4417,	3962,	4421,	3964,	4091,	3990,	4041,	4060,	4055,	4036,	4033,	4020,	4053,	4022,	4003,	4066,	
5686,	5755,	5712,	5741,	5760,	5751,	5744,	5749,	5726,	5675,	6064,	6033,	6090,	6019,	6038,	6029,	6022,	6027,	5664,	6053,	5264,	5635,	5238,	5649,	5630,	5639,	5646,	5641,	5224,	5275,	5326,	5357,	5300,	5371,	5352,	5361,	5368,	5363,	5286,	5337,	4816,	4747,	4790,	4761,	4742,	4751,	4758,	4753,	4776,	4827,	4438,	4469,	4852,	4483,	4464,	4473,	4480,	4475,	4838,	4449,	3974,	4389,	3948,	4403,	4384,	4393,	4400,	4395,	4418,	3985,	4086,	4089,	4056,	4037,	4040,	4019,	4054,	4017,	4026,	4031,	4070,	4099,	
5711,	5734,	5709,	5754,	5757,	5742,	5699,	5704,	5695,	5724,	6089,	5672,	6087,	6032,	6035,	6020,	6077,	6082,	6073,	5662,	5239,	5656,	5241,	5636,	5633,	5648,	5251,	5246,	5255,	5226,	5301,	5278,	5303,	5358,	5355,	5370,	5313,	5308,	5317,	5288,	4791,	4768,	4793,	4748,	4745,	4760,	4803,	4798,	4807,	4778,	4853,	4830,	4855,	4470,	4467,	4482,	4865,	4860,	4429,	4840,	3949,	4410,	3951,	4390,	4387,	4402,	3961,	3956,	3965,	4420,	3989,	4044,	4087,	4042,	4013,	4016,	4039,	4030,	4023,	4052,	4027,	4004,	
5708,	5687,	5756,	5761,	5740,	5705,	5752,	5725,	5674,	5693,	6086,	6065,	6034,	6039,	6018,	6083,	6030,	5663,	6052,	6071,	5242,	5263,	5634,	5629,	5650,	5245,	5638,	5225,	5276,	5257,	5304,	5325,	5356,	5351,	5372,	5307,	5360,	5287,	5338,	5319,	4794,	4815,	4746,	4741,	4762,	4797,	4750,	4777,	4828,	4809,	4856,	4437,	4468,	4463,	4484,	4859,	4472,	4839,	4450,	4431,	3952,	3973,	4388,	4383,	4404,	3955,	4392,	4419,	3986,	3967,	4088,	4085,	3988,	4045,	4038,	4047,	4014,	4025,	4028,	4073,	4100,	4071,	
5735,	5762,	5737,	5706,	5753,	5700,	5703,	5694,	5771,	5768,	5673,	6040,	6015,	6084,	6031,	6078,	6081,	6072,	6049,	6046,	5655,	5628,	5653,	5244,	5637,	5250,	5247,	5256,	5619,	5622,	5277,	5350,	5375,	5306,	5359,	5312,	5309,	5318,	5341,	5344,	4767,	4740,	4765,	4796,	4749,	4802,	4799,	4808,	4731,	4734,	4829,	4462,	4487,	4858,	4471,	4864,	4861,	4430,	4453,	4456,	4409,	4382,	4407,	3954,	4391,	3960,	3957,	3966,	4373,	4376,	3987,	4082,	4043,	4012,	4015,	4078,	4029,	4048,	4051,	4024,	4005,	4074,	
5688,	5707,	5764,	5701,	5690,	5739,	5766,	5769,	5692,	5773,	6066,	6085,	6042,	6079,	6068,	6017,	6044,	6047,	6070,	6051,	5262,	5243,	5626,	5249,	5260,	5651,	5624,	5621,	5258,	5617,	5324,	5305,	5348,	5311,	5322,	5373,	5346,	5343,	5320,	5339,	4814,	4795,	4738,	4801,	4812,	4763,	4736,	4733,	4810,	4729,	4436,	4857,	4460,	4863,	4434,	4485,	4458,	4455,	4432,	4451,	3972,	3953,	4380,	3959,	3970,	4405,	4378,	4375,	3968,	4371,	4084,	4011,	4080,	4105,	4046,	4009,	4050,	4103,	4076,	4007,	4072,	4101,	
5763,	5736,	5689,	5738,	5765,	5702,	5691,	5772,	5767,	5770,	6041,	6014,	6067,	6016,	6043,	6080,	6069,	6050,	6045,	6048,	5627,	5654,	5261,	5652,	5625,	5248,	5259,	5618,	5623,	5620,	5349,	5376,	5323,	5374,	5347,	5310,	5321,	5340,	5345,	5342,	4739,	4766,	4813,	4764,	4737,	4800,	4811,	4730,	4735,	4732,	4461,	4488,	4435,	4486,	4459,	4862,	4433,	4452,	4457,	4454,	4381,	4408,	3971,	4406,	4379,	3958,	3969,	4372,	4377,	4374,	4081,	4106,	4083,	4010,	4079,	4104,	4077,	4008,	4049,	4102,	4075,	4006,	
5804,	5801,	5806,	5781,	5776,	5799,	5778,	5797,	5774,	5891,	5916,	5913,	5918,	6013,	6008,	5911,	6010,	5909,	6006,	6003,	5586,	5589,	5584,	5609,	5614,	5591,	5612,	5593,	5616,	5499,	5474,	5477,	5472,	5377,	5382,	5479,	5380,	5481,	5384,	5387,	4698,	4701,	4696,	4721,	4726,	4703,	4724,	4705,	4728,	4611,	4586,	4589,	4584,	4489,	4494,	4591,	4492,	4593,	4496,	4499,	4340,	4343,	4338,	4363,	4368,	4345,	4366,	4347,	4370,	4253,	4244,	4229,	4232,	4107,	4242,	4223,	4128,	4113,	4116,	4135,	4126,	4143,	
5807,	5782,	5803,	5800,	5779,	5854,	5775,	5892,	5821,	5796,	5919,	5894,	5915,	5912,	6011,	5966,	6007,	6004,	5933,	5908,	5583,	5608,	5587,	5590,	5611,	5536,	5615,	5498,	5569,	5594,	5471,	5496,	5475,	5478,	5379,	5424,	5383,	5386,	5457,	5482,	4695,	4720,	4699,	4702,	4723,	4648,	4727,	4610,	4681,	4706,	4583,	4608,	4587,	4590,	4491,	4536,	4495,	4498,	4569,	4594,	4337,	4362,	4341,	4344,	4365,	4290,	4369,	4252,	4323,	4348,	4231,	4250,	4243,	4222,	4233,	4108,	4115,	4134,	4127,	4142,	4117,	4136,	
5802,	5805,	5780,	5851,	5866,	5777,	5798,	5853,	5890,	5893,	5914,	5917,	6012,	5963,	5978,	6009,	5910,	5965,	6002,	6005,	5588,	5585,	5610,	5539,	5524,	5613,	5592,	5537,	5500,	5497,	5476,	5473,	5378,	5427,	5412,	5381,	5480,	5425,	5388,	5385,	4700,	4697,	4722,	4651,	4636,	4725,	4704,	4649,	4612,	4609,	4588,	4585,	4490,	4539,	4524,	4493,	4592,	4537,	4500,	4497,	4342,	4339,	4364,	4293,	4278,	4367,	4346,	4291,	4254,	4251,	4228,	4245,	4230,	4109,	4224,	4241,	4112,	4129,	4114,	4137,	4144,	4125,	
5783,	5808,	5867,	5870,	5847,	5852,	5855,	5822,	5795,	5820,	5895,	5920,	5979,	5982,	5959,	5964,	5967,	5934,	5907,	5932,	5607,	5582,	5523,	5520,	5543,	5538,	5535,	5568,	5595,	5570,	5495,	5470,	5411,	5408,	5431,	5426,	5423,	5456,	5483,	5458,	4719,	4694,	4635,	4632,	4655,	4650,	4647,	4680,	4707,	4682,	4607,	4582,	4523,	4520,	4543,	4538,	4535,	4568,	4595,	4570,	4361,	4336,	4277,	4274,	4297,	4292,	4289,	4322,	4349,	4324,	4249,	4238,	4247,	4234,	4221,	4110,	4133,	4122,	4131,	4118,	4141,	4138,	
5868,	5871,	5844,	5865,	5850,	5823,	5848,	5825,	5856,	5889,	5980,	5983,	5956,	5977,	5962,	5935,	5960,	5937,	5968,	6001,	5522,	5519,	5546,	5525,	5540,	5567,	5542,	5565,	5534,	5501,	5410,	5407,	5434,	5413,	5428,	5455,	5430,	5453,	5422,	5389,	4634,	4631,	4658,	4637,	4652,	4679,	4654,	4677,	4646,	4613,	4522,	4519,	4546,	4525,	4540,	4567,	4542,	4565,	4534,	4501,	4276,	4273,	4300,	4279,	4294,	4321,	4296,	4319,	4288,	4255,	4246,	4227,	4236,	4219,	4240,	4225,	4130,	4111,	4120,	4139,	4124,	4145,	
5809,	5784,	5869,	5846,	5829,	5826,	5857,	5888,	5819,	5794,	5921,	5896,	5981,	5958,	5941,	5938,	5969,	6000,	5931,	5906,	5581,	5606,	5521,	5544,	5561,	5564,	5533,	5502,	5571,	5596,	5469,	5494,	5409,	5432,	5449,	5452,	5421,	5390,	5459,	5484,	4693,	4718,	4633,	4656,	4673,	4676,	4645,	4614,	4683,	4708,	4581,	4606,	4521,	4544,	4561,	4564,	4533,	4502,	4571,	4596,	4335,	4360,	4275,	4298,	4315,	4318,	4287,	4256,	4325,	4350,	4237,	4248,	4239,	4226,	4235,	4220,	4121,	4132,	4123,	4146,	4119,	4140,	
5872,	5845,	5828,	5843,	5864,	5849,	5824,	5839,	5860,	5887,	5984,	5957,	5940,	5955,	5976,	5961,	5936,	5951,	5972,	5999,	5518,	5545,	5562,	5547,	5526,	5541,	5566,	5551,	5530,	5503,	5406,	5433,	5450,	5435,	5414,	5429,	5454,	5439,	5418,	5391,	4630,	4657,	4674,	4659,	4638,	4653,	4678,	4663,	4642,	4615,	4518,	4545,	4562,	4547,	4526,	4541,	4566,	4551,	4530,	4503,	4272,	4299,	4316,	4301,	4280,	4295,	4320,	4305,	4284,	4257,	4216,	4195,	4192,	4209,	4218,	4201,	4182,	4161,	4158,	4175,	4148,	4167,	
5785,	5810,	5873,	5830,	5827,	5840,	5835,	5858,	5793,	5818,	5897,	5922,	5985,	5942,	5939,	5952,	5947,	5970,	5905,	5930,	5605,	5580,	5517,	5560,	5563,	5550,	5555,	5532,	5597,	5572,	5493,	5468,	5405,	5448,	5451,	5438,	5443,	5420,	5485,	5460,	4717,	4692,	4629,	4672,	4675,	4662,	4667,	4644,	4709,	4684,	4605,	4580,	4517,	4560,	4563,	4550,	4555,	4532,	4597,	4572,	4359,	4334,	4271,	4314,	4317,	4304,	4309,	4286,	4351,	4326,	4193,	4210,	4217,	4202,	4191,	4208,	4159,	4176,	4147,	4168,	4157,	4174,	
5874,	5831,	5842,	5863,	5836,	5833,	5838,	5861,	5886,	5859,	5986,	5943,	5954,	5975,	5948,	5945,	5950,	5973,	5998,	5971,	5516,	5559,	5548,	5527,	5554,	5557,	5552,	5529,	5504,	5531,	5404,	5447,	5436,	5415,	5442,	5445,	5440,	5417,	5392,	5419,	4628,	4671,	4660,	4639,	4666,	4669,	4664,	4641,	4616,	4643,	4516,	4559,	4548,	4527,	4554,	4557,	4552,	4529,	4504,	4531,	4270,	4313,	4302,	4281,	4308,	4311,	4306,	4283,	4258,	4285,	4196,	4215,	4194,	4207,	4200,	4183,	4162,	4181,	4160,	4173,	4166,	4149,	
5811,	5786,	5877,	5832,	5841,	5862,	5883,	5834,	5817,	5792,	5923,	5898,	5989,	5944,	5953,	5974,	5995,	5946,	5929,	5904,	5579,	5604,	5513,	5558,	5549,	5528,	5507,	5556,	5573,	5598,	5467,	5492,	5401,	5446,	5437,	5416,	5395,	5444,	5461,	5486,	4691,	4716,	4625,	4670,	4661,	4640,	4619,	4668,	4685,	4710,	4579,	4604,	4513,	4558,	4549,	4528,	4507,	4556,	4573,	4598,	4333,	4358,	4267,	4312,	4303,	4282,	4261,	4310,	4327,	4352,	4211,	4186,	4213,	4190,	4203,	4206,	4177,	4152,	4179,	4156,	4169,	4172,	
5878,	5875,	5788,	5813,	5880,	5837,	5790,	5815,	5882,	5885,	5990,	5987,	5900,	5925,	5992,	5949,	5902,	5927,	5994,	5997,	5512,	5515,	5602,	5577,	5510,	5553,	5600,	5575,	5508,	5505,	5400,	5403,	5490,	5465,	5398,	5441,	5488,	5463,	5396,	5393,	4624,	4627,	4714,	4689,	4622,	4665,	4712,	4687,	4620,	4617,	4512,	4515,	4602,	4577,	4510,	4553,	4600,	4575,	4508,	4505,	4266,	4269,	4356,	4331,	4264,	4307,	4354,	4329,	4262,	4259,	4214,	4197,	4188,	4205,	4184,	4199,	4180,	4163,	4154,	4171,	4150,	4165,	
5787,	5812,	5879,	5876,	5789,	5814,	5881,	5884,	5791,	5816,	5899,	5924,	5991,	5988,	5901,	5926,	5993,	5996,	5903,	5928,	5603,	5578,	5511,	5514,	5601,	5576,	5509,	5506,	5599,	5574,	5491,	5466,	5399,	5402,	5489,	5464,	5397,	5394,	5487,	5462,	4715,	4690,	4623,	4626,	4713,	4688,	4621,	4618,	4711,	4686,	4603,	4578,	4511,	4514,	4601,	4576,	4509,	4506,	4599,	4574,	4357,	4332,	4265,	4268,	4355,	4330,	4263,	4260,	4353,	4328,	4187,	4212,	4185,	4198,	4189,	4204,	4153,	4178,	4151,	4164,	4155,	4170,	
