919,	872,	887,	884,	921,	874,	857,	882,	923,	926,	1015,	968,	983,	980,	1017,	970,	953,	978,	1019,	1022,	1419,	1466,	1451,	1454,	1417,	1464,	1481,	1456,	1415,	1412,	1401,	1398,	1403,	1302,	1337,	1396,	1333,	1300,	1331,	1394,	1327,	1298,	2163,	2116,	2131,	2128,	2165,	2118,	2101,	2126,	2167,	2170,	2259,	2212,	2227,	2224,	2261,	2214,	2197,	2222,	2263,	2266,	2663,	2710,	2695,	2698,	2661,	2708,	2725,	2700,	2659,	2656,	2645,	2642,	2647,	2546,	2581,	2640,	2577,	2544,	2575,	2638,	2571,	2542,	
886,	889,	920,	873,	856,	883,	922,	925,	906,	881,	982,	985,	1016,	969,	952,	979,	1018,	1021,	1002,	977,	1452,	1449,	1418,	1465,	1482,	1455,	1416,	1413,	1432,	1457,	1404,	1303,	1400,	1397,	1334,	1301,	1360,	1395,	1374,	1299,	1330,	1393,	2130,	2133,	2164,	2117,	2100,	2127,	2166,	2169,	2150,	2125,	2226,	2229,	2260,	2213,	2196,	2223,	2262,	2265,	2246,	2221,	2696,	2693,	2662,	2709,	2726,	2699,	2660,	2657,	2676,	2701,	2648,	2547,	2644,	2641,	2578,	2545,	2604,	2639,	2618,	2543,	2574,	2637,	
871,	918,	885,	888,	875,	844,	853,	858,	927,	924,	967,	1014,	981,	984,	971,	940,	949,	954,	1023,	1020,	1467,	1420,	1453,	1450,	1463,	1494,	1485,	1480,	1411,	1414,	1399,	1402,	1305,	1338,	1361,	1336,	1377,	1332,	1363,	1328,	1297,	1326,	2115,	2162,	2129,	2132,	2119,	2088,	2097,	2102,	2171,	2168,	2211,	2258,	2225,	2228,	2215,	2184,	2193,	2198,	2267,	2264,	2711,	2664,	2697,	2694,	2707,	2738,	2729,	2724,	2655,	2658,	2643,	2646,	2549,	2582,	2605,	2580,	2621,	2576,	2607,	2572,	2541,	2570,	
890,	893,	870,	845,	860,	855,	876,	905,	880,	907,	986,	989,	966,	941,	956,	951,	972,	1001,	976,	1003,	1448,	1445,	1468,	1493,	1478,	1483,	1462,	1433,	1458,	1431,	1304,	1405,	1354,	1335,	1340,	1359,	1362,	1375,	1342,	1373,	1392,	1329,	2134,	2137,	2114,	2089,	2104,	2099,	2120,	2149,	2124,	2151,	2230,	2233,	2210,	2185,	2200,	2195,	2216,	2245,	2220,	2247,	2692,	2689,	2712,	2737,	2722,	2727,	2706,	2677,	2702,	2675,	2548,	2649,	2598,	2579,	2584,	2603,	2606,	2619,	2586,	2617,	2636,	2573,	
917,	848,	891,	862,	843,	852,	859,	854,	877,	928,	1013,	944,	987,	958,	939,	948,	955,	950,	973,	1024,	1421,	1490,	1447,	1476,	1495,	1486,	1479,	1484,	1461,	1410,	1309,	1306,	1339,	1358,	1355,	1376,	1341,	1378,	1369,	1364,	1325,	1296,	2161,	2092,	2135,	2106,	2087,	2096,	2103,	2098,	2121,	2172,	2257,	2188,	2231,	2202,	2183,	2192,	2199,	2194,	2217,	2268,	2665,	2734,	2691,	2720,	2739,	2730,	2723,	2728,	2705,	2654,	2553,	2550,	2583,	2602,	2599,	2620,	2585,	2622,	2613,	2608,	2569,	2540,	
892,	869,	894,	849,	846,	861,	904,	899,	908,	879,	988,	965,	990,	945,	942,	957,	1000,	995,	1004,	975,	1446,	1469,	1444,	1489,	1492,	1477,	1434,	1439,	1430,	1459,	1406,	1351,	1308,	1353,	1382,	1379,	1356,	1365,	1372,	1343,	1368,	1391,	2136,	2113,	2138,	2093,	2090,	2105,	2148,	2143,	2152,	2123,	2232,	2209,	2234,	2189,	2186,	2201,	2244,	2239,	2248,	2219,	2690,	2713,	2688,	2733,	2736,	2721,	2678,	2683,	2674,	2703,	2650,	2595,	2552,	2597,	2626,	2623,	2600,	2609,	2616,	2587,	2612,	2635,	
895,	916,	847,	842,	863,	898,	851,	878,	929,	910,	991,	1012,	943,	938,	959,	994,	947,	974,	1025,	1006,	1443,	1422,	1491,	1496,	1475,	1440,	1487,	1460,	1409,	1428,	1307,	1310,	1407,	1350,	1357,	1348,	1381,	1370,	1367,	1322,	1295,	1324,	2139,	2160,	2091,	2086,	2107,	2142,	2095,	2122,	2173,	2154,	2235,	2256,	2187,	2182,	2203,	2238,	2191,	2218,	2269,	2250,	2687,	2666,	2735,	2740,	2719,	2684,	2731,	2704,	2653,	2672,	2551,	2554,	2651,	2594,	2601,	2592,	2625,	2614,	2611,	2566,	2539,	2568,	
868,	841,	866,	897,	850,	903,	900,	909,	932,	935,	964,	937,	962,	993,	946,	999,	996,	1005,	1028,	1031,	1470,	1497,	1472,	1441,	1488,	1435,	1438,	1429,	1506,	1503,	1408,	1313,	1352,	1383,	1380,	1317,	1366,	1347,	1344,	1371,	1390,	1321,	2112,	2085,	2110,	2141,	2094,	2147,	2144,	2153,	2176,	2179,	2208,	2181,	2206,	2237,	2190,	2243,	2240,	2249,	2272,	2275,	2714,	2741,	2716,	2685,	2732,	2679,	2682,	2673,	2750,	2747,	2652,	2557,	2596,	2627,	2624,	2561,	2610,	2591,	2588,	2615,	2634,	2565,	
915,	896,	839,	902,	913,	864,	837,	934,	911,	930,	1011,	992,	1035,	998,	1009,	960,	1033,	1030,	1007,	1026,	1423,	1442,	1499,	1436,	1425,	1474,	1501,	1504,	1427,	1508,	1311,	1384,	1315,	1290,	1349,	1386,	1345,	1292,	1319,	1388,	1323,	1294,	2159,	2140,	2083,	2146,	2157,	2108,	2081,	2178,	2155,	2174,	2255,	2236,	2279,	2242,	2253,	2204,	2277,	2274,	2251,	2270,	2667,	2686,	2743,	2680,	2669,	2718,	2745,	2748,	2671,	2752,	2555,	2628,	2559,	2534,	2593,	2630,	2589,	2536,	2563,	2632,	2567,	2538,	
840,	867,	914,	865,	838,	901,	912,	931,	836,	933,	936,	963,	1010,	961,	1034,	997,	1008,	1027,	1032,	1029,	1498,	1471,	1424,	1473,	1500,	1437,	1426,	1507,	1502,	1505,	1314,	1289,	1312,	1385,	1316,	1291,	1318,	1387,	1346,	1293,	1320,	1389,	2084,	2111,	2158,	2109,	2082,	2145,	2156,	2175,	2080,	2177,	2180,	2207,	2254,	2205,	2278,	2241,	2252,	2271,	2276,	2273,	2742,	2715,	2668,	2717,	2744,	2681,	2670,	2751,	2746,	2749,	2558,	2533,	2556,	2629,	2560,	2535,	2562,	2631,	2590,	2537,	2564,	2633,	
797,	744,	829,	832,	795,	742,	759,	834,	793,	790,	1083,	1036,	1051,	1048,	1085,	1038,	721,	1046,	1087,	1090,	1513,	1120,	1105,	1108,	1511,	1118,	1135,	1110,	1509,	1166,	1267,	1264,	1269,	1288,	1203,	1262,	1199,	1286,	1197,	1260,	1193,	1284,	2041,	1988,	2073,	2076,	2039,	1986,	2003,	2078,	2037,	2034,	2327,	2280,	2295,	2292,	2329,	2282,	1965,	2290,	2331,	2334,	2757,	2364,	2349,	2352,	2755,	2362,	2379,	2354,	2753,	2410,	2511,	2508,	2513,	2532,	2447,	2506,	2443,	2530,	2441,	2504,	2437,	2528,	
830,	827,	796,	743,	760,	833,	794,	791,	810,	835,	1050,	1053,	1084,	1037,	720,	1047,	1086,	1089,	1070,	1045,	1106,	1103,	1512,	1119,	1136,	1109,	1510,	1167,	1526,	1111,	1270,	1169,	1266,	1263,	1200,	1287,	1226,	1261,	1240,	1285,	1196,	1259,	2074,	2071,	2040,	1987,	2004,	2077,	2038,	2035,	2054,	2079,	2294,	2297,	2328,	2281,	1964,	2291,	2330,	2333,	2314,	2289,	2350,	2347,	2756,	2363,	2380,	2353,	2754,	2411,	2770,	2355,	2514,	2413,	2510,	2507,	2444,	2531,	2470,	2505,	2484,	2529,	2440,	2503,	
745,	798,	831,	828,	741,	772,	763,	758,	789,	792,	735,	1082,	1049,	1052,	1039,	708,	717,	722,	1091,	1088,	1121,	1514,	1107,	1104,	1117,	1148,	1139,	1134,	1165,	1168,	1265,	1268,	1171,	1204,	1227,	1202,	1243,	1198,	1229,	1194,	1283,	1192,	1989,	2042,	2075,	2072,	1985,	2016,	2007,	2002,	2033,	2036,	1979,	2326,	2293,	2296,	2283,	1952,	1961,	1966,	2335,	2332,	2365,	2758,	2351,	2348,	2361,	2392,	2383,	2378,	2409,	2412,	2509,	2512,	2415,	2448,	2471,	2446,	2487,	2442,	2473,	2438,	2527,	2436,	
826,	823,	746,	771,	756,	761,	740,	811,	736,	809,	1054,	1057,	734,	709,	724,	719,	1040,	1069,	1044,	1071,	1102,	1099,	1122,	1147,	1132,	1137,	1116,	1527,	1112,	1525,	1170,	1271,	1220,	1201,	1206,	1225,	1228,	1241,	1208,	1239,	1258,	1195,	2070,	2067,	1990,	2015,	2000,	2005,	1984,	2055,	1980,	2053,	2298,	2301,	1978,	1953,	1968,	1963,	2284,	2313,	2288,	2315,	2346,	2343,	2366,	2391,	2376,	2381,	2360,	2771,	2356,	2769,	2414,	2515,	2464,	2445,	2450,	2469,	2472,	2485,	2452,	2483,	2502,	2439,	
799,	768,	825,	754,	773,	764,	757,	762,	739,	788,	1081,	712,	1055,	726,	707,	716,	723,	718,	1041,	1092,	1515,	1144,	1101,	1130,	1149,	1140,	1133,	1138,	1115,	1164,	1175,	1172,	1205,	1224,	1221,	1242,	1207,	1244,	1235,	1230,	1191,	1282,	2043,	2012,	2069,	1998,	2017,	2008,	2001,	2006,	1983,	2032,	2325,	1956,	2299,	1970,	1951,	1960,	1967,	1962,	2285,	2336,	2759,	2388,	2345,	2374,	2393,	2384,	2377,	2382,	2359,	2408,	2419,	2416,	2449,	2468,	2465,	2486,	2451,	2488,	2479,	2474,	2435,	2526,	
824,	747,	822,	767,	770,	755,	812,	817,	808,	737,	1056,	733,	1058,	713,	710,	725,	1068,	1063,	1072,	1043,	1100,	1123,	1098,	1143,	1146,	1131,	1528,	1533,	1524,	1113,	1272,	1217,	1174,	1219,	1248,	1245,	1222,	1231,	1238,	1209,	1234,	1257,	2068,	1991,	2066,	2011,	2014,	1999,	2056,	2061,	2052,	1981,	2300,	1977,	2302,	1957,	1954,	1969,	2312,	2307,	2316,	2287,	2344,	2367,	2342,	2387,	2390,	2375,	2772,	2777,	2768,	2357,	2516,	2461,	2418,	2463,	2492,	2489,	2466,	2475,	2482,	2453,	2478,	2501,	
821,	800,	769,	774,	753,	818,	765,	738,	787,	806,	1059,	1080,	711,	706,	727,	1062,	715,	1042,	1093,	1074,	1097,	1516,	1145,	1150,	1129,	1534,	1141,	1114,	1163,	1522,	1173,	1176,	1273,	1216,	1223,	1214,	1247,	1236,	1233,	1188,	1281,	1190,	2065,	2044,	2013,	2018,	1997,	2062,	2009,	1982,	2031,	2050,	2303,	2324,	1955,	1950,	1971,	2306,	1959,	2286,	2337,	2318,	2341,	2760,	2389,	2394,	2373,	2778,	2385,	2358,	2407,	2766,	2417,	2420,	2517,	2460,	2467,	2458,	2491,	2480,	2477,	2432,	2525,	2434,	
748,	775,	750,	819,	766,	813,	816,	807,	784,	781,	732,	705,	730,	1061,	714,	1067,	1064,	1073,	1096,	699,	1124,	1151,	1126,	1535,	1142,	1529,	1532,	1523,	1160,	1157,	1274,	1179,	1218,	1249,	1246,	1183,	1232,	1213,	1210,	1237,	1256,	1187,	1992,	2019,	1994,	2063,	2010,	2057,	2060,	2051,	2028,	2025,	1976,	1949,	1974,	2305,	1958,	2311,	2308,	2317,	2340,	1943,	2368,	2395,	2370,	2779,	2386,	2773,	2776,	2767,	2404,	2401,	2518,	2423,	2462,	2493,	2490,	2427,	2476,	2457,	2454,	2481,	2500,	2431,	
801,	820,	777,	814,	803,	752,	779,	782,	805,	786,	1079,	1060,	703,	1066,	1077,	728,	701,	698,	1075,	1094,	1517,	1536,	1153,	1530,	1519,	1128,	1155,	1158,	1521,	1162,	1177,	1250,	1181,	1276,	1215,	1252,	1211,	1278,	1185,	1254,	1189,	1280,	2045,	2064,	2021,	2058,	2047,	1996,	2023,	2026,	2049,	2030,	2323,	2304,	1947,	2310,	2321,	1972,	1945,	1942,	2319,	2338,	2761,	2780,	2397,	2774,	2763,	2372,	2399,	2402,	2765,	2406,	2421,	2494,	2425,	2520,	2459,	2496,	2455,	2522,	2429,	2498,	2433,	2524,	
776,	749,	802,	751,	778,	815,	804,	785,	780,	783,	704,	731,	1078,	729,	702,	1065,	1076,	1095,	700,	697,	1152,	1125,	1518,	1127,	1154,	1531,	1520,	1161,	1156,	1159,	1180,	1275,	1178,	1251,	1182,	1277,	1184,	1253,	1212,	1279,	1186,	1255,	2020,	1993,	2046,	1995,	2022,	2059,	2048,	2029,	2024,	2027,	1948,	1975,	2322,	1973,	1946,	2309,	2320,	2339,	1944,	1941,	2396,	2369,	2762,	2371,	2398,	2775,	2764,	2405,	2400,	2403,	2424,	2519,	2422,	2495,	2426,	2521,	2428,	2497,	2456,	2523,	2430,	2499,	
647,	600,	615,	612,	649,	602,	585,	610,	651,	654,	269,	662,	677,	674,	271,	664,	307,	672,	273,	276,	1569,	242,	1537,	254,	1571,	244,	227,	252,	1573,	1576,	1587,	1590,	1585,	1686,	1651,	1592,	1655,	1688,	1657,	1594,	1661,	1690,	1891,	1844,	1859,	1856,	1893,	1846,	1829,	1854,	1895,	1898,	3277,	1906,	1921,	1918,	3279,	1908,	3315,	1916,	3281,	3284,	2813,	3250,	2781,	3262,	2815,	3252,	3235,	3260,	2817,	2820,	2831,	2834,	2829,	2930,	2895,	2836,	2899,	2932,	2901,	2838,	2905,	2934,	
614,	617,	648,	601,	584,	611,	650,	653,	634,	609,	676,	679,	270,	663,	306,	673,	272,	275,	696,	671,	256,	1539,	1570,	243,	226,	253,	1572,	1575,	1556,	251,	1584,	1685,	1588,	1591,	1654,	1687,	1628,	1593,	1614,	1689,	1658,	1595,	1858,	1861,	1892,	1845,	1828,	1855,	1894,	1897,	1878,	1853,	1920,	1923,	3278,	1907,	3314,	1917,	3280,	3283,	1940,	1915,	3264,	2783,	2814,	3251,	3234,	3261,	2816,	2819,	2800,	3259,	2828,	2929,	2832,	2835,	2898,	2931,	2872,	2837,	2858,	2933,	2902,	2839,	
599,	646,	613,	616,	603,	572,	581,	586,	655,	652,	661,	268,	675,	678,	665,	294,	303,	308,	277,	274,	241,	1568,	255,	1538,	245,	214,	223,	228,	1577,	1574,	1589,	1586,	1683,	1650,	1627,	1652,	1611,	1656,	1625,	1660,	1691,	1662,	1843,	1890,	1857,	1860,	1847,	1816,	1825,	1830,	1899,	1896,	1905,	3276,	1919,	1922,	1909,	3302,	3311,	3316,	3285,	3282,	3249,	2812,	3263,	2782,	3253,	3222,	3231,	3236,	2821,	2818,	2833,	2830,	2927,	2894,	2871,	2896,	2855,	2900,	2869,	2904,	2935,	2906,	
618,	621,	598,	573,	588,	583,	604,	633,	608,	635,	680,	683,	660,	295,	310,	305,	666,	695,	670,	257,	1540,	1543,	240,	215,	230,	225,	246,	1555,	250,	1557,	1684,	1583,	1634,	1653,	1648,	1629,	1626,	1613,	1646,	1615,	1596,	1659,	1862,	1865,	1842,	1817,	1832,	1827,	1848,	1877,	1852,	1879,	1924,	1927,	1904,	3303,	3318,	3313,	1910,	1939,	1914,	3265,	2784,	2787,	3248,	3223,	3238,	3233,	3254,	2799,	3258,	2801,	2928,	2827,	2878,	2897,	2892,	2873,	2870,	2857,	2890,	2859,	2840,	2903,	
645,	576,	619,	590,	571,	580,	587,	582,	605,	656,	267,	298,	681,	312,	293,	302,	309,	304,	667,	278,	1567,	218,	1541,	232,	213,	222,	229,	224,	247,	1578,	1679,	1682,	1649,	1630,	1633,	1612,	1647,	1610,	1619,	1624,	1663,	1692,	1889,	1820,	1863,	1834,	1815,	1824,	1831,	1826,	1849,	1900,	3275,	3306,	1925,	3320,	3301,	3310,	3317,	3312,	1911,	3286,	2811,	3226,	2785,	3240,	3221,	3230,	3237,	3232,	3255,	2822,	2923,	2926,	2893,	2874,	2877,	2856,	2891,	2854,	2863,	2868,	2907,	2936,	
620,	597,	622,	577,	574,	589,	632,	627,	636,	607,	682,	659,	684,	299,	296,	311,	694,	689,	258,	669,	1542,	239,	1544,	219,	216,	231,	1554,	1549,	1558,	249,	1582,	1637,	1680,	1635,	1606,	1609,	1632,	1623,	1616,	1645,	1620,	1597,	1864,	1841,	1866,	1821,	1818,	1833,	1876,	1871,	1880,	1851,	1926,	1903,	1928,	3307,	3304,	3319,	1938,	1933,	3266,	1913,	2786,	3247,	2788,	3227,	3224,	3239,	2798,	2793,	2802,	3257,	2826,	2881,	2924,	2879,	2850,	2853,	2876,	2867,	2860,	2889,	2864,	2841,	
623,	644,	575,	570,	591,	626,	579,	606,	657,	638,	685,	266,	297,	292,	313,	688,	301,	668,	279,	260,	1545,	1566,	217,	212,	233,	1548,	221,	248,	1579,	1560,	1681,	1678,	1581,	1638,	1631,	1640,	1607,	1618,	1621,	1666,	1693,	1664,	1867,	1888,	1819,	1814,	1835,	1870,	1823,	1850,	1901,	1882,	1929,	3274,	3305,	3300,	3321,	1932,	3309,	1912,	3287,	3268,	2789,	2810,	3225,	3220,	3241,	2792,	3229,	3256,	2823,	2804,	2925,	2922,	2825,	2882,	2875,	2884,	2851,	2862,	2865,	2910,	2937,	2908,	
596,	569,	594,	625,	578,	631,	628,	637,	560,	563,	658,	291,	316,	687,	300,	693,	690,	259,	282,	285,	238,	211,	236,	1547,	220,	1553,	1550,	1559,	202,	205,	1580,	1675,	1636,	1605,	1608,	1671,	1622,	1641,	1644,	1617,	1598,	1667,	1840,	1813,	1838,	1869,	1822,	1875,	1872,	1881,	1804,	1807,	1902,	3299,	3324,	1931,	3308,	1937,	1934,	3267,	3290,	3293,	3246,	3219,	3244,	2791,	3228,	2797,	2794,	2803,	3210,	3213,	2824,	2919,	2880,	2849,	2852,	2915,	2866,	2885,	2888,	2861,	2842,	2911,	
643,	624,	567,	630,	641,	592,	565,	562,	639,	558,	265,	686,	289,	692,	263,	314,	287,	284,	261,	280,	1565,	1546,	209,	1552,	1563,	234,	207,	204,	1561,	200,	1677,	1604,	1673,	1698,	1639,	1602,	1643,	1696,	1669,	1600,	1665,	1694,	1887,	1868,	1811,	1874,	1885,	1836,	1809,	1806,	1883,	1802,	3273,	1930,	3297,	1936,	3271,	3322,	3295,	3292,	3269,	3288,	2809,	2790,	3217,	2796,	2807,	3242,	3215,	3212,	2805,	3208,	2921,	2848,	2917,	2942,	2883,	2846,	2887,	2940,	2913,	2844,	2909,	2938,	
568,	595,	642,	593,	566,	629,	640,	559,	564,	561,	290,	317,	264,	315,	288,	691,	262,	281,	286,	283,	210,	237,	1564,	235,	208,	1551,	1562,	201,	206,	203,	1674,	1699,	1676,	1603,	1672,	1697,	1670,	1601,	1642,	1695,	1668,	1599,	1812,	1839,	1886,	1837,	1810,	1873,	1884,	1803,	1808,	1805,	3298,	3325,	3272,	3323,	3296,	1935,	3270,	3289,	3294,	3291,	3218,	3245,	2808,	3243,	3216,	2795,	2806,	3209,	3214,	3211,	2918,	2943,	2920,	2847,	2916,	2941,	2914,	2845,	2886,	2939,	2912,	2843,	
527,	530,	525,	550,	555,	532,	553,	534,	557,	440,	415,	418,	413,	318,	323,	420,	321,	422,	325,	328,	169,	172,	167,	192,	197,	174,	195,	176,	199,	82,		73,		58,		61,		1700,	71,		52,		1721,	1706,	1709,	1728,	1719,	1736,	1771,	1774,	1769,	1794,	1799,	1776,	1797,	1778,	1801,	3448,	3423,	3426,	3421,	3326,	3331,	3428,	3329,	3430,	3333,	3336,	3177,	3180,	3175,	3200,	3205,	3182,	3203,	3184,	3207,	3090,	3081,	3066,	3069,	2944,	3079,	3060,	2965,	2950,	2953,	2972,	2963,	2980,	
524,	549,	528,	531,	552,	477,	556,	439,	510,	535,	412,	437,	416,	419,	320,	365,	324,	327,	398,	423,	166,	191,	170,	173,	194,	119,	198,	81,		152,	177,	60,		79,		72,		51,		62,		1701,	1708,	1727,	1720,	1735,	1710,	1729,	1768,	1793,	1772,	1775,	1796,	3485,	1800,	3447,	3518,	1779,	3420,	3445,	3424,	3427,	3328,	3373,	3332,	3335,	3406,	3431,	3174,	3199,	3178,	3181,	3202,	3127,	3206,	3089,	3160,	3185,	3068,	3087,	3080,	3059,	3070,	2945,	2952,	2971,	2964,	2979,	2954,	2973,	
529,	526,	551,	480,	465,	554,	533,	478,	441,	438,	417,	414,	319,	368,	353,	322,	421,	366,	329,	326,	171,	168,	193,	122,	107,	196,	175,	120,	83,		80,		57,		74,		59,		1702,	53,		70,		1705,	1722,	1707,	1730,	1737,	1718,	1773,	1770,	1795,	3488,	3473,	1798,	1777,	3486,	3449,	3446,	3425,	3422,	3327,	3376,	3361,	3330,	3429,	3374,	3337,	3334,	3179,	3176,	3201,	3130,	3115,	3204,	3183,	3128,	3091,	3088,	3065,	3082,	3067,	2946,	3061,	3078,	2949,	2966,	2951,	2974,	2981,	2962,	
548,	523,	464,	461,	484,	479,	476,	509,	536,	511,	436,	411,	352,	349,	372,	367,	364,	397,	424,	399,	190,	165,	106,	103,	126,	121,	118,	151,	178,	153,	78,		67,		76,		63,		50,		1703,	1726,	1715,	1724,	1711,	1734,	1731,	1792,	1767,	3472,	3469,	3492,	3487,	3484,	3517,	1780,	3519,	3444,	3419,	3360,	3357,	3380,	3375,	3372,	3405,	3432,	3407,	3198,	3173,	3114,	3111,	3134,	3129,	3126,	3159,	3186,	3161,	3086,	3075,	3084,	3071,	3058,	2947,	2970,	2959,	2968,	2955,	2978,	2975,	
463,	460,	487,	466,	481,	508,	483,	506,	475,	442,	351,	348,	375,	354,	369,	396,	371,	394,	363,	330,	105,	102,	129,	108,	123,	150,	125,	148,	117,	84,		75,		56,		65,		48,		69,		54,		1723,	1704,	1713,	1732,	1717,	1738,	3471,	3468,	3495,	3474,	3489,	3516,	3491,	3514,	3483,	3450,	3359,	3356,	3383,	3362,	3377,	3404,	3379,	3402,	3371,	3338,	3113,	3110,	3137,	3116,	3131,	3158,	3133,	3156,	3125,	3092,	3083,	3064,	3073,	3056,	3077,	3062,	2967,	2948,	2957,	2976,	2961,	2982,	
522,	547,	462,	485,	502,	505,	474,	443,	512,	537,	410,	435,	350,	373,	390,	393,	362,	331,	400,	425,	164,	189,	104,	127,	144,	147,	116,	85,		154,	179,	66,		77,		68,		55,		64,		49,		1714,	1725,	1716,	1739,	1712,	1733,	1766,	1791,	3470,	3493,	3510,	3513,	3482,	3451,	3520,	1781,	3418,	3443,	3358,	3381,	3398,	3401,	3370,	3339,	3408,	3433,	3172,	3197,	3112,	3135,	3152,	3155,	3124,	3093,	3162,	3187,	3074,	3085,	3076,	3063,	3072,	3057,	2958,	2969,	2960,	2983,	2956,	2977,	
459,	486,	503,	488,	467,	482,	507,	492,	471,	444,	347,	374,	391,	376,	355,	370,	395,	380,	359,	332,	101,	128,	145,	130,	109,	124,	149,	134,	113,	86,		45,		24,		21,		38,		47,		30,		11,		1754,	1751,	4,		1741,	1760,	3467,	3494,	3511,	3496,	3475,	3490,	3515,	3500,	3479,	3452,	3355,	3382,	3399,	3384,	3363,	3378,	3403,	3388,	3367,	3340,	3109,	3136,	3153,	3138,	3117,	3132,	3157,	3142,	3121,	3094,	3053,	3032,	3029,	3046,	3055,	3038,	3019,	2998,	2995,	3012,	2985,	3004,	
546,	521,	458,	501,	504,	491,	496,	473,	538,	513,	434,	409,	346,	389,	392,	379,	384,	361,	426,	401,	188,	163,	100,	143,	146,	133,	138,	115,	180,	155,	22,		39,		46,		31,		20,		37,		1752,	5,		1740,	1761,	1750,	3,		1790,	1765,	3466,	3509,	3512,	3499,	3504,	3481,	1782,	3521,	3442,	3417,	3354,	3397,	3400,	3387,	3392,	3369,	3434,	3409,	3196,	3171,	3108,	3151,	3154,	3141,	3146,	3123,	3188,	3163,	3030,	3047,	3054,	3039,	3028,	3045,	2996,	3013,	2984,	3005,	2994,	3011,	
457,	500,	489,	468,	495,	498,	493,	470,	445,	472,	345,	388,	377,	356,	383,	386,	381,	358,	333,	360,	99,		142,	131,	110,	137,	140,	135,	112,	87,		114,	25,		44,		23,		36,		29,		12,		1755,	10,		1753,	2,		1759,	1742,	3465,	3508,	3497,	3476,	3503,	3506,	3501,	3478,	3453,	3480,	3353,	3396,	3385,	3364,	3391,	3394,	3389,	3366,	3341,	3368,	3107,	3150,	3139,	3118,	3145,	3148,	3143,	3120,	3095,	3122,	3033,	3052,	3031,	3044,	3037,	3020,	2999,	3018,	2997,	3010,	3003,	2986,	
520,	545,	454,	499,	490,	469,	448,	497,	514,	539,	408,	433,	342,	387,	378,	357,	336,	385,	402,	427,	162,	187,	96,		141,	132,	111,	90,		139,	156,	181,	40,		15,		42,		19,		32,		35,		6,		1745,	8,		1749,	1762,	1,		1764,	1789,	3462,	3507,	3498,	3477,	3456,	3505,	3522,	1783,	3416,	3441,	3350,	3395,	3386,	3365,	3344,	3393,	3410,	3435,	3170,	3195,	3104,	3149,	3140,	3119,	3098,	3147,	3164,	3189,	3048,	3023,	3050,	3027,	3040,	3043,	3014,	2989,	3016,	2993,	3006,	3009,	
453,	456,	543,	518,	451,	494,	541,	516,	449,	446,	341,	344,	431,	406,	339,	382,	429,	404,	337,	334,	95,		98,		185,	160,	93,		136,	183,	158,	91,		88,		43,		26,		17,		34,		13,		28,		9,		1756,	1747,	0,		1743,	1758,	3461,	3464,	1787,	3526,	3459,	3502,	1785,	3524,	3457,	3454,	3349,	3352,	3439,	3414,	3347,	3390,	3437,	3412,	3345,	3342,	3103,	3106,	3193,	3168,	3101,	3144,	3191,	3166,	3099,	3096,	3051,	3034,	3025,	3042,	3021,	3036,	3017,	3000,	2991,	3008,	2987,	3002,	
544,	519,	452,	455,	542,	517,	450,	447,	540,	515,	432,	407,	340,	343,	430,	405,	338,	335,	428,	403,	186,	161,	94,		97,		184,	159,	92,		89,		182,	157,	16,		41,		14,		27,		18,		33,		1746,	7,		1744,	1757,	1748,	1763,	1788,	3527,	3460,	3463,	1786,	3525,	3458,	3455,	1784,	3523,	3440,	3415,	3348,	3351,	3438,	3413,	3346,	3343,	3436,	3411,	3194,	3169,	3102,	3105,	3192,	3167,	3100,	3097,	3190,	3165,	3024,	3049,	3022,	3035,	3026,	3041,	2990,	3015,	2988,	3001,	2992,	3007,	
5699,	5746,	5731,	5734,	5697,	5744,	5761,	5736,	5695,	5692,	5603,	5650,	5635,	5638,	5601,	5648,	5665,	5640,	5599,	5596,	6963,	6916,	6931,	6928,	6965,	6918,	6901,	6926,	6967,	6970,	6981,	6984,	6979,	5316,	7045,	6986,	7049,	5318,	7051,	6988,	7055,	5320,	5291,	5244,	5259,	5256,	3529,	5246,	5229,	5254,	3531,	3534,	3623,	3576,	3591,	3588,	3625,	3578,	3561,	3586,	3627,	3630,	4027,	4074,	4059,	4062,	4025,	4072,	4089,	4064,	4023,	4020,	4009,	4006,	4011,	3910,	3945,	4004,	3941,	3908,	3939,	4002,	3935,	3906,	
5732,	5729,	5698,	5745,	5762,	5735,	5696,	5693,	5712,	5737,	5636,	5633,	5602,	5649,	5666,	5639,	5600,	5597,	5616,	5641,	6930,	6933,	6964,	6917,	6900,	6927,	6966,	6969,	6950,	6925,	6978,	5315,	6982,	6985,	7048,	5317,	7022,	6987,	7008,	5319,	7052,	6989,	5258,	5261,	3528,	5245,	5228,	5255,	3530,	3533,	5278,	5253,	3590,	3593,	3624,	3577,	3560,	3587,	3626,	3629,	3610,	3585,	4060,	4057,	4026,	4073,	4090,	4063,	4024,	4021,	4040,	4065,	4012,	3911,	4008,	4005,	3942,	3909,	3968,	4003,	3982,	3907,	3938,	4001,	
5747,	5700,	5733,	5730,	5743,	5774,	5765,	5760,	5691,	5694,	5651,	5604,	5637,	5634,	5647,	5678,	5669,	5664,	5595,	5598,	6915,	6962,	6929,	6932,	6919,	6888,	6897,	6902,	6971,	6968,	6983,	6980,	5313,	7044,	7021,	7046,	7005,	7050,	7019,	7054,	5321,	5292,	5243,	5290,	5257,	5260,	5247,	5216,	5225,	5230,	3535,	3532,	3575,	3622,	3589,	3592,	3579,	3548,	3557,	3562,	3631,	3628,	4075,	4028,	4061,	4058,	4071,	4102,	4093,	4088,	4019,	4022,	4007,	4010,	3913,	3946,	3969,	3944,	3985,	3940,	3971,	3936,	3905,	3934,	
5728,	5725,	5748,	5773,	5758,	5763,	5742,	5713,	5738,	5711,	5632,	5629,	5652,	5677,	5662,	5667,	5646,	5617,	5642,	5615,	6934,	6937,	6914,	6889,	6904,	6899,	6920,	6949,	6924,	6951,	5314,	6977,	7028,	7047,	7042,	7023,	7020,	7007,	7040,	7009,	6990,	7053,	5262,	5265,	5242,	5217,	5232,	5227,	5248,	5277,	5252,	5279,	3594,	3597,	3574,	3549,	3564,	3559,	3580,	3609,	3584,	3611,	4056,	4053,	4076,	4101,	4086,	4091,	4070,	4041,	4066,	4039,	3912,	4013,	3962,	3943,	3948,	3967,	3970,	3983,	3950,	3981,	4000,	3937,	
5701,	5770,	5727,	5756,	5775,	5766,	5759,	5764,	5741,	5690,	5605,	5674,	5631,	5660,	5679,	5670,	5663,	5668,	5645,	5594,	6961,	6892,	6935,	6906,	6887,	6896,	6903,	6898,	6921,	6972,	5309,	5312,	7043,	7024,	7027,	7006,	7041,	7004,	7013,	7018,	5293,	5322,	5289,	5220,	5263,	5234,	5215,	5224,	5231,	5226,	5249,	3536,	3621,	3552,	3595,	3566,	3547,	3556,	3563,	3558,	3581,	3632,	4029,	4098,	4055,	4084,	4103,	4094,	4087,	4092,	4069,	4018,	3917,	3914,	3947,	3966,	3963,	3984,	3949,	3986,	3977,	3972,	3933,	3904,	
5726,	5749,	5724,	5769,	5772,	5757,	5714,	5719,	5710,	5739,	5630,	5653,	5628,	5673,	5676,	5661,	5618,	5623,	5614,	5643,	6936,	6913,	6938,	6893,	6890,	6905,	6948,	6943,	6952,	6923,	6976,	7031,	5310,	7029,	7000,	7003,	7026,	7017,	7010,	7039,	7014,	6991,	5264,	5241,	5266,	5221,	5218,	5233,	5276,	5271,	5280,	5251,	3596,	3573,	3598,	3553,	3550,	3565,	3608,	3603,	3612,	3583,	4054,	4077,	4052,	4097,	4100,	4085,	4042,	4047,	4038,	4067,	4014,	3959,	3916,	3961,	3990,	3987,	3964,	3973,	3980,	3951,	3976,	3999,	
5723,	5702,	5771,	5776,	5755,	5720,	5767,	5740,	5689,	5708,	5627,	5606,	5675,	5680,	5659,	5624,	5671,	5644,	5593,	5612,	6939,	6960,	6891,	6886,	6907,	6942,	6895,	6922,	6973,	6954,	5311,	5308,	6975,	7032,	7025,	7034,	7001,	7012,	7015,	5296,	5323,	5294,	5267,	5288,	5219,	5214,	5235,	5270,	5223,	5250,	3537,	5282,	3599,	3620,	3551,	3546,	3567,	3602,	3555,	3582,	3633,	3614,	4051,	4030,	4099,	4104,	4083,	4048,	4095,	4068,	4017,	4036,	3915,	3918,	4015,	3958,	3965,	3956,	3989,	3978,	3975,	3930,	3903,	3932,	
5750,	5777,	5752,	5721,	5768,	5715,	5718,	5709,	5686,	5683,	5654,	5681,	5656,	5625,	5672,	5619,	5622,	5613,	5590,	5587,	6912,	6885,	6910,	6941,	6894,	6947,	6944,	6953,	6876,	6879,	6974,	5305,	7030,	6999,	7002,	5301,	7016,	7035,	7038,	7011,	6992,	5297,	5240,	5213,	5238,	5269,	5222,	5275,	5272,	5281,	3540,	3543,	3572,	3545,	3570,	3601,	3554,	3607,	3604,	3613,	3636,	3639,	4078,	4105,	4080,	4049,	4096,	4043,	4046,	4037,	4114,	4111,	4016,	3921,	3960,	3991,	3988,	3925,	3974,	3955,	3952,	3979,	3998,	3929,	
5703,	5722,	5779,	5716,	5705,	5754,	5781,	5684,	5707,	5688,	5607,	5626,	5583,	5620,	5609,	5658,	5585,	5588,	5611,	5592,	6959,	6940,	6883,	6946,	6957,	6908,	6881,	6878,	6955,	6874,	5307,	6998,	5303,	5328,	7033,	6996,	7037,	5326,	5299,	6994,	5295,	5324,	5287,	5268,	5211,	5274,	5285,	5236,	5209,	3542,	5283,	3538,	3619,	3600,	3643,	3606,	3617,	3568,	3641,	3638,	3615,	3634,	4031,	4050,	4107,	4044,	4033,	4082,	4109,	4112,	4035,	4116,	3919,	3992,	3923,	3898,	3957,	3994,	3953,	3900,	3927,	3996,	3931,	3902,	
5778,	5751,	5704,	5753,	5780,	5717,	5706,	5687,	5782,	5685,	5682,	5655,	5608,	5657,	5584,	5621,	5610,	5591,	5586,	5589,	6884,	6911,	6958,	6909,	6882,	6945,	6956,	6875,	6880,	6877,	5304,	5329,	5306,	6997,	5302,	5327,	5300,	6995,	7036,	5325,	5298,	6993,	5212,	5239,	5286,	5237,	5210,	5273,	5284,	3539,	5208,	3541,	3544,	3571,	3618,	3569,	3642,	3605,	3616,	3635,	3640,	3637,	4106,	4079,	4032,	4081,	4108,	4045,	4034,	4115,	4110,	4113,	3922,	3897,	3920,	3993,	3924,	3899,	3926,	3995,	3954,	3901,	3928,	3997,	
5821,	5874,	5789,	5786,	5823,	5876,	5859,	5784,	5825,	5828,	5535,	5582,	5567,	5570,	5533,	5580,	5897,	5572,	5531,	5528,	6869,	5498,	5513,	5510,	6871,	5500,	5483,	5508,	6873,	5452,	5351,	5354,	5349,	5330,	5415,	5356,	5419,	5332,	5421,	5358,	5425,	5334,	5169,	5116,	5201,	5204,	5167,	5114,	5131,	5206,	5165,	5162,	3691,	3644,	3659,	3656,	3693,	3646,	5093,	3654,	3695,	3698,	4121,	3728,	3713,	3716,	4119,	3726,	3743,	3718,	4117,	3774,	3875,	3872,	3877,	3896,	3811,	3870,	3807,	3894,	3805,	3868,	3801,	3892,	
5788,	5791,	5822,	5875,	5858,	5785,	5824,	5827,	5808,	5783,	5568,	5565,	5534,	5581,	5898,	5571,	5532,	5529,	5548,	5573,	5512,	5515,	6870,	5499,	5482,	5509,	6872,	5451,	6856,	5507,	5348,	5449,	5352,	5355,	5418,	5331,	5392,	5357,	5378,	5333,	5422,	5359,	5202,	5199,	5168,	5115,	5132,	5205,	5166,	5163,	5182,	5207,	3658,	3661,	3692,	3645,	5092,	3655,	3694,	3697,	3678,	3653,	3714,	3711,	4120,	3727,	3744,	3717,	4118,	3775,	4134,	3719,	3878,	3777,	3874,	3871,	3808,	3895,	3834,	3869,	3848,	3893,	3804,	3867,	
5873,	5820,	5787,	5790,	5877,	5846,	5855,	5860,	5829,	5826,	5883,	5536,	5569,	5566,	5579,	5910,	5901,	5896,	5527,	5530,	5497,	6868,	5511,	5514,	5501,	5470,	5479,	5484,	5453,	5450,	5353,	5350,	5447,	5414,	5391,	5416,	5375,	5420,	5389,	5424,	5335,	5426,	5117,	5170,	5203,	5200,	5113,	5144,	5135,	5130,	5161,	5164,	5107,	3690,	3657,	3660,	3647,	5080,	5089,	5094,	3699,	3696,	3729,	4122,	3715,	3712,	3725,	3756,	3747,	3742,	3773,	3776,	3873,	3876,	3779,	3812,	3835,	3810,	3851,	3806,	3837,	3802,	3891,	3800,	
5792,	5795,	5872,	5847,	5862,	5857,	5878,	5807,	5882,	5809,	5564,	5561,	5884,	5909,	5894,	5899,	5578,	5549,	5574,	5547,	5516,	5519,	5496,	5471,	5486,	5481,	5502,	6855,	5506,	6857,	5448,	5347,	5398,	5417,	5412,	5393,	5390,	5377,	5410,	5379,	5360,	5423,	5198,	5195,	5118,	5143,	5128,	5133,	5112,	5183,	5108,	5181,	3662,	3665,	5106,	5081,	5096,	5091,	3648,	3677,	3652,	3679,	3710,	3707,	3730,	3755,	3740,	3745,	3724,	4135,	3720,	4133,	3778,	3879,	3828,	3809,	3814,	3833,	3836,	3849,	3816,	3847,	3866,	3803,	
5819,	5850,	5793,	5864,	5845,	5854,	5861,	5856,	5879,	5830,	5537,	5906,	5563,	5892,	5911,	5902,	5895,	5900,	5577,	5526,	6867,	5474,	5517,	5488,	5469,	5478,	5485,	5480,	5503,	5454,	5443,	5446,	5413,	5394,	5397,	5376,	5411,	5374,	5383,	5388,	5427,	5336,	5171,	5140,	5197,	5126,	5145,	5136,	5129,	5134,	5111,	5160,	3689,	5084,	3663,	5098,	5079,	5088,	5095,	5090,	3649,	3700,	4123,	3752,	3709,	3738,	3757,	3748,	3741,	3746,	3723,	3772,	3783,	3780,	3813,	3832,	3829,	3850,	3815,	3852,	3843,	3838,	3799,	3890,	
5794,	5871,	5796,	5851,	5848,	5863,	5806,	5801,	5810,	5881,	5562,	5885,	5560,	5905,	5908,	5893,	5550,	5555,	5546,	5575,	5518,	5495,	5520,	5475,	5472,	5487,	6854,	6849,	6858,	5505,	5346,	5401,	5444,	5399,	5370,	5373,	5396,	5387,	5380,	5409,	5384,	5361,	5196,	5119,	5194,	5139,	5142,	5127,	5184,	5189,	5180,	5109,	3664,	5105,	3666,	5085,	5082,	5097,	3676,	3671,	3680,	3651,	3708,	3731,	3706,	3751,	3754,	3739,	4136,	4141,	4132,	3721,	3880,	3825,	3782,	3827,	3856,	3853,	3830,	3839,	3846,	3817,	3842,	3865,	
5797,	5818,	5849,	5844,	5865,	5800,	5853,	5880,	5831,	5812,	5559,	5538,	5907,	5912,	5891,	5556,	5903,	5576,	5525,	5544,	5521,	6866,	5473,	5468,	5489,	6848,	5477,	5504,	5455,	6860,	5445,	5442,	5345,	5402,	5395,	5404,	5371,	5382,	5385,	5430,	5337,	5428,	5193,	5172,	5141,	5146,	5125,	5190,	5137,	5110,	5159,	5178,	3667,	3688,	5083,	5078,	5099,	3670,	5087,	3650,	3701,	3682,	3705,	4124,	3753,	3758,	3737,	4142,	3749,	3722,	3771,	4130,	3781,	3784,	3881,	3824,	3831,	3822,	3855,	3844,	3841,	3796,	3889,	3798,	
5870,	5843,	5868,	5799,	5852,	5805,	5802,	5811,	5834,	5837,	5886,	5913,	5888,	5557,	5904,	5551,	5554,	5545,	5522,	5919,	5494,	5467,	5492,	6847,	5476,	6853,	6850,	6859,	5458,	5461,	5344,	5439,	5400,	5369,	5372,	5435,	5386,	5405,	5408,	5381,	5362,	5431,	5120,	5147,	5122,	5191,	5138,	5185,	5188,	5179,	5156,	5153,	5104,	5077,	5102,	3669,	5086,	3675,	3672,	3681,	3704,	5071,	3732,	3759,	3734,	4143,	3750,	4137,	4140,	4131,	3768,	3765,	3882,	3787,	3826,	3857,	3854,	3791,	3840,	3821,	3818,	3845,	3864,	3795,	
5817,	5798,	5841,	5804,	5815,	5866,	5839,	5836,	5813,	5832,	5539,	5558,	5915,	5552,	5541,	5890,	5917,	5920,	5543,	5524,	6865,	6846,	5465,	6852,	6863,	5490,	5463,	5460,	6861,	5456,	5441,	5368,	5437,	5342,	5403,	5366,	5407,	5340,	5433,	5364,	5429,	5338,	5173,	5192,	5149,	5186,	5175,	5124,	5151,	5154,	5177,	5158,	3687,	3668,	5075,	3674,	3685,	5100,	5073,	5070,	3683,	3702,	4125,	4144,	3761,	4138,	4127,	3736,	3763,	3766,	4129,	3770,	3785,	3858,	3789,	3884,	3823,	3860,	3819,	3886,	3793,	3862,	3797,	3888,	
5842,	5869,	5816,	5867,	5840,	5803,	5814,	5833,	5838,	5835,	5914,	5887,	5540,	5889,	5916,	5553,	5542,	5523,	5918,	5921,	5466,	5493,	6864,	5491,	5464,	6851,	6862,	5457,	5462,	5459,	5438,	5343,	5440,	5367,	5436,	5341,	5434,	5365,	5406,	5339,	5432,	5363,	5148,	5121,	5174,	5123,	5150,	5187,	5176,	5157,	5152,	5155,	5076,	5103,	3686,	5101,	5074,	3673,	3684,	3703,	5072,	5069,	3760,	3733,	4126,	3735,	3762,	4139,	4128,	3769,	3764,	3767,	3788,	3883,	3786,	3859,	3790,	3885,	3792,	3861,	3820,	3887,	3794,	3863,	
5971,	6018,	6003,	6006,	5969,	6016,	6033,	6008,	5967,	5964,	6349,	5956,	5941,	5944,	6347,	5954,	6311,	5946,	6345,	6342,	6813,	6376,	6845,	6364,	6811,	6374,	6391,	6366,	6809,	6806,	6795,	6792,	6797,	6696,	6731,	6790,	6727,	6694,	6725,	6788,	6721,	6692,	5019,	4972,	4987,	4984,	5021,	4974,	4957,	4982,	5023,	5026,	4641,	5034,	5049,	5046,	4643,	5036,	4679,	5044,	4645,	4648,	4177,	4614,	4145,	4626,	4179,	4616,	4599,	4624,	4181,	4184,	4195,	4198,	4193,	4294,	4259,	4200,	4263,	4296,	4265,	4202,	4269,	4298,	
6004,	6001,	5970,	6017,	6034,	6007,	5968,	5965,	5984,	6009,	5942,	5939,	6348,	5955,	6312,	5945,	6346,	6343,	5922,	5947,	6362,	6843,	6812,	6375,	6392,	6365,	6810,	6807,	6826,	6367,	6798,	6697,	6794,	6791,	6728,	6695,	6754,	6789,	6768,	6693,	6724,	6787,	4986,	4989,	5020,	4973,	4956,	4983,	5022,	5025,	5006,	4981,	5048,	5051,	4642,	5035,	4678,	5045,	4644,	4647,	5068,	5043,	4628,	4147,	4178,	4615,	4598,	4625,	4180,	4183,	4164,	4623,	4192,	4293,	4196,	4199,	4262,	4295,	4236,	4201,	4222,	4297,	4266,	4203,	
6019,	5972,	6005,	6002,	6015,	6046,	6037,	6032,	5963,	5966,	5957,	6350,	5943,	5940,	5953,	6324,	6315,	6310,	6341,	6344,	6377,	6814,	6363,	6844,	6373,	6404,	6395,	6390,	6805,	6808,	6793,	6796,	6699,	6732,	6755,	6730,	6771,	6726,	6757,	6722,	6691,	6720,	4971,	5018,	4985,	4988,	4975,	4944,	4953,	4958,	5027,	5024,	5033,	4640,	5047,	5050,	5037,	4666,	4675,	4680,	4649,	4646,	4613,	4176,	4627,	4146,	4617,	4586,	4595,	4600,	4185,	4182,	4197,	4194,	4291,	4258,	4235,	4260,	4219,	4264,	4233,	4268,	4299,	4270,	
6000,	5997,	6020,	6045,	6030,	6035,	6014,	5985,	6010,	5983,	5938,	5935,	5958,	6323,	6308,	6313,	5952,	5923,	5948,	6361,	6842,	6839,	6378,	6403,	6388,	6393,	6372,	6827,	6368,	6825,	6698,	6799,	6748,	6729,	6734,	6753,	6756,	6769,	6736,	6767,	6786,	6723,	4990,	4993,	4970,	4945,	4960,	4955,	4976,	5005,	4980,	5007,	5052,	5055,	5032,	4667,	4682,	4677,	5038,	5067,	5042,	4629,	4148,	4151,	4612,	4587,	4602,	4597,	4618,	4163,	4622,	4165,	4292,	4191,	4242,	4261,	4256,	4237,	4234,	4221,	4254,	4223,	4204,	4267,	
5973,	6042,	5999,	6028,	6047,	6038,	6031,	6036,	6013,	5962,	6351,	6320,	5937,	6306,	6325,	6316,	6309,	6314,	5951,	6340,	6815,	6400,	6841,	6386,	6405,	6396,	6389,	6394,	6371,	6804,	6703,	6700,	6733,	6752,	6749,	6770,	6735,	6772,	6763,	6758,	6719,	6690,	5017,	4948,	4991,	4962,	4943,	4952,	4959,	4954,	4977,	5028,	4639,	4670,	5053,	4684,	4665,	4674,	4681,	4676,	5039,	4650,	4175,	4590,	4149,	4604,	4585,	4594,	4601,	4596,	4619,	4186,	4287,	4290,	4257,	4238,	4241,	4220,	4255,	4218,	4227,	4232,	4271,	4300,	
5998,	6021,	5996,	6041,	6044,	6029,	5986,	5991,	5982,	6011,	5936,	5959,	5934,	6319,	6322,	6307,	5924,	5929,	6360,	5949,	6840,	6379,	6838,	6399,	6402,	6387,	6828,	6833,	6824,	6369,	6800,	6745,	6702,	6747,	6776,	6773,	6750,	6759,	6766,	6737,	6762,	6785,	4992,	4969,	4994,	4949,	4946,	4961,	5004,	4999,	5008,	4979,	5054,	5031,	5056,	4671,	4668,	4683,	5066,	5061,	4630,	5041,	4150,	4611,	4152,	4591,	4588,	4603,	4162,	4157,	4166,	4621,	4190,	4245,	4288,	4243,	4214,	4217,	4240,	4231,	4224,	4253,	4228,	4205,	
5995,	5974,	6043,	6048,	6027,	5992,	6039,	6012,	5961,	5980,	5933,	6352,	6321,	6326,	6305,	5930,	6317,	5950,	6339,	6358,	6837,	6816,	6401,	6406,	6385,	6834,	6397,	6370,	6803,	6822,	6701,	6704,	6801,	6744,	6751,	6742,	6775,	6764,	6761,	6716,	6689,	6718,	4995,	5016,	4947,	4942,	4963,	4998,	4951,	4978,	5029,	5010,	5057,	4638,	4669,	4664,	4685,	5060,	4673,	5040,	4651,	4632,	4153,	4174,	4589,	4584,	4605,	4156,	4593,	4620,	4187,	4168,	4289,	4286,	4189,	4246,	4239,	4248,	4215,	4226,	4229,	4274,	4301,	4272,	
6022,	6049,	6024,	5993,	6040,	5987,	5990,	5981,	6058,	6055,	5960,	6327,	6302,	5931,	6318,	5925,	5928,	6359,	6336,	6333,	6380,	6407,	6382,	6835,	6398,	6829,	6832,	6823,	6416,	6413,	6802,	6707,	6746,	6777,	6774,	6711,	6760,	6741,	6738,	6765,	6784,	6715,	4968,	4941,	4966,	4997,	4950,	5003,	5000,	5009,	4932,	4935,	5030,	4663,	4688,	5059,	4672,	5065,	5062,	4631,	4654,	4657,	4610,	4583,	4608,	4155,	4592,	4161,	4158,	4167,	4574,	4577,	4188,	4283,	4244,	4213,	4216,	4279,	4230,	4249,	4252,	4225,	4206,	4275,	
5975,	5994,	6051,	5988,	5977,	6026,	6053,	6056,	5979,	6060,	6353,	5932,	6329,	5926,	6355,	6304,	6331,	6334,	6357,	6338,	6817,	6836,	6409,	6830,	6819,	6384,	6411,	6414,	6821,	6418,	6705,	6778,	6709,	6684,	6743,	6780,	6739,	6686,	6713,	6782,	6717,	6688,	5015,	4996,	4939,	5002,	5013,	4964,	4937,	4934,	5011,	4930,	4637,	5058,	4661,	5064,	4635,	4686,	4659,	4656,	4633,	4652,	4173,	4154,	4581,	4160,	4171,	4606,	4579,	4576,	4169,	4572,	4285,	4212,	4281,	4306,	4247,	4210,	4251,	4304,	4277,	4208,	4273,	4302,	
6050,	6023,	5976,	6025,	6052,	5989,	5978,	6059,	6054,	6057,	6328,	6301,	6354,	6303,	6330,	5927,	6356,	6337,	6332,	6335,	6408,	6381,	6818,	6383,	6410,	6831,	6820,	6417,	6412,	6415,	6708,	6683,	6706,	6779,	6710,	6685,	6712,	6781,	6740,	6687,	6714,	6783,	4940,	4967,	5014,	4965,	4938,	5001,	5012,	4931,	4936,	4933,	4662,	4689,	4636,	4687,	4660,	5063,	4634,	4653,	4658,	4655,	4582,	4609,	4172,	4607,	4580,	4159,	4170,	4573,	4578,	4575,	4282,	4307,	4284,	4211,	4280,	4305,	4278,	4209,	4250,	4303,	4276,	4207,	
6091,	6088,	6093,	6068,	6063,	6086,	6065,	6084,	6061,	6178,	6203,	6200,	6205,	6300,	6295,	6198,	6297,	6196,	6293,	6290,	6449,	6446,	6451,	6426,	6421,	6444,	6423,	6442,	6419,	6536,	6545,	6560,	6557,	6682,	6547,	6566,	6661,	6676,	6673,	6654,	6663,	6646,	4899,	4902,	4897,	4922,	4927,	4904,	4925,	4906,	4929,	4812,	4787,	4790,	4785,	4690,	4695,	4792,	4693,	4794,	4697,	4700,	4541,	4544,	4539,	4564,	4569,	4546,	4567,	4548,	4571,	4454,	4445,	4430,	4433,	4308,	4443,	4424,	4329,	4314,	4317,	4336,	4327,	4344,	
6094,	6069,	6090,	6087,	6066,	6141,	6062,	6179,	6108,	6083,	6206,	6181,	6202,	6199,	6298,	6253,	6294,	6291,	6220,	6195,	6452,	6427,	6448,	6445,	6424,	6499,	6420,	6537,	6466,	6441,	6558,	6539,	6546,	6567,	6556,	6681,	6674,	6655,	6662,	6647,	6672,	6653,	4896,	4921,	4900,	4903,	4924,	4849,	4928,	4811,	4882,	4907,	4784,	4809,	4788,	4791,	4692,	4737,	4696,	4699,	4770,	4795,	4538,	4563,	4542,	4545,	4566,	4491,	4570,	4453,	4524,	4549,	4432,	4451,	4444,	4423,	4434,	4309,	4316,	4335,	4328,	4343,	4318,	4337,	
6089,	6092,	6067,	6138,	6153,	6064,	6085,	6140,	6177,	6180,	6201,	6204,	6299,	6250,	6265,	6296,	6197,	6252,	6289,	6292,	6447,	6450,	6425,	6496,	6511,	6422,	6443,	6498,	6535,	6538,	6561,	6544,	6559,	6680,	6565,	6548,	6677,	6660,	6675,	6652,	6645,	6664,	4901,	4898,	4923,	4852,	4837,	4926,	4905,	4850,	4813,	4810,	4789,	4786,	4691,	4740,	4725,	4694,	4793,	4738,	4701,	4698,	4543,	4540,	4565,	4494,	4479,	4568,	4547,	4492,	4455,	4452,	4429,	4446,	4431,	4310,	4425,	4442,	4313,	4330,	4315,	4338,	4345,	4326,	
6070,	6095,	6154,	6157,	6134,	6139,	6142,	6109,	6082,	6107,	6182,	6207,	6266,	6269,	6246,	6251,	6254,	6221,	6194,	6219,	6428,	6453,	6512,	6515,	6492,	6497,	6500,	6467,	6440,	6465,	6540,	6551,	6542,	6555,	6568,	6679,	6656,	6667,	6658,	6671,	6648,	6651,	4920,	4895,	4836,	4833,	4856,	4851,	4848,	4881,	4908,	4883,	4808,	4783,	4724,	4721,	4744,	4739,	4736,	4769,	4796,	4771,	4562,	4537,	4478,	4475,	4498,	4493,	4490,	4523,	4550,	4525,	4450,	4439,	4448,	4435,	4422,	4311,	4334,	4323,	4332,	4319,	4342,	4339,	
6155,	6158,	6131,	6152,	6137,	6110,	6135,	6112,	6143,	6176,	6267,	6270,	6243,	6264,	6249,	6222,	6247,	6224,	6255,	6288,	6513,	6516,	6489,	6510,	6495,	6468,	6493,	6470,	6501,	6534,	6543,	6562,	6553,	6570,	6549,	6564,	6659,	6678,	6669,	6650,	6665,	6644,	4835,	4832,	4859,	4838,	4853,	4880,	4855,	4878,	4847,	4814,	4723,	4720,	4747,	4726,	4741,	4768,	4743,	4766,	4735,	4702,	4477,	4474,	4501,	4480,	4495,	4522,	4497,	4520,	4489,	4456,	4447,	4428,	4437,	4420,	4441,	4426,	4331,	4312,	4321,	4340,	4325,	4346,	
6096,	6071,	6156,	6133,	6116,	6113,	6144,	6175,	6106,	6081,	6208,	6183,	6268,	6245,	6228,	6225,	6256,	6287,	6218,	6193,	6454,	6429,	6514,	6491,	6474,	6471,	6502,	6533,	6464,	6439,	6552,	6541,	6550,	6563,	6554,	6569,	6668,	6657,	6666,	6643,	6670,	6649,	4894,	4919,	4834,	4857,	4874,	4877,	4846,	4815,	4884,	4909,	4782,	4807,	4722,	4745,	4762,	4765,	4734,	4703,	4772,	4797,	4536,	4561,	4476,	4499,	4516,	4519,	4488,	4457,	4526,	4551,	4438,	4449,	4440,	4427,	4436,	4421,	4322,	4333,	4324,	4347,	4320,	4341,	
6159,	6132,	6115,	6130,	6151,	6136,	6111,	6126,	6147,	6174,	6271,	6244,	6227,	6242,	6263,	6248,	6223,	6238,	6259,	6286,	6517,	6490,	6473,	6488,	6509,	6494,	6469,	6484,	6505,	6532,	6573,	6594,	6597,	6580,	6571,	6588,	6607,	6628,	6631,	6614,	6641,	6622,	4831,	4858,	4875,	4860,	4839,	4854,	4879,	4864,	4843,	4816,	4719,	4746,	4763,	4748,	4727,	4742,	4767,	4752,	4731,	4704,	4473,	4500,	4517,	4502,	4481,	4496,	4521,	4506,	4485,	4458,	4417,	4396,	4393,	4410,	4419,	4402,	4383,	4362,	4359,	4376,	4349,	4368,	
6072,	6097,	6160,	6117,	6114,	6127,	6122,	6145,	6080,	6105,	6184,	6209,	6272,	6229,	6226,	6239,	6234,	6257,	6192,	6217,	6430,	6455,	6518,	6475,	6472,	6485,	6480,	6503,	6438,	6463,	6596,	6579,	6572,	6587,	6598,	6581,	6630,	6613,	6642,	6621,	6632,	6615,	4918,	4893,	4830,	4873,	4876,	4863,	4868,	4845,	4910,	4885,	4806,	4781,	4718,	4761,	4764,	4751,	4756,	4733,	4798,	4773,	4560,	4535,	4472,	4515,	4518,	4505,	4510,	4487,	4552,	4527,	4394,	4411,	4418,	4403,	4392,	4409,	4360,	4377,	4348,	4369,	4358,	4375,	
6161,	6118,	6129,	6150,	6123,	6120,	6125,	6148,	6173,	6146,	6273,	6230,	6241,	6262,	6235,	6232,	6237,	6260,	6285,	6258,	6519,	6476,	6487,	6508,	6481,	6478,	6483,	6506,	6531,	6504,	6593,	6574,	6595,	6582,	6589,	6606,	6627,	6608,	6629,	6616,	6623,	6640,	4829,	4872,	4861,	4840,	4867,	4870,	4865,	4842,	4817,	4844,	4717,	4760,	4749,	4728,	4755,	4758,	4753,	4730,	4705,	4732,	4471,	4514,	4503,	4482,	4509,	4512,	4507,	4484,	4459,	4486,	4397,	4416,	4395,	4408,	4401,	4384,	4363,	4382,	4361,	4374,	4367,	4350,	
6098,	6073,	6164,	6119,	6128,	6149,	6170,	6121,	6104,	6079,	6210,	6185,	6276,	6231,	6240,	6261,	6282,	6233,	6216,	6191,	6456,	6431,	6522,	6477,	6486,	6507,	6528,	6479,	6462,	6437,	6578,	6603,	6576,	6599,	6586,	6583,	6612,	6637,	6610,	6633,	6620,	6617,	4892,	4917,	4826,	4871,	4862,	4841,	4820,	4869,	4886,	4911,	4780,	4805,	4714,	4759,	4750,	4729,	4708,	4757,	4774,	4799,	4534,	4559,	4468,	4513,	4504,	4483,	4462,	4511,	4528,	4553,	4412,	4387,	4414,	4391,	4404,	4407,	4378,	4353,	4380,	4357,	4370,	4373,	
6165,	6162,	6075,	6100,	6167,	6124,	6077,	6102,	6169,	6172,	6277,	6274,	6187,	6212,	6279,	6236,	6189,	6214,	6281,	6284,	6523,	6520,	6433,	6458,	6525,	6482,	6435,	6460,	6527,	6530,	6575,	6592,	6601,	6584,	6605,	6590,	6609,	6626,	6635,	6618,	6639,	6624,	4825,	4828,	4915,	4890,	4823,	4866,	4913,	4888,	4821,	4818,	4713,	4716,	4803,	4778,	4711,	4754,	4801,	4776,	4709,	4706,	4467,	4470,	4557,	4532,	4465,	4508,	4555,	4530,	4463,	4460,	4415,	4398,	4389,	4406,	4385,	4400,	4381,	4364,	4355,	4372,	4351,	4366,	
6074,	6099,	6166,	6163,	6076,	6101,	6168,	6171,	6078,	6103,	6186,	6211,	6278,	6275,	6188,	6213,	6280,	6283,	6190,	6215,	6432,	6457,	6524,	6521,	6434,	6459,	6526,	6529,	6436,	6461,	6602,	6577,	6604,	6591,	6600,	6585,	6636,	6611,	6638,	6625,	6634,	6619,	4916,	4891,	4824,	4827,	4914,	4889,	4822,	4819,	4912,	4887,	4804,	4779,	4712,	4715,	4802,	4777,	4710,	4707,	4800,	4775,	4558,	4533,	4466,	4469,	4556,	4531,	4464,	4461,	4554,	4529,	4388,	4413,	4386,	4399,	4390,	4405,	4354,	4379,	4352,	4365,	4356,	4371,	
