919,	872,	887,	884,	921,	874,	857,	882,	923,	926,	1015,	968,	983,	980,	1017,	970,	953,	978,	1019,	1022,	1419,	1466,	1451,	1454,	1417,	1464,	1481,	1456,	1415,	1412,	1401,	1398,	1403,	1302,	1337,	1396,	1333,	1300,	1331,	1394,	1327,	1298,	2281,	2234,	2249,	2246,	2283,	2236,	2219,	2244,	2285,	2288,	2299,	2302,	2297,	2398,	2363,	2304,	2367,	2400,	2369,	2306,	2373,	2402,	2593,	2546,	2561,	2558,	2595,	2548,	2531,	2556,	2597,	2600,	2611,	2614,	2609,	2710,	2675,	2616,	2679,	2712,	2681,	2618,	2685,	2714,	
886,	889,	920,	873,	856,	883,	922,	925,	906,	881,	982,	985,	1016,	969,	952,	979,	1018,	1021,	1002,	977,	1452,	1449,	1418,	1465,	1482,	1455,	1416,	1413,	1432,	1457,	1404,	1303,	1400,	1397,	1334,	1301,	1360,	1395,	1374,	1299,	1330,	1393,	2248,	2251,	2282,	2235,	2218,	2245,	2284,	2287,	2268,	2243,	2296,	2397,	2300,	2303,	2366,	2399,	2340,	2305,	2326,	2401,	2370,	2307,	2560,	2563,	2594,	2547,	2530,	2557,	2596,	2599,	2580,	2555,	2608,	2709,	2612,	2615,	2678,	2711,	2652,	2617,	2638,	2713,	2682,	2619,	
871,	918,	885,	888,	875,	844,	853,	858,	927,	924,	967,	1014,	981,	984,	971,	940,	949,	954,	1023,	1020,	1467,	1420,	1453,	1450,	1463,	1494,	1485,	1480,	1411,	1414,	1399,	1402,	1305,	1338,	1361,	1336,	1377,	1332,	1363,	1328,	1297,	1326,	2233,	2280,	2247,	2250,	2237,	2206,	2215,	2220,	2289,	2286,	2301,	2298,	2395,	2362,	2339,	2364,	2323,	2368,	2337,	2372,	2403,	2374,	2545,	2592,	2559,	2562,	2549,	2518,	2527,	2532,	2601,	2598,	2613,	2610,	2707,	2674,	2651,	2676,	2635,	2680,	2649,	2684,	2715,	2686,	
890,	893,	870,	845,	860,	855,	876,	905,	880,	907,	986,	989,	966,	941,	956,	951,	972,	1001,	976,	1003,	1448,	1445,	1468,	1493,	1478,	1483,	1462,	1433,	1458,	1431,	1304,	1405,	1354,	1335,	1340,	1359,	1362,	1375,	1342,	1373,	1392,	1329,	2252,	2255,	2232,	2207,	2222,	2217,	2238,	2267,	2242,	2269,	2396,	2295,	2346,	2365,	2360,	2341,	2338,	2325,	2358,	2327,	2308,	2371,	2564,	2567,	2544,	2519,	2534,	2529,	2550,	2579,	2554,	2581,	2708,	2607,	2658,	2677,	2672,	2653,	2650,	2637,	2670,	2639,	2620,	2683,	
917,	848,	891,	862,	843,	852,	859,	854,	877,	928,	1013,	944,	987,	958,	939,	948,	955,	950,	973,	1024,	1421,	1490,	1447,	1476,	1495,	1486,	1479,	1484,	1461,	1410,	1309,	1306,	1339,	1358,	1355,	1376,	1341,	1378,	1369,	1364,	1325,	1296,	2279,	2210,	2253,	2224,	2205,	2214,	2221,	2216,	2239,	2290,	2391,	2394,	2361,	2342,	2345,	2324,	2359,	2322,	2331,	2336,	2375,	2404,	2591,	2522,	2565,	2536,	2517,	2526,	2533,	2528,	2551,	2602,	2703,	2706,	2673,	2654,	2657,	2636,	2671,	2634,	2643,	2648,	2687,	2716,	
892,	869,	894,	849,	846,	861,	904,	899,	908,	879,	988,	965,	990,	945,	942,	957,	1000,	995,	1004,	975,	1446,	1469,	1444,	1489,	1492,	1477,	1434,	1439,	1430,	1459,	1406,	1351,	1308,	1353,	1382,	1379,	1356,	1365,	1372,	1343,	1368,	1391,	2254,	2231,	2256,	2211,	2208,	2223,	2266,	2261,	2270,	2241,	2294,	2349,	2392,	2347,	2318,	2321,	2344,	2335,	2328,	2357,	2332,	2309,	2566,	2543,	2568,	2523,	2520,	2535,	2578,	2573,	2582,	2553,	2606,	2661,	2704,	2659,	2630,	2633,	2656,	2647,	2640,	2669,	2644,	2621,	
895,	916,	847,	842,	863,	898,	851,	878,	929,	910,	991,	1012,	943,	938,	959,	994,	947,	974,	1025,	1006,	1443,	1422,	1491,	1496,	1475,	1440,	1487,	1460,	1409,	1428,	1307,	1310,	1407,	1350,	1357,	1348,	1381,	1370,	1367,	1322,	1295,	1324,	2257,	2278,	2209,	2204,	2225,	2260,	2213,	2240,	2291,	2272,	2393,	2390,	2293,	2350,	2343,	2352,	2319,	2330,	2333,	2378,	2405,	2376,	2569,	2590,	2521,	2516,	2537,	2572,	2525,	2552,	2603,	2584,	2705,	2702,	2605,	2662,	2655,	2664,	2631,	2642,	2645,	2690,	2717,	2688,	
868,	841,	866,	897,	850,	903,	900,	909,	932,	935,	964,	937,	962,	993,	946,	999,	996,	1005,	1028,	1031,	1470,	1497,	1472,	1441,	1488,	1435,	1438,	1429,	1506,	1503,	1408,	1313,	1352,	1383,	1380,	1317,	1366,	1347,	1344,	1371,	1390,	1321,	2230,	2203,	2228,	2259,	2212,	2265,	2262,	2271,	2194,	2197,	2292,	2387,	2348,	2317,	2320,	2383,	2334,	2353,	2356,	2329,	2310,	2379,	2542,	2515,	2540,	2571,	2524,	2577,	2574,	2583,	2506,	2509,	2604,	2699,	2660,	2629,	2632,	2695,	2646,	2665,	2668,	2641,	2622,	2691,	
915,	896,	839,	902,	913,	864,	837,	934,	911,	930,	1011,	992,	1035,	998,	1009,	960,	1033,	1030,	1007,	1026,	1423,	1442,	1499,	1436,	1425,	1474,	1501,	1504,	1427,	1508,	1311,	1384,	1315,	1290,	1349,	1386,	1345,	1292,	1319,	1388,	1323,	1294,	2277,	2258,	2201,	2264,	2275,	2226,	2199,	2196,	2273,	2192,	2389,	2316,	2385,	2410,	2351,	2314,	2355,	2408,	2381,	2312,	2377,	2406,	2589,	2570,	2513,	2576,	2587,	2538,	2511,	2508,	2585,	2504,	2701,	2628,	2697,	2722,	2663,	2626,	2667,	2720,	2693,	2624,	2689,	2718,	
840,	867,	914,	865,	838,	901,	912,	931,	836,	933,	936,	963,	1010,	961,	1034,	997,	1008,	1027,	1032,	1029,	1498,	1471,	1424,	1473,	1500,	1437,	1426,	1507,	1502,	1505,	1314,	1289,	1312,	1385,	1316,	1291,	1318,	1387,	1346,	1293,	1320,	1389,	2202,	2229,	2276,	2227,	2200,	2263,	2274,	2193,	2198,	2195,	2386,	2411,	2388,	2315,	2384,	2409,	2382,	2313,	2354,	2407,	2380,	2311,	2514,	2541,	2588,	2539,	2512,	2575,	2586,	2505,	2510,	2507,	2698,	2723,	2700,	2627,	2696,	2721,	2694,	2625,	2666,	2719,	2692,	2623,	
797,	744,	829,	832,	795,	742,	759,	834,	793,	790,	1083,	1036,	1051,	1048,	1085,	1038,	721,	1046,	1087,	1090,	1513,	1120,	1105,	1108,	1511,	1118,	1135,	1110,	1509,	1166,	1267,	1264,	1269,	1288,	1203,	1262,	1199,	1286,	1197,	1260,	1193,	1284,	2187,	2140,	2155,	2152,	2189,	2142,	2125,	2150,	2191,	2094,	1993,	1996,	1991,	2412,	2057,	1998,	2061,	2414,	2063,	2000,	2067,	2416,	2499,	2452,	2467,	2464,	2501,	2454,	2437,	2462,	2503,	2846,	2745,	2748,	2743,	2724,	2809,	2750,	2813,	2726,	2815,	2752,	2819,	2728,	
830,	827,	796,	743,	760,	833,	794,	791,	810,	835,	1050,	1053,	1084,	1037,	720,	1047,	1086,	1089,	1070,	1045,	1106,	1103,	1512,	1119,	1136,	1109,	1510,	1167,	1526,	1111,	1270,	1169,	1266,	1263,	1200,	1287,	1226,	1261,	1240,	1285,	1196,	1259,	2154,	2157,	2188,	2141,	2124,	2151,	2190,	2093,	2174,	2149,	1990,	2091,	1994,	1997,	2060,	2413,	2034,	1999,	2020,	2415,	2064,	2001,	2466,	2469,	2500,	2453,	2436,	2463,	2502,	2845,	2486,	2461,	2742,	2843,	2746,	2749,	2812,	2725,	2786,	2751,	2772,	2727,	2816,	2753,	
745,	798,	831,	828,	741,	772,	763,	758,	789,	792,	735,	1082,	1049,	1052,	1039,	708,	717,	722,	1091,	1088,	1121,	1514,	1107,	1104,	1117,	1148,	1139,	1134,	1165,	1168,	1265,	1268,	1171,	1204,	1227,	1202,	1243,	1198,	1229,	1194,	1283,	1192,	2139,	2186,	2153,	2156,	2143,	2112,	2121,	2126,	2095,	2092,	1995,	1992,	2089,	2056,	2033,	2058,	2017,	2062,	2031,	2066,	2417,	2068,	2451,	2498,	2465,	2468,	2455,	2424,	2433,	2438,	2847,	2844,	2747,	2744,	2841,	2808,	2785,	2810,	2769,	2814,	2783,	2818,	2729,	2820,	
826,	823,	746,	771,	756,	761,	740,	811,	736,	809,	1054,	1057,	734,	709,	724,	719,	1040,	1069,	1044,	1071,	1102,	1099,	1122,	1147,	1132,	1137,	1116,	1527,	1112,	1525,	1170,	1271,	1220,	1201,	1206,	1225,	1228,	1241,	1208,	1239,	1258,	1195,	2158,	2161,	2138,	2113,	2128,	2123,	2144,	2173,	2148,	2175,	2090,	1989,	2040,	2059,	2054,	2035,	2032,	2019,	2052,	2021,	2002,	2065,	2470,	2473,	2450,	2425,	2440,	2435,	2456,	2485,	2460,	2487,	2842,	2741,	2792,	2811,	2806,	2787,	2784,	2771,	2804,	2773,	2754,	2817,	
799,	768,	825,	754,	773,	764,	757,	762,	739,	788,	1081,	712,	1055,	726,	707,	716,	723,	718,	1041,	1092,	1515,	1144,	1101,	1130,	1149,	1140,	1133,	1138,	1115,	1164,	1175,	1172,	1205,	1224,	1221,	1242,	1207,	1244,	1235,	1230,	1191,	1282,	2185,	2116,	2159,	2130,	2111,	2120,	2127,	2122,	2145,	2096,	2085,	2088,	2055,	2036,	2039,	2018,	2053,	2016,	2025,	2030,	2069,	2418,	2497,	2428,	2471,	2442,	2423,	2432,	2439,	2434,	2457,	2848,	2837,	2840,	2807,	2788,	2791,	2770,	2805,	2768,	2777,	2782,	2821,	2730,	
824,	747,	822,	767,	770,	755,	812,	817,	808,	737,	1056,	733,	1058,	713,	710,	725,	1068,	1063,	1072,	1043,	1100,	1123,	1098,	1143,	1146,	1131,	1528,	1533,	1524,	1113,	1272,	1217,	1174,	1219,	1248,	1245,	1222,	1231,	1238,	1209,	1234,	1257,	2160,	2137,	2162,	2117,	2114,	2129,	2172,	2167,	2176,	2147,	1988,	2043,	2086,	2041,	2012,	2015,	2038,	2029,	2022,	2051,	2026,	2003,	2472,	2449,	2474,	2429,	2426,	2441,	2484,	2479,	2488,	2459,	2740,	2795,	2838,	2793,	2764,	2767,	2790,	2781,	2774,	2803,	2778,	2755,	
821,	800,	769,	774,	753,	818,	765,	738,	787,	806,	1059,	1080,	711,	706,	727,	1062,	715,	1042,	1093,	1074,	1097,	1516,	1145,	1150,	1129,	1534,	1141,	1114,	1163,	1522,	1173,	1176,	1273,	1216,	1223,	1214,	1247,	1236,	1233,	1188,	1281,	1190,	2163,	2184,	2115,	2110,	2131,	2166,	2119,	2146,	2097,	2178,	2087,	2084,	1987,	2044,	2037,	2046,	2013,	2024,	2027,	2072,	2419,	2070,	2475,	2496,	2427,	2422,	2443,	2478,	2431,	2458,	2849,	2490,	2839,	2836,	2739,	2796,	2789,	2798,	2765,	2776,	2779,	2824,	2731,	2822,	
748,	775,	750,	819,	766,	813,	816,	807,	784,	781,	732,	705,	730,	1061,	714,	1067,	1064,	1073,	1096,	699,	1124,	1151,	1126,	1535,	1142,	1529,	1532,	1523,	1160,	1157,	1274,	1179,	1218,	1249,	1246,	1183,	1232,	1213,	1210,	1237,	1256,	1187,	2136,	2109,	2134,	2165,	2118,	2171,	2168,	2177,	2100,	2103,	1986,	2081,	2042,	2011,	2014,	2077,	2028,	2047,	2050,	2023,	2004,	2073,	2448,	2421,	2446,	2477,	2430,	2483,	2480,	2489,	2852,	2855,	2738,	2833,	2794,	2763,	2766,	2829,	2780,	2799,	2802,	2775,	2756,	2825,	
801,	820,	777,	814,	803,	752,	779,	782,	805,	786,	1079,	1060,	703,	1066,	1077,	728,	701,	698,	1075,	1094,	1517,	1536,	1153,	1530,	1519,	1128,	1155,	1158,	1521,	1162,	1177,	1250,	1181,	1276,	1215,	1252,	1211,	1278,	1185,	1254,	1189,	1280,	2183,	2164,	2107,	2170,	2181,	2132,	2105,	2102,	2179,	2098,	2083,	2010,	2079,	1984,	2045,	2008,	2049,	1982,	2075,	2006,	2071,	2420,	2495,	2476,	2859,	2482,	2493,	2444,	2857,	2854,	2491,	2850,	2835,	2762,	2831,	2736,	2797,	2760,	2801,	2734,	2827,	2758,	2823,	2732,	
776,	749,	802,	751,	778,	815,	804,	785,	780,	783,	704,	731,	1078,	729,	702,	1065,	1076,	1095,	700,	697,	1152,	1125,	1518,	1127,	1154,	1531,	1520,	1161,	1156,	1159,	1180,	1275,	1178,	1251,	1182,	1277,	1184,	1253,	1212,	1279,	1186,	1255,	2108,	2135,	2182,	2133,	2106,	2169,	2180,	2099,	2104,	2101,	2080,	1985,	2082,	2009,	2078,	1983,	2076,	2007,	2048,	1981,	2074,	2005,	2860,	2447,	2494,	2445,	2858,	2481,	2492,	2851,	2856,	2853,	2832,	2737,	2834,	2761,	2830,	2735,	2828,	2759,	2800,	2733,	2826,	2757,	
647,	600,	615,	612,	649,	602,	585,	610,	651,	654,	269,	662,	677,	674,	271,	664,	307,	672,	273,	276,	1569,	242,	1537,	254,	1571,	244,	227,	252,	1573,	1576,	1587,	1590,	1585,	1686,	1651,	1592,	1655,	1688,	1657,	1594,	1661,	1690,	1891,	1844,	1859,	1856,	1893,	1846,	1829,	1854,	1895,	1898,	1909,	1912,	1907,	3372,	1973,	1914,	1977,	3374,	1979,	1916,	3347,	3376,	2893,	3330,	2861,	3342,	2895,	3332,	3315,	3340,	2897,	2900,	2911,	2914,	2909,	3010,	2975,	2916,	2979,	3012,	2981,	2918,	2985,	3014,	
614,	617,	648,	601,	584,	611,	650,	653,	634,	609,	676,	679,	270,	663,	306,	673,	272,	275,	696,	671,	256,	1539,	1570,	243,	226,	253,	1572,	1575,	1556,	251,	1584,	1685,	1588,	1591,	1654,	1687,	1628,	1593,	1614,	1689,	1658,	1595,	1858,	1861,	1892,	1845,	1828,	1855,	1894,	1897,	1878,	1853,	1906,	3371,	1910,	1913,	1976,	3373,	1950,	1915,	1936,	3375,	1980,	1917,	3344,	2863,	2894,	3331,	3314,	3341,	2896,	2899,	2880,	3339,	2908,	3009,	2912,	2915,	2978,	3011,	2952,	2917,	2938,	3013,	2982,	2919,	
599,	646,	613,	616,	603,	572,	581,	586,	655,	652,	661,	268,	675,	678,	665,	294,	303,	308,	277,	274,	241,	1568,	255,	1538,	245,	214,	223,	228,	1577,	1574,	1589,	1586,	1683,	1650,	1627,	1652,	1611,	1656,	1625,	1660,	1691,	1662,	1843,	1890,	1857,	1860,	1847,	1816,	1825,	1830,	1899,	1896,	1911,	1908,	3369,	1972,	1949,	1974,	1933,	1978,	1947,	3346,	3377,	3348,	3329,	2892,	3343,	2862,	3333,	3302,	3311,	3316,	2901,	2898,	2913,	2910,	3007,	2974,	2951,	2976,	2935,	2980,	2949,	2984,	3015,	2986,	
618,	621,	598,	573,	588,	583,	604,	633,	608,	635,	680,	683,	660,	295,	310,	305,	666,	695,	670,	257,	1540,	1543,	240,	215,	230,	225,	246,	1555,	250,	1557,	1684,	1583,	1634,	1653,	1648,	1629,	1626,	1613,	1646,	1615,	1596,	1659,	1862,	1865,	1842,	1817,	1832,	1827,	1848,	1877,	1852,	1879,	3370,	1905,	1956,	1975,	1970,	1951,	1948,	1935,	1968,	1937,	1918,	3345,	2864,	2867,	3328,	3303,	3318,	3313,	3334,	2879,	3338,	2881,	3008,	2907,	2958,	2977,	2972,	2953,	2950,	2937,	2970,	2939,	2920,	2983,	
645,	576,	619,	590,	571,	580,	587,	582,	605,	656,	267,	298,	681,	312,	293,	302,	309,	304,	667,	278,	1567,	218,	1541,	232,	213,	222,	229,	224,	247,	1578,	1679,	1682,	1649,	1630,	1633,	1612,	1647,	1610,	1619,	1624,	1663,	1692,	1889,	1820,	1863,	1834,	1815,	1824,	1831,	1826,	1849,	1900,	3365,	3368,	1971,	1952,	1955,	1934,	1969,	1932,	1941,	1946,	3349,	3378,	2891,	3306,	2865,	3320,	3301,	3310,	3317,	3312,	3335,	2902,	3003,	3006,	2973,	2954,	2957,	2936,	2971,	2934,	2943,	2948,	2987,	3016,	
620,	597,	622,	577,	574,	589,	632,	627,	636,	607,	682,	659,	684,	299,	296,	311,	694,	689,	258,	669,	1542,	239,	1544,	219,	216,	231,	1554,	1549,	1558,	249,	1582,	1637,	1680,	1635,	1606,	1609,	1632,	1623,	1616,	1645,	1620,	1597,	1864,	1841,	1866,	1821,	1818,	1833,	1876,	1871,	1880,	1851,	1904,	1959,	3366,	1957,	1928,	1931,	1954,	1945,	1938,	1967,	1942,	1919,	2866,	3327,	2868,	3307,	3304,	3319,	2878,	2873,	2882,	3337,	2906,	2961,	3004,	2959,	2930,	2933,	2956,	2947,	2940,	2969,	2944,	2921,	
623,	644,	575,	570,	591,	626,	579,	606,	657,	638,	685,	266,	297,	292,	313,	688,	301,	668,	279,	260,	1545,	1566,	217,	212,	233,	1548,	221,	248,	1579,	1560,	1681,	1678,	1581,	1638,	1631,	1640,	1607,	1618,	1621,	1666,	1693,	1664,	1867,	1888,	1819,	1814,	1835,	1870,	1823,	1850,	1901,	1882,	3367,	3364,	1903,	1960,	1953,	1962,	1929,	1940,	1943,	3352,	3379,	3350,	2869,	2890,	3305,	3300,	3321,	2872,	3309,	3336,	2903,	2884,	3005,	3002,	2905,	2962,	2955,	2964,	2931,	2942,	2945,	2990,	3017,	2988,	
596,	569,	594,	625,	578,	631,	628,	637,	560,	563,	658,	291,	316,	687,	300,	693,	690,	259,	282,	285,	238,	211,	236,	1547,	220,	1553,	1550,	1559,	202,	205,	1580,	1675,	1636,	1605,	1608,	1671,	1622,	1641,	1644,	1617,	1598,	1667,	1840,	1813,	1838,	1869,	1822,	1875,	1872,	1881,	1804,	1807,	1902,	3361,	1958,	1927,	1930,	3357,	1944,	1963,	1966,	1939,	1920,	3353,	3326,	3299,	3324,	2871,	3308,	2877,	2874,	2883,	3290,	3293,	2904,	2999,	2960,	2929,	2932,	2995,	2946,	2965,	2968,	2941,	2922,	2991,	
643,	624,	567,	630,	641,	592,	565,	562,	639,	558,	265,	686,	289,	692,	263,	314,	287,	284,	261,	280,	1565,	1546,	209,	1552,	1563,	234,	207,	204,	1561,	200,	1677,	1604,	1673,	1698,	1639,	1602,	1643,	1696,	1669,	1600,	1665,	1694,	1887,	1868,	1811,	1874,	1885,	1836,	1809,	1806,	1883,	1802,	3363,	1926,	3359,	3384,	1961,	1924,	1965,	3382,	3355,	1922,	3351,	3380,	2889,	2870,	3297,	2876,	2887,	3322,	3295,	3292,	2885,	3288,	3001,	2928,	2997,	3022,	2963,	2926,	2967,	3020,	2993,	2924,	2989,	3018,	
568,	595,	642,	593,	566,	629,	640,	559,	564,	561,	290,	317,	264,	315,	288,	691,	262,	281,	286,	283,	210,	237,	1564,	235,	208,	1551,	1562,	201,	206,	203,	1674,	1699,	1676,	1603,	1672,	1697,	1670,	1601,	1642,	1695,	1668,	1599,	1812,	1839,	1886,	1837,	1810,	1873,	1884,	1803,	1808,	1805,	3360,	3385,	3362,	1925,	3358,	3383,	3356,	1923,	1964,	3381,	3354,	1921,	3298,	3325,	2888,	3323,	3296,	2875,	2886,	3289,	3294,	3291,	2998,	3023,	3000,	2927,	2996,	3021,	2994,	2925,	2966,	3019,	2992,	2923,	
527,	530,	525,	550,	555,	532,	553,	534,	557,	440,	415,	418,	413,	318,	323,	420,	321,	422,	325,	328,	169,	172,	167,	192,	197,	174,	195,	176,	199,	82,		73,		58,		61,		1700,	71,		52,		1721,	1706,	1709,	1728,	1719,	1736,	1771,	1774,	1769,	1794,	1799,	1776,	1797,	1778,	1801,	3532,	3523,	3508,	3511,	3386,	3521,	3502,	3407,	3392,	3395,	3414,	3405,	3422,	3257,	3260,	3255,	3280,	3285,	3262,	3283,	3264,	3287,	3170,	3161,	3146,	3149,	3024,	3159,	3140,	3045,	3030,	3033,	3052,	3043,	3060,	
524,	549,	528,	531,	552,	477,	556,	439,	510,	535,	412,	437,	416,	419,	320,	365,	324,	327,	398,	423,	166,	191,	170,	173,	194,	119,	198,	81,		152,	177,	60,		79,		72,		51,		62,		1701,	1708,	1727,	1720,	1735,	1710,	1729,	1768,	1793,	1772,	1775,	1796,	3569,	1800,	3531,	3602,	1779,	3510,	3529,	3522,	3501,	3512,	3387,	3394,	3413,	3406,	3421,	3396,	3415,	3254,	3279,	3258,	3261,	3282,	3207,	3286,	3169,	3240,	3265,	3148,	3167,	3160,	3139,	3150,	3025,	3032,	3051,	3044,	3059,	3034,	3053,	
529,	526,	551,	480,	465,	554,	533,	478,	441,	438,	417,	414,	319,	368,	353,	322,	421,	366,	329,	326,	171,	168,	193,	122,	107,	196,	175,	120,	83,		80,		57,		74,		59,		1702,	53,		70,		1705,	1722,	1707,	1730,	1737,	1718,	1773,	1770,	1795,	3572,	3557,	1798,	1777,	3570,	3533,	3530,	3507,	3524,	3509,	3388,	3503,	3520,	3391,	3408,	3393,	3416,	3423,	3404,	3259,	3256,	3281,	3210,	3195,	3284,	3263,	3208,	3171,	3168,	3145,	3162,	3147,	3026,	3141,	3158,	3029,	3046,	3031,	3054,	3061,	3042,	
548,	523,	464,	461,	484,	479,	476,	509,	536,	511,	436,	411,	352,	349,	372,	367,	364,	397,	424,	399,	190,	165,	106,	103,	126,	121,	118,	151,	178,	153,	78,		67,		76,		63,		50,		1703,	1726,	1715,	1724,	1711,	1734,	1731,	1792,	1767,	3556,	3553,	3576,	3571,	3568,	3601,	1780,	3603,	3528,	3517,	3526,	3513,	3500,	3389,	3412,	3401,	3410,	3397,	3420,	3417,	3278,	3253,	3194,	3191,	3214,	3209,	3206,	3239,	3266,	3241,	3166,	3155,	3164,	3151,	3138,	3027,	3050,	3039,	3048,	3035,	3058,	3055,	
463,	460,	487,	466,	481,	508,	483,	506,	475,	442,	351,	348,	375,	354,	369,	396,	371,	394,	363,	330,	105,	102,	129,	108,	123,	150,	125,	148,	117,	84,		75,		56,		65,		48,		69,		54,		1723,	1704,	1713,	1732,	1717,	1738,	3555,	3552,	3579,	3558,	3573,	3600,	3575,	3598,	3567,	3534,	3525,	3506,	3515,	3498,	3519,	3504,	3409,	3390,	3399,	3418,	3403,	3424,	3193,	3190,	3217,	3196,	3211,	3238,	3213,	3236,	3205,	3172,	3163,	3144,	3153,	3136,	3157,	3142,	3047,	3028,	3037,	3056,	3041,	3062,	
522,	547,	462,	485,	502,	505,	474,	443,	512,	537,	410,	435,	350,	373,	390,	393,	362,	331,	400,	425,	164,	189,	104,	127,	144,	147,	116,	85,		154,	179,	66,		77,		68,		55,		64,		49,		1714,	1725,	1716,	1739,	1712,	1733,	1766,	1791,	3554,	3577,	3594,	3597,	3566,	3535,	3604,	1781,	3516,	3527,	3518,	3505,	3514,	3499,	3400,	3411,	3402,	3425,	3398,	3419,	3252,	3277,	3192,	3215,	3232,	3235,	3204,	3173,	3242,	3267,	3154,	3165,	3156,	3143,	3152,	3137,	3038,	3049,	3040,	3063,	3036,	3057,	
459,	486,	503,	488,	467,	482,	507,	492,	471,	444,	347,	374,	391,	376,	355,	370,	395,	380,	359,	332,	101,	128,	145,	130,	109,	124,	149,	134,	113,	86,		45,		24,		21,		38,		47,		30,		11,		1754,	1751,	4,		1741,	1760,	3551,	3578,	3595,	3580,	3559,	3574,	3599,	3584,	3563,	3536,	3495,	3474,	3471,	3488,	3497,	3480,	3461,	3440,	3437,	3454,	3427,	3446,	3189,	3216,	3233,	3218,	3197,	3212,	3237,	3222,	3201,	3174,	3133,	3112,	3109,	3126,	3135,	3118,	3099,	3078,	3075,	3092,	3065,	3084,	
546,	521,	458,	501,	504,	491,	496,	473,	538,	513,	434,	409,	346,	389,	392,	379,	384,	361,	426,	401,	188,	163,	100,	143,	146,	133,	138,	115,	180,	155,	22,		39,		46,		31,		20,		37,		1752,	5,		1740,	1761,	1750,	3,		1790,	1765,	3550,	3593,	3596,	3583,	3588,	3565,	1782,	3605,	3472,	3489,	3496,	3481,	3470,	3487,	3438,	3455,	3426,	3447,	3436,	3453,	3276,	3251,	3188,	3231,	3234,	3221,	3226,	3203,	3268,	3243,	3110,	3127,	3134,	3119,	3108,	3125,	3076,	3093,	3064,	3085,	3074,	3091,	
457,	500,	489,	468,	495,	498,	493,	470,	445,	472,	345,	388,	377,	356,	383,	386,	381,	358,	333,	360,	99,		142,	131,	110,	137,	140,	135,	112,	87,		114,	25,		44,		23,		36,		29,		12,		1755,	10,		1753,	2,		1759,	1742,	3549,	3592,	3581,	3560,	3587,	3590,	3585,	3562,	3537,	3564,	3475,	3494,	3473,	3486,	3479,	3462,	3441,	3460,	3439,	3452,	3445,	3428,	3187,	3230,	3219,	3198,	3225,	3228,	3223,	3200,	3175,	3202,	3113,	3132,	3111,	3124,	3117,	3100,	3079,	3098,	3077,	3090,	3083,	3066,	
520,	545,	454,	499,	490,	469,	448,	497,	514,	539,	408,	433,	342,	387,	378,	357,	336,	385,	402,	427,	162,	187,	96,		141,	132,	111,	90,		139,	156,	181,	40,		15,		42,		19,		32,		35,		6,		1745,	8,		1749,	1762,	1,		1764,	1789,	3546,	3591,	3582,	3561,	3540,	3589,	3606,	1783,	3490,	3465,	3492,	3469,	3482,	3485,	3456,	3431,	3458,	3435,	3448,	3451,	3250,	3275,	3184,	3229,	3220,	3199,	3178,	3227,	3244,	3269,	3128,	3103,	3130,	3107,	3120,	3123,	3094,	3069,	3096,	3073,	3086,	3089,	
453,	456,	543,	518,	451,	494,	541,	516,	449,	446,	341,	344,	431,	406,	339,	382,	429,	404,	337,	334,	95,		98,		185,	160,	93,		136,	183,	158,	91,		88,		43,		26,		17,		34,		13,		28,		9,		1756,	1747,	0,		1743,	1758,	3545,	3548,	1787,	3610,	3543,	3586,	1785,	3608,	3541,	3538,	3493,	3476,	3467,	3484,	3463,	3478,	3459,	3442,	3433,	3450,	3429,	3444,	3183,	3186,	3273,	3248,	3181,	3224,	3271,	3246,	3179,	3176,	3131,	3114,	3105,	3122,	3101,	3116,	3097,	3080,	3071,	3088,	3067,	3082,	
544,	519,	452,	455,	542,	517,	450,	447,	540,	515,	432,	407,	340,	343,	430,	405,	338,	335,	428,	403,	186,	161,	94,		97,		184,	159,	92,		89,		182,	157,	16,		41,		14,		27,		18,		33,		1746,	7,		1744,	1757,	1748,	1763,	1788,	3611,	3544,	3547,	1786,	3609,	3542,	3539,	1784,	3607,	3466,	3491,	3464,	3477,	3468,	3483,	3432,	3457,	3430,	3443,	3434,	3449,	3274,	3249,	3182,	3185,	3272,	3247,	3180,	3177,	3270,	3245,	3104,	3129,	3102,	3115,	3106,	3121,	3070,	3095,	3068,	3081,	3072,	3087,	
6913,	6866,	6881,	6878,	6915,	6868,	6851,	6876,	6917,	6920,	6975,	6928,	6943,	6940,	6977,	6930,	7013,	6938,	6979,	6982,	7303,	7256,	7271,	7268,	7305,	7258,	7241,	7266,	7307,	7310,	7321,	7324,	7319,	5572,	7385,	7326,	7389,	5574,	7391,	7328,	7395,	5576,	5547,	5500,	5515,	5512,	3613,	5502,	5485,	5510,	3615,	3618,	3629,	3632,	3627,	3728,	3693,	3634,	3697,	3730,	3699,	3636,	3703,	3732,	3933,	3886,	3901,	3898,	3935,	3888,	3871,	3896,	3937,	3940,	3951,	3954,	3949,	4050,	4015,	3956,	4019,	4052,	4021,	3958,	4025,	4054,	
6880,	6883,	6914,	6867,	6850,	6877,	6916,	6919,	6900,	6875,	6942,	6945,	6976,	6929,	7012,	6939,	6978,	6981,	6962,	6937,	7270,	7273,	7304,	7257,	7240,	7267,	7306,	7309,	7290,	7265,	7318,	5571,	7322,	7325,	7388,	5573,	7362,	7327,	7348,	5575,	7392,	7329,	5514,	5517,	3612,	5501,	5484,	5511,	3614,	3617,	5534,	5509,	3626,	3727,	3630,	3633,	3696,	3729,	3670,	3635,	3656,	3731,	3700,	3637,	3900,	3903,	3934,	3887,	3870,	3897,	3936,	3939,	3920,	3895,	3948,	4049,	3952,	3955,	4018,	4051,	3992,	3957,	3978,	4053,	4022,	3959,	
6865,	6912,	6879,	6882,	6869,	6838,	6847,	6852,	6921,	6918,	6927,	6974,	6941,	6944,	6931,	7000,	7009,	7014,	6983,	6980,	7255,	7302,	7269,	7272,	7259,	7228,	7237,	7242,	7311,	7308,	7323,	7320,	5569,	7384,	7361,	7386,	7345,	7390,	7359,	7394,	5577,	5548,	5499,	5546,	5513,	5516,	5503,	5472,	5481,	5486,	3619,	3616,	3631,	3628,	3725,	3692,	3669,	3694,	3653,	3698,	3667,	3702,	3733,	3704,	3885,	3932,	3899,	3902,	3889,	3858,	3867,	3872,	3941,	3938,	3953,	3950,	4047,	4014,	3991,	4016,	3975,	4020,	3989,	4024,	4055,	4026,	
6884,	6887,	6864,	6839,	6854,	6849,	6870,	6899,	6874,	6901,	6946,	6949,	6926,	7001,	7016,	7011,	6932,	6961,	6936,	6963,	7274,	7277,	7254,	7229,	7244,	7239,	7260,	7289,	7264,	7291,	5570,	7317,	7368,	7387,	7382,	7363,	7360,	7347,	7380,	7349,	7330,	7393,	5518,	5521,	5498,	5473,	5488,	5483,	5504,	5533,	5508,	5535,	3726,	3625,	3676,	3695,	3690,	3671,	3668,	3655,	3688,	3657,	3638,	3701,	3904,	3907,	3884,	3859,	3874,	3869,	3890,	3919,	3894,	3921,	4048,	3947,	3998,	4017,	4012,	3993,	3990,	3977,	4010,	3979,	3960,	4023,	
6911,	6842,	6885,	6856,	6837,	6846,	6853,	6848,	6871,	6922,	6973,	7004,	6947,	7018,	6999,	7008,	7015,	7010,	6933,	6984,	7301,	7232,	7275,	7246,	7227,	7236,	7243,	7238,	7261,	7312,	5565,	5568,	7383,	7364,	7367,	7346,	7381,	7344,	7353,	7358,	5549,	5578,	5545,	5476,	5519,	5490,	5471,	5480,	5487,	5482,	5505,	3620,	3721,	3724,	3691,	3672,	3675,	3654,	3689,	3652,	3661,	3666,	3705,	3734,	3931,	3862,	3905,	3876,	3857,	3866,	3873,	3868,	3891,	3942,	4043,	4046,	4013,	3994,	3997,	3976,	4011,	3974,	3983,	3988,	4027,	4056,	
6886,	6863,	6888,	6843,	6840,	6855,	6898,	6893,	6902,	6873,	6948,	6925,	6950,	7005,	7002,	7017,	6960,	6955,	6964,	6935,	7276,	7253,	7278,	7233,	7230,	7245,	7288,	7283,	7292,	7263,	7316,	7371,	5566,	7369,	7340,	7343,	7366,	7357,	7350,	7379,	7354,	7331,	5520,	5497,	5522,	5477,	5474,	5489,	5532,	5527,	5536,	5507,	3624,	3679,	3722,	3677,	3648,	3651,	3674,	3665,	3658,	3687,	3662,	3639,	3906,	3883,	3908,	3863,	3860,	3875,	3918,	3913,	3922,	3893,	3946,	4001,	4044,	3999,	3970,	3973,	3996,	3987,	3980,	4009,	3984,	3961,	
6889,	6910,	6841,	6836,	6857,	6892,	6845,	6872,	6923,	6904,	6951,	6972,	7003,	6998,	7019,	6954,	7007,	6934,	6985,	6966,	7279,	7300,	7231,	7226,	7247,	7282,	7235,	7262,	7313,	7294,	5567,	5564,	7315,	7372,	7365,	7374,	7341,	7352,	7355,	5552,	5579,	5550,	5523,	5544,	5475,	5470,	5491,	5526,	5479,	5506,	3621,	5538,	3723,	3720,	3623,	3680,	3673,	3682,	3649,	3660,	3663,	3708,	3735,	3706,	3909,	3930,	3861,	3856,	3877,	3912,	3865,	3892,	3943,	3924,	4045,	4042,	3945,	4002,	3995,	4004,	3971,	3982,	3985,	4030,	4057,	4028,	
6862,	6835,	6860,	6891,	6844,	6897,	6894,	6903,	6826,	6829,	6924,	6997,	7022,	6953,	7006,	6959,	6956,	6965,	6988,	6991,	7252,	7225,	7250,	7281,	7234,	7287,	7284,	7293,	7216,	7219,	7314,	5561,	7370,	7339,	7342,	5557,	7356,	7375,	7378,	7351,	7332,	5553,	5496,	5469,	5494,	5525,	5478,	5531,	5528,	5537,	5460,	5463,	3622,	3717,	3678,	3647,	3650,	3713,	3664,	3683,	3686,	3659,	3640,	3709,	3882,	3855,	3880,	3911,	3864,	3917,	3914,	3923,	3846,	3849,	3944,	4039,	4000,	3969,	3972,	4035,	3986,	4005,	4008,	3981,	3962,	4031,	
6909,	6890,	6833,	6896,	6907,	6858,	6831,	6828,	6905,	6824,	6971,	6952,	6995,	6958,	6969,	7020,	6993,	6990,	6967,	6986,	7299,	7280,	7223,	7286,	7297,	7248,	7221,	7218,	7295,	7214,	5563,	7338,	5559,	5584,	7373,	7336,	7377,	5582,	5555,	7334,	5551,	5580,	5543,	5524,	5467,	5530,	5541,	5492,	5465,	5462,	5539,	5458,	3719,	3646,	3715,	3740,	3681,	3644,	3685,	3738,	3711,	3642,	3707,	3736,	3929,	3910,	3853,	3916,	3927,	3878,	3851,	3848,	3925,	3844,	4041,	3968,	4037,	4062,	4003,	3966,	4007,	4060,	4033,	3964,	4029,	4058,	
6834,	6861,	6908,	6859,	6832,	6895,	6906,	6825,	6830,	6827,	6996,	7023,	6970,	7021,	6994,	6957,	6968,	6987,	6992,	6989,	7224,	7251,	7298,	7249,	7222,	7285,	7296,	7215,	7220,	7217,	5560,	5585,	5562,	7337,	5558,	5583,	5556,	7335,	7376,	5581,	5554,	7333,	5468,	5495,	5542,	5493,	5466,	5529,	5540,	5459,	5464,	5461,	3716,	3741,	3718,	3645,	3714,	3739,	3712,	3643,	3684,	3737,	3710,	3641,	3854,	3881,	3928,	3879,	3852,	3915,	3926,	3845,	3850,	3847,	4038,	4063,	4040,	3967,	4036,	4061,	4034,	3965,	4006,	4059,	4032,	3963,	
6793,	6796,	6791,	6816,	6821,	6798,	6819,	6800,	6823,	6706,	6681,	6684,	6679,	7024,	7029,	6686,	7027,	6688,	7031,	7034,	7183,	7186,	7181,	7206,	7211,	7188,	7209,	7190,	7213,	5732,	5723,	5708,	5711,	5586,	5721,	5702,	5607,	5592,	5595,	5614,	5605,	5622,	5427,	5430,	5425,	5450,	5455,	5432,	5453,	5434,	5457,	5340,	5331,	5316,	5319,	3742,	5329,	5310,	3763,	3748,	3751,	3770,	3761,	3778,	3813,	3816,	3811,	3836,	3841,	3818,	3839,	3820,	3843,	4210,	4201,	4186,	4189,	4064,	4199,	4180,	4085,	4070,	4073,	4092,	4083,	4100,	
6790,	6815,	6794,	6797,	6818,	6743,	6822,	6705,	6776,	6801,	6678,	6703,	6682,	6685,	7026,	7071,	7030,	7033,	7104,	6689,	7180,	7205,	7184,	7187,	7208,	7133,	7212,	5731,	7166,	7191,	5710,	5729,	5722,	5701,	5712,	5587,	5594,	5613,	5606,	5621,	5596,	5615,	5424,	5449,	5428,	5431,	5452,	5377,	5456,	5339,	5410,	5435,	5318,	5337,	5330,	5309,	5320,	3743,	3750,	3769,	3762,	3777,	3752,	3771,	3810,	3835,	3814,	3817,	3838,	4247,	3842,	4209,	4280,	3821,	4188,	4207,	4200,	4179,	4190,	4065,	4072,	4091,	4084,	4099,	4074,	4093,	
6795,	6792,	6817,	6746,	6731,	6820,	6799,	6744,	6707,	6704,	6683,	6680,	7025,	7074,	7059,	7028,	6687,	7072,	7035,	7032,	7185,	7182,	7207,	7136,	7121,	7210,	7189,	7134,	5733,	5730,	5707,	5724,	5709,	5588,	5703,	5720,	5591,	5608,	5593,	5616,	5623,	5604,	5429,	5426,	5451,	5380,	5365,	5454,	5433,	5378,	5341,	5338,	5315,	5332,	5317,	3744,	5311,	5328,	3747,	3764,	3749,	3772,	3779,	3760,	3815,	3812,	3837,	4250,	4235,	3840,	3819,	4248,	4211,	4208,	4185,	4202,	4187,	4066,	4181,	4198,	4069,	4086,	4071,	4094,	4101,	4082,	
6814,	6789,	6730,	6727,	6750,	6745,	6742,	6775,	6802,	6777,	6702,	6677,	7058,	7055,	7078,	7073,	7070,	7103,	6690,	7105,	7204,	7179,	7120,	7117,	7140,	7135,	7132,	7165,	7192,	7167,	5728,	5717,	5726,	5713,	5700,	5589,	5612,	5601,	5610,	5597,	5620,	5617,	5448,	5423,	5364,	5361,	5384,	5379,	5376,	5409,	5436,	5411,	5336,	5325,	5334,	5321,	5308,	3745,	3768,	3757,	3766,	3753,	3776,	3773,	3834,	3809,	4234,	4231,	4254,	4249,	4246,	4279,	3822,	4281,	4206,	4195,	4204,	4191,	4178,	4067,	4090,	4079,	4088,	4075,	4098,	4095,	
6729,	6726,	6753,	6732,	6747,	6774,	6749,	6772,	6741,	6708,	7057,	7054,	7081,	7060,	7075,	7102,	7077,	7100,	7069,	7036,	7119,	7116,	7143,	7122,	7137,	7164,	7139,	7162,	7131,	5734,	5725,	5706,	5715,	5698,	5719,	5704,	5609,	5590,	5599,	5618,	5603,	5624,	5363,	5360,	5387,	5366,	5381,	5408,	5383,	5406,	5375,	5342,	5333,	5314,	5323,	5306,	5327,	5312,	3765,	3746,	3755,	3774,	3759,	3780,	4233,	4230,	4257,	4236,	4251,	4278,	4253,	4276,	4245,	4212,	4203,	4184,	4193,	4176,	4197,	4182,	4087,	4068,	4077,	4096,	4081,	4102,	
6788,	6813,	6728,	6751,	6768,	6771,	6740,	6709,	6778,	6803,	6676,	6701,	7056,	7079,	7096,	7099,	7068,	7037,	7106,	6691,	7178,	7203,	7118,	7141,	7158,	7161,	7130,	5735,	7168,	7193,	5716,	5727,	5718,	5705,	5714,	5699,	5600,	5611,	5602,	5625,	5598,	5619,	5422,	5447,	5362,	5385,	5402,	5405,	5374,	5343,	5412,	5437,	5324,	5335,	5326,	5313,	5322,	5307,	3756,	3767,	3758,	3781,	3754,	3775,	3808,	3833,	4232,	4255,	4272,	4275,	4244,	4213,	4282,	3823,	4194,	4205,	4196,	4183,	4192,	4177,	4078,	4089,	4080,	4103,	4076,	4097,	
6725,	6752,	6769,	6754,	6733,	6748,	6773,	6758,	6737,	6710,	7053,	7080,	7097,	7082,	7061,	7076,	7101,	7086,	7065,	7038,	7115,	7142,	7159,	7144,	7123,	7138,	7163,	7148,	7127,	5736,	5695,	5674,	5671,	5688,	5697,	5680,	5661,	5640,	5637,	5654,	5627,	5646,	5359,	5386,	5403,	5388,	5367,	5382,	5407,	5392,	5371,	5344,	5303,	5282,	5279,	5296,	5305,	5288,	5269,	3796,	3793,	5262,	3783,	3802,	4229,	4256,	4273,	4258,	4237,	4252,	4277,	4262,	4241,	4214,	4173,	4152,	4149,	4166,	4175,	4158,	4139,	4118,	4115,	4132,	4105,	4124,	
6812,	6787,	6724,	6767,	6770,	6757,	6762,	6739,	6804,	6779,	6700,	6675,	7052,	7095,	7098,	7085,	7090,	7067,	6692,	7107,	7202,	7177,	7114,	7157,	7160,	7147,	7152,	7129,	7194,	7169,	5672,	5689,	5696,	5681,	5670,	5687,	5638,	5655,	5626,	5647,	5636,	5653,	5446,	5421,	5358,	5401,	5404,	5391,	5396,	5373,	5438,	5413,	5280,	5297,	5304,	5289,	5278,	5295,	3794,	5263,	3782,	3803,	3792,	5261,	3832,	3807,	4228,	4271,	4274,	4261,	4266,	4243,	3824,	4283,	4150,	4167,	4174,	4159,	4148,	4165,	4116,	4133,	4104,	4125,	4114,	4131,	
6723,	6766,	6755,	6734,	6761,	6764,	6759,	6736,	6711,	6738,	7051,	7094,	7083,	7062,	7089,	7092,	7087,	7064,	7039,	7066,	7113,	7156,	7145,	7124,	7151,	7154,	7149,	7126,	5737,	7128,	5675,	5694,	5673,	5686,	5679,	5662,	5641,	5660,	5639,	5652,	5645,	5628,	5357,	5400,	5389,	5368,	5395,	5398,	5393,	5370,	5345,	5372,	5283,	5302,	5281,	5294,	5287,	5270,	3797,	5268,	3795,	5260,	3801,	3784,	4227,	4270,	4259,	4238,	4265,	4268,	4263,	4240,	4215,	4242,	4153,	4172,	4151,	4164,	4157,	4140,	4119,	4138,	4117,	4130,	4123,	4106,	
6786,	6811,	6720,	6765,	6756,	6735,	6714,	6763,	6780,	6805,	6674,	6699,	7048,	7093,	7084,	7063,	7042,	7091,	7108,	6693,	7176,	7201,	7110,	7155,	7146,	7125,	5740,	7153,	7170,	7195,	5690,	5665,	5692,	5669,	5682,	5685,	5656,	5631,	5658,	5635,	5648,	5651,	5420,	5445,	5354,	5399,	5390,	5369,	5348,	5397,	5414,	5439,	5298,	5273,	5300,	5277,	5290,	5293,	5264,	3787,	5266,	3791,	3804,	5259,	3806,	3831,	4224,	4269,	4260,	4239,	4218,	4267,	4284,	3825,	4168,	4143,	4170,	4147,	4160,	4163,	4134,	4109,	4136,	4113,	4126,	4129,	
6719,	6722,	6809,	6784,	6717,	6760,	6807,	6782,	6715,	6712,	7047,	7050,	6697,	6672,	7045,	7088,	6695,	6670,	7043,	7040,	7109,	7112,	7199,	7174,	5743,	7150,	7197,	7172,	5741,	5738,	5693,	5676,	5667,	5684,	5663,	5678,	5659,	5642,	5633,	5650,	5629,	5644,	5353,	5356,	5443,	5418,	5351,	5394,	5441,	5416,	5349,	5346,	5301,	5284,	5275,	5292,	5271,	5286,	5267,	3798,	3789,	5258,	3785,	3800,	4223,	4226,	3829,	4288,	4221,	4264,	3827,	4286,	4219,	4216,	4171,	4154,	4145,	4162,	4141,	4156,	4137,	4120,	4111,	4128,	4107,	4122,	
6810,	6785,	6718,	6721,	6808,	6783,	6716,	6713,	6806,	6781,	6698,	6673,	7046,	7049,	6696,	6671,	7044,	7041,	6694,	6669,	7200,	7175,	5744,	7111,	7198,	7173,	5742,	5739,	7196,	7171,	5666,	5691,	5664,	5677,	5668,	5683,	5632,	5657,	5630,	5643,	5634,	5649,	5444,	5419,	5352,	5355,	5442,	5417,	5350,	5347,	5440,	5415,	5274,	5299,	5272,	5285,	5276,	5291,	3788,	5265,	3786,	3799,	3790,	3805,	3830,	4289,	4222,	4225,	3828,	4287,	4220,	4217,	3826,	4285,	4144,	4169,	4142,	4155,	4146,	4161,	4110,	4135,	4108,	4121,	4112,	4127,	
6253,	6300,	6285,	6288,	6251,	6298,	6315,	6290,	6249,	6246,	6631,	6238,	6663,	6666,	6629,	6236,	6593,	6668,	6627,	6624,	5791,	6228,	5759,	5756,	5793,	5746,	6213,	5754,	5795,	5798,	5809,	5812,	5807,	5908,	5873,	5814,	5877,	5910,	5879,	5816,	5883,	5912,	5165,	5118,	5133,	5130,	5167,	5120,	5103,	5128,	5169,	5172,	5183,	5186,	5181,	4798,	5247,	5188,	5251,	4800,	5253,	5190,	5257,	4802,	4773,	4726,	4741,	4738,	4291,	4728,	4711,	4736,	4293,	4296,	4307,	4310,	4305,	4406,	4371,	4312,	4375,	4408,	4377,	4314,	4381,	4410,	
6286,	6283,	6252,	6299,	6316,	6289,	6250,	6247,	6266,	6291,	6664,	6661,	6630,	6237,	6594,	6667,	6628,	6625,	6644,	6229,	5758,	5761,	5792,	5745,	6212,	5755,	5794,	5797,	5778,	5753,	5806,	5907,	5810,	5813,	5876,	5909,	5850,	5815,	5836,	5911,	5880,	5817,	5132,	5135,	5166,	5119,	5102,	5129,	5168,	5171,	5152,	5127,	5180,	4797,	5184,	5187,	5250,	4799,	5224,	5189,	5210,	4801,	5254,	5191,	4740,	4743,	4290,	4727,	4710,	4737,	4292,	4295,	4760,	4735,	4304,	4405,	4308,	4311,	4374,	4407,	4348,	4313,	4334,	4409,	4378,	4315,	
6301,	6254,	6287,	6284,	6297,	6328,	6319,	6314,	6245,	6248,	6239,	6632,	6665,	6662,	6235,	6606,	6597,	6592,	6623,	6626,	6227,	5790,	5757,	5760,	5747,	6200,	6209,	6214,	5799,	5796,	5811,	5808,	5905,	5872,	5849,	5874,	5833,	5878,	5847,	5882,	5913,	5884,	5117,	5164,	5131,	5134,	5121,	5090,	5099,	5104,	5173,	5170,	5185,	5182,	4795,	5246,	5223,	5248,	5207,	5252,	5221,	5256,	4803,	4774,	4725,	4772,	4739,	4742,	4729,	4698,	4707,	4712,	4297,	4294,	4309,	4306,	4403,	4370,	4347,	4372,	4331,	4376,	4345,	4380,	4411,	4382,	
6282,	6279,	6302,	6327,	6312,	6317,	6296,	6267,	6292,	6265,	6660,	6657,	6240,	6605,	6590,	6595,	6234,	6645,	6230,	6643,	5762,	5765,	6226,	6201,	6216,	6211,	5748,	5777,	5752,	5779,	5906,	5805,	5856,	5875,	5870,	5851,	5848,	5835,	5868,	5837,	5818,	5881,	5136,	5139,	5116,	5091,	5106,	5101,	5122,	5151,	5126,	5153,	4796,	5179,	5230,	5249,	5244,	5225,	5222,	5209,	5242,	5211,	5192,	5255,	4744,	4747,	4724,	4699,	4714,	4709,	4730,	4759,	4734,	4761,	4404,	4303,	4354,	4373,	4368,	4349,	4346,	4333,	4366,	4335,	4316,	4379,	
6255,	6324,	6281,	6310,	6329,	6320,	6313,	6318,	6295,	6244,	6633,	6602,	6659,	6588,	6607,	6598,	6591,	6596,	6233,	6622,	5789,	6204,	5763,	6218,	6199,	6208,	6215,	6210,	5749,	5800,	5901,	5904,	5871,	5852,	5855,	5834,	5869,	5832,	5841,	5846,	5885,	5914,	5163,	5094,	5137,	5108,	5089,	5098,	5105,	5100,	5123,	5174,	4791,	4794,	5245,	5226,	5229,	5208,	5243,	5206,	5215,	5220,	4775,	4804,	4771,	4702,	4745,	4716,	4697,	4706,	4713,	4708,	4731,	4298,	4399,	4402,	4369,	4350,	4353,	4332,	4367,	4330,	4339,	4344,	4383,	4412,	
6280,	6303,	6278,	6323,	6326,	6311,	6268,	6273,	6264,	6293,	6658,	6241,	6656,	6601,	6604,	6589,	6646,	6651,	6642,	6231,	5764,	6225,	5766,	6205,	6202,	6217,	5776,	5771,	5780,	5751,	5804,	5859,	5902,	5857,	5828,	5831,	5854,	5845,	5838,	5867,	5842,	5819,	5138,	5115,	5140,	5095,	5092,	5107,	5150,	5145,	5154,	5125,	5178,	5233,	4792,	5231,	5202,	5205,	5228,	5219,	5212,	5241,	5216,	5193,	4746,	4723,	4748,	4703,	4700,	4715,	4758,	4753,	4762,	4733,	4302,	4357,	4400,	4355,	4326,	4329,	4352,	4343,	4336,	4365,	4340,	4317,	
6277,	6256,	6325,	6330,	6309,	6274,	6321,	6294,	6243,	6262,	6655,	6634,	6603,	6608,	6587,	6652,	6599,	6232,	6621,	6640,	5767,	5788,	6203,	6198,	6219,	5770,	6207,	5750,	5801,	5782,	5903,	5900,	5803,	5860,	5853,	5862,	5829,	5840,	5843,	5888,	5915,	5886,	5141,	5162,	5093,	5088,	5109,	5144,	5097,	5124,	5175,	5156,	4793,	4790,	5177,	5234,	5227,	5236,	5203,	5214,	5217,	4778,	4805,	4776,	4749,	4770,	4701,	4696,	4717,	4752,	4705,	4732,	4299,	4764,	4401,	4398,	4301,	4358,	4351,	4360,	4327,	4338,	4341,	4386,	4413,	4384,	
6304,	6331,	6306,	6275,	6322,	6269,	6272,	6263,	6340,	6337,	6242,	6609,	6584,	6653,	6600,	6647,	6650,	6641,	6618,	6615,	6224,	6197,	6222,	5769,	6206,	5775,	5772,	5781,	6188,	6191,	5802,	5897,	5858,	5827,	5830,	5893,	5844,	5863,	5866,	5839,	5820,	5889,	5114,	5087,	5112,	5143,	5096,	5149,	5146,	5155,	5078,	5081,	5176,	4787,	5232,	5201,	5204,	4783,	5218,	5237,	5240,	5213,	5194,	4779,	4722,	4695,	4720,	4751,	4704,	4757,	4754,	4763,	4686,	4689,	4300,	4395,	4356,	4325,	4328,	4391,	4342,	4361,	4364,	4337,	4318,	4387,	
6257,	6276,	6333,	6270,	6259,	6308,	6335,	6338,	6261,	6342,	6635,	6654,	6611,	6648,	6637,	6586,	6613,	6616,	6639,	6620,	5787,	5768,	6195,	5774,	5785,	6220,	6193,	6190,	5783,	6186,	5899,	5826,	5895,	5920,	5861,	5824,	5865,	5918,	5891,	5822,	5887,	5916,	5161,	5142,	5085,	5148,	5159,	5110,	5083,	5080,	5157,	5076,	4789,	5200,	4785,	4810,	5235,	5198,	5239,	4808,	4781,	5196,	4777,	4806,	4769,	4750,	4693,	4756,	4767,	4718,	4691,	4688,	4765,	4684,	4397,	4324,	4393,	4418,	4359,	4322,	4363,	4416,	4389,	4320,	4385,	4414,	
6332,	6305,	6258,	6307,	6334,	6271,	6260,	6341,	6336,	6339,	6610,	6583,	6636,	6585,	6612,	6649,	6638,	6619,	6614,	6617,	6196,	6223,	5786,	6221,	6194,	5773,	5784,	6187,	6192,	6189,	5896,	5921,	5898,	5825,	5894,	5919,	5892,	5823,	5864,	5917,	5890,	5821,	5086,	5113,	5160,	5111,	5084,	5147,	5158,	5077,	5082,	5079,	4786,	4811,	4788,	5199,	4784,	4809,	4782,	5197,	5238,	4807,	4780,	5195,	4694,	4721,	4768,	4719,	4692,	4755,	4766,	4685,	4690,	4687,	4394,	4419,	4396,	4323,	4392,	4417,	4390,	4321,	4362,	4415,	4388,	4319,	
6373,	6370,	6375,	6350,	6345,	6368,	6347,	6366,	6343,	6460,	6485,	6482,	6487,	6582,	6577,	6480,	6579,	6478,	6575,	6572,	6155,	6158,	6153,	6178,	6183,	6160,	6181,	6162,	6185,	6068,	6059,	6044,	6047,	5922,	6057,	6038,	5943,	5928,	5931,	5950,	5941,	5958,	5045,	5048,	5043,	5068,	5073,	5050,	5071,	5052,	5075,	4958,	4949,	4934,	4937,	4812,	4947,	4928,	4833,	4818,	4821,	4840,	4831,	4848,	4653,	4656,	4651,	4676,	4681,	4658,	4679,	4660,	4683,	4566,	4557,	4542,	4545,	4420,	4555,	4536,	4441,	4426,	4429,	4448,	4439,	4456,	
6376,	6351,	6372,	6369,	6348,	6423,	6344,	6461,	6390,	6365,	6488,	6463,	6484,	6481,	6580,	6535,	6576,	6573,	6502,	6477,	6152,	6177,	6156,	6159,	6180,	6105,	6184,	6067,	6138,	6163,	6046,	6065,	6058,	6037,	6048,	5923,	5930,	5949,	5942,	5957,	5932,	5951,	5042,	5067,	5046,	5049,	5070,	4995,	5074,	4957,	5028,	5053,	4936,	4955,	4948,	4927,	4938,	4813,	4820,	4839,	4832,	4847,	4822,	4841,	4650,	4675,	4654,	4657,	4678,	4603,	4682,	4565,	4636,	4661,	4544,	4563,	4556,	4535,	4546,	4421,	4428,	4447,	4440,	4455,	4430,	4449,	
6371,	6374,	6349,	6420,	6435,	6346,	6367,	6422,	6459,	6462,	6483,	6486,	6581,	6532,	6547,	6578,	6479,	6534,	6571,	6574,	6157,	6154,	6179,	6108,	6093,	6182,	6161,	6106,	6069,	6066,	6043,	6060,	6045,	5924,	6039,	6056,	5927,	5944,	5929,	5952,	5959,	5940,	5047,	5044,	5069,	4998,	4983,	5072,	5051,	4996,	4959,	4956,	4933,	4950,	4935,	4814,	4929,	4946,	4817,	4834,	4819,	4842,	4849,	4830,	4655,	4652,	4677,	4606,	4591,	4680,	4659,	4604,	4567,	4564,	4541,	4558,	4543,	4422,	4537,	4554,	4425,	4442,	4427,	4450,	4457,	4438,	
6352,	6377,	6436,	6439,	6416,	6421,	6424,	6391,	6364,	6389,	6464,	6489,	6548,	6551,	6528,	6533,	6536,	6503,	6476,	6501,	6176,	6151,	6092,	6089,	6112,	6107,	6104,	6137,	6164,	6139,	6064,	6053,	6062,	6049,	6036,	5925,	5948,	5937,	5946,	5933,	5956,	5953,	5066,	5041,	4982,	4979,	5002,	4997,	4994,	5027,	5054,	5029,	4954,	4943,	4952,	4939,	4926,	4815,	4838,	4827,	4836,	4823,	4846,	4843,	4674,	4649,	4590,	4587,	4610,	4605,	4602,	4635,	4662,	4637,	4562,	4551,	4560,	4547,	4534,	4423,	4446,	4435,	4444,	4431,	4454,	4451,	
6437,	6440,	6413,	6434,	6419,	6392,	6417,	6394,	6425,	6458,	6549,	6552,	6525,	6546,	6531,	6504,	6529,	6506,	6537,	6570,	6091,	6088,	6115,	6094,	6109,	6136,	6111,	6134,	6103,	6070,	6061,	6042,	6051,	6034,	6055,	6040,	5945,	5926,	5935,	5954,	5939,	5960,	4981,	4978,	5005,	4984,	4999,	5026,	5001,	5024,	4993,	4960,	4951,	4932,	4941,	4924,	4945,	4930,	4835,	4816,	4825,	4844,	4829,	4850,	4589,	4586,	4613,	4592,	4607,	4634,	4609,	4632,	4601,	4568,	4559,	4540,	4549,	4532,	4553,	4538,	4443,	4424,	4433,	4452,	4437,	4458,	
6378,	6353,	6438,	6415,	6398,	6395,	6426,	6457,	6388,	6363,	6490,	6465,	6550,	6527,	6510,	6507,	6538,	6569,	6500,	6475,	6150,	6175,	6090,	6113,	6130,	6133,	6102,	6071,	6140,	6165,	6052,	6063,	6054,	6041,	6050,	6035,	5936,	5947,	5938,	5961,	5934,	5955,	5040,	5065,	4980,	5003,	5020,	5023,	4992,	4961,	5030,	5055,	4942,	4953,	4944,	4931,	4940,	4925,	4826,	4837,	4828,	4851,	4824,	4845,	4648,	4673,	4588,	4611,	4628,	4631,	4600,	4569,	4638,	4663,	4550,	4561,	4552,	4539,	4548,	4533,	4434,	4445,	4436,	4459,	4432,	4453,	
6441,	6414,	6397,	6412,	6433,	6418,	6393,	6408,	6429,	6456,	6553,	6526,	6509,	6524,	6545,	6530,	6505,	6520,	6541,	6568,	6087,	6114,	6131,	6116,	6095,	6110,	6135,	6120,	6099,	6072,	6031,	6010,	6007,	6024,	6033,	6016,	5997,	5976,	5973,	5990,	5963,	5982,	4977,	5004,	5021,	5006,	4985,	5000,	5025,	5010,	4989,	4962,	4921,	4900,	4897,	4914,	4923,	4906,	4887,	4866,	4863,	4880,	4853,	4872,	4585,	4612,	4629,	4614,	4593,	4608,	4633,	4618,	4597,	4570,	4529,	4508,	4505,	4522,	4531,	4514,	4495,	4474,	4471,	4488,	4461,	4480,	
6354,	6379,	6442,	6399,	6396,	6409,	6404,	6427,	6362,	6387,	6466,	6491,	6554,	6511,	6508,	6521,	6516,	6539,	6474,	6499,	6174,	6149,	6086,	6129,	6132,	6119,	6124,	6101,	6166,	6141,	6008,	6025,	6032,	6017,	6006,	6023,	5974,	5991,	5962,	5983,	5972,	5989,	5064,	5039,	4976,	5019,	5022,	5009,	5014,	4991,	5056,	5031,	4898,	4915,	4922,	4907,	4896,	4913,	4864,	4881,	4852,	4873,	4862,	4879,	4672,	4647,	4584,	4627,	4630,	4617,	4622,	4599,	4664,	4639,	4506,	4523,	4530,	4515,	4504,	4521,	4472,	4489,	4460,	4481,	4470,	4487,	
6443,	6400,	6411,	6432,	6405,	6402,	6407,	6430,	6455,	6428,	6555,	6512,	6523,	6544,	6517,	6514,	6519,	6542,	6567,	6540,	6085,	6128,	6117,	6096,	6123,	6126,	6121,	6098,	6073,	6100,	6011,	6030,	6009,	6022,	6015,	5998,	5977,	5996,	5975,	5988,	5981,	5964,	4975,	5018,	5007,	4986,	5013,	5016,	5011,	4988,	4963,	4990,	4901,	4920,	4899,	4912,	4905,	4888,	4867,	4886,	4865,	4878,	4871,	4854,	4583,	4626,	4615,	4594,	4621,	4624,	4619,	4596,	4571,	4598,	4509,	4528,	4507,	4520,	4513,	4496,	4475,	4494,	4473,	4486,	4479,	4462,	
6380,	6355,	6446,	6401,	6410,	6431,	6452,	6403,	6386,	6361,	6492,	6467,	6558,	6513,	6522,	6543,	6564,	6515,	6498,	6473,	6148,	6173,	6082,	6127,	6118,	6097,	6076,	6125,	6142,	6167,	6026,	6001,	6028,	6005,	6018,	6021,	5992,	5967,	5994,	5971,	5984,	5987,	5038,	5063,	4972,	5017,	5008,	4987,	4966,	5015,	5032,	5057,	4916,	4891,	4918,	4895,	4908,	4911,	4882,	4857,	4884,	4861,	4874,	4877,	4646,	4671,	4580,	4625,	4616,	4595,	4574,	4623,	4640,	4665,	4524,	4499,	4526,	4503,	4516,	4519,	4490,	4465,	4492,	4469,	4482,	4485,	
6447,	6444,	6357,	6382,	6449,	6406,	6359,	6384,	6451,	6454,	6559,	6556,	6469,	6494,	6561,	6518,	6471,	6496,	6563,	6566,	6081,	6084,	6171,	6146,	6079,	6122,	6169,	6144,	6077,	6074,	6029,	6012,	6003,	6020,	5999,	6014,	5995,	5978,	5969,	5986,	5965,	5980,	4971,	4974,	5061,	5036,	4969,	5012,	5059,	5034,	4967,	4964,	4919,	4902,	4893,	4910,	4889,	4904,	4885,	4868,	4859,	4876,	4855,	4870,	4579,	4582,	4669,	4644,	4577,	4620,	4667,	4642,	4575,	4572,	4527,	4510,	4501,	4518,	4497,	4512,	4493,	4476,	4467,	4484,	4463,	4478,	
6356,	6381,	6448,	6445,	6358,	6383,	6450,	6453,	6360,	6385,	6468,	6493,	6560,	6557,	6470,	6495,	6562,	6565,	6472,	6497,	6172,	6147,	6080,	6083,	6170,	6145,	6078,	6075,	6168,	6143,	6002,	6027,	6000,	6013,	6004,	6019,	5968,	5993,	5966,	5979,	5970,	5985,	5062,	5037,	4970,	4973,	5060,	5035,	4968,	4965,	5058,	5033,	4892,	4917,	4890,	4903,	4894,	4909,	4858,	4883,	4856,	4869,	4860,	4875,	4670,	4645,	4578,	4581,	4668,	4643,	4576,	4573,	4666,	4641,	4500,	4525,	4498,	4511,	4502,	4517,	4466,	4491,	4464,	4477,	4468,	4483,	
