1063,	1016,	1031,	1028,	1065,	1018,	1001,	1026,	1067,	1070,	1081,	1084,	1079,	1180,	1145,	1086,	1149,	1182,	1151,	1088,	1155,	1184,	1385,	1338,	1353,	1350,	1387,	1340,	1323,	1348,	1389,	1392,	1403,	1406,	1401,	1502,	1467,	1408,	1471,	1504,	1473,	1410,	1477,	1506,	2445,	2398,	2413,	2410,	2447,	2400,	2383,	2408,	2449,	2452,	2463,	2466,	2461,	2562,	2527,	2468,	2531,	2564,	2533,	2470,	2537,	2566,	2767,	2720,	2735,	2732,	2769,	2722,	2705,	2730,	2771,	2774,	2785,	2788,	2783,	2884,	2849,	2790,	2853,	2886,	2855,	2792,	2859,	2888,	
1030,	1033,	1064,	1017,	1000,	1027,	1066,	1069,	1050,	1025,	1078,	1179,	1082,	1085,	1148,	1181,	1122,	1087,	1108,	1183,	1152,	1089,	1352,	1355,	1386,	1339,	1322,	1349,	1388,	1391,	1372,	1347,	1400,	1501,	1404,	1407,	1470,	1503,	1444,	1409,	1430,	1505,	1474,	1411,	2412,	2415,	2446,	2399,	2382,	2409,	2448,	2451,	2432,	2407,	2460,	2561,	2464,	2467,	2530,	2563,	2504,	2469,	2490,	2565,	2534,	2471,	2734,	2737,	2768,	2721,	2704,	2731,	2770,	2773,	2754,	2729,	2782,	2883,	2786,	2789,	2852,	2885,	2826,	2791,	2812,	2887,	2856,	2793,	
1015,	1062,	1029,	1032,	1019,	988,	997,	1002,	1071,	1068,	1083,	1080,	1177,	1144,	1121,	1146,	1105,	1150,	1119,	1154,	1185,	1156,	1337,	1384,	1351,	1354,	1341,	1310,	1319,	1324,	1393,	1390,	1405,	1402,	1499,	1466,	1443,	1468,	1427,	1472,	1441,	1476,	1507,	1478,	2397,	2444,	2411,	2414,	2401,	2370,	2379,	2384,	2453,	2450,	2465,	2462,	2559,	2526,	2503,	2528,	2487,	2532,	2501,	2536,	2567,	2538,	2719,	2766,	2733,	2736,	2723,	2692,	2701,	2706,	2775,	2772,	2787,	2784,	2881,	2848,	2825,	2850,	2809,	2854,	2823,	2858,	2889,	2860,	
1034,	1037,	1014,	989,	1004,	999,	1020,	1049,	1024,	1051,	1178,	1077,	1128,	1147,	1142,	1123,	1120,	1107,	1140,	1109,	1090,	1153,	1356,	1359,	1336,	1311,	1326,	1321,	1342,	1371,	1346,	1373,	1500,	1399,	1450,	1469,	1464,	1445,	1442,	1429,	1462,	1431,	1412,	1475,	2416,	2419,	2396,	2371,	2386,	2381,	2402,	2431,	2406,	2433,	2560,	2459,	2510,	2529,	2524,	2505,	2502,	2489,	2522,	2491,	2472,	2535,	2738,	2741,	2718,	2693,	2708,	2703,	2724,	2753,	2728,	2755,	2882,	2781,	2832,	2851,	2846,	2827,	2824,	2811,	2844,	2813,	2794,	2857,	
1061,	992,	1035,	1006,	987,	996,	1003,	998,	1021,	1072,	1173,	1176,	1143,	1124,	1127,	1106,	1141,	1104,	1113,	1118,	1157,	1186,	1383,	1314,	1357,	1328,	1309,	1318,	1325,	1320,	1343,	1394,	1495,	1498,	1465,	1446,	1449,	1428,	1463,	1426,	1435,	1440,	1479,	1508,	2443,	2374,	2417,	2388,	2369,	2378,	2385,	2380,	2403,	2454,	2555,	2558,	2525,	2506,	2509,	2488,	2523,	2486,	2495,	2500,	2539,	2568,	2765,	2696,	2739,	2710,	2691,	2700,	2707,	2702,	2725,	2776,	2877,	2880,	2847,	2828,	2831,	2810,	2845,	2808,	2817,	2822,	2861,	2890,	
1036,	1013,	1038,	993,	990,	1005,	1048,	1043,	1052,	1023,	1076,	1131,	1174,	1129,	1100,	1103,	1126,	1117,	1110,	1139,	1114,	1091,	1358,	1335,	1360,	1315,	1312,	1327,	1370,	1365,	1374,	1345,	1398,	1453,	1496,	1451,	1422,	1425,	1448,	1439,	1432,	1461,	1436,	1413,	2418,	2395,	2420,	2375,	2372,	2387,	2430,	2425,	2434,	2405,	2458,	2513,	2556,	2511,	2482,	2485,	2508,	2499,	2492,	2521,	2496,	2473,	2740,	2717,	2742,	2697,	2694,	2709,	2752,	2747,	2756,	2727,	2780,	2835,	2878,	2833,	2804,	2807,	2830,	2821,	2814,	2843,	2818,	2795,	
1039,	1060,	991,	986,	1007,	1042,	995,	1022,	1073,	1054,	1175,	1172,	1075,	1132,	1125,	1134,	1101,	1112,	1115,	1160,	1187,	1158,	1361,	1382,	1313,	1308,	1329,	1364,	1317,	1344,	1395,	1376,	1497,	1494,	1397,	1454,	1447,	1456,	1423,	1434,	1437,	1482,	1509,	1480,	2421,	2442,	2373,	2368,	2389,	2424,	2377,	2404,	2455,	2436,	2557,	2554,	2457,	2514,	2507,	2516,	2483,	2494,	2497,	2542,	2569,	2540,	2743,	2764,	2695,	2690,	2711,	2746,	2699,	2726,	2777,	2758,	2879,	2876,	2779,	2836,	2829,	2838,	2805,	2816,	2819,	2864,	2891,	2862,	
1012,	985,	1010,	1041,	994,	1047,	1044,	1053,	976,	979,	1074,	1169,	1130,	1099,	1102,	1165,	1116,	1135,	1138,	1111,	1092,	1161,	1334,	1307,	1332,	1363,	1316,	1369,	1366,	1375,	1298,	1301,	1396,	1491,	1452,	1421,	1424,	1487,	1438,	1457,	1460,	1433,	1414,	1483,	2394,	2367,	2392,	2423,	2376,	2429,	2426,	2435,	2358,	2361,	2456,	2551,	2512,	2481,	2484,	2547,	2498,	2517,	2520,	2493,	2474,	2543,	2716,	2689,	2714,	2745,	2698,	2751,	2748,	2757,	2680,	2683,	2778,	2873,	2834,	2803,	2806,	2869,	2820,	2839,	2842,	2815,	2796,	2865,	
1059,	1040,	983,	1046,	1057,	1008,	981,	978,	1055,	974,	1171,	1098,	1167,	1192,	1133,	1096,	1137,	1190,	1163,	1094,	1159,	1188,	1381,	1362,	1305,	1368,	1379,	1330,	1303,	1300,	1377,	1296,	1493,	1420,	1489,	1514,	1455,	1418,	1459,	1512,	1485,	1416,	1481,	1510,	2441,	2422,	2365,	2428,	2439,	2390,	2363,	2360,	2437,	2356,	2553,	2480,	2549,	2574,	2515,	2478,	2519,	2572,	2545,	2476,	2541,	2570,	2763,	2744,	2687,	2750,	2761,	2712,	2685,	2682,	2759,	2678,	2875,	2802,	2871,	2896,	2837,	2800,	2841,	2894,	2867,	2798,	2863,	2892,	
984,	1011,	1058,	1009,	982,	1045,	1056,	975,	980,	977,	1168,	1193,	1170,	1097,	1166,	1191,	1164,	1095,	1136,	1189,	1162,	1093,	1306,	1333,	1380,	1331,	1304,	1367,	1378,	1297,	1302,	1299,	1490,	1515,	1492,	1419,	1488,	1513,	1486,	1417,	1458,	1511,	1484,	1415,	2366,	2393,	2440,	2391,	2364,	2427,	2438,	2357,	2362,	2359,	2550,	2575,	2552,	2479,	2548,	2573,	2546,	2477,	2518,	2571,	2544,	2475,	2688,	2715,	2762,	2713,	2686,	2749,	2760,	2679,	2684,	2681,	2872,	2897,	2874,	2801,	2870,	2895,	2868,	2799,	2840,	2893,	2866,	2797,	
943,	946,	941,	966,	971,	948,	969,	950,	973,	856,	847,	832,	835,	1194,	845,	826,	1215,	1200,	1203,	1222,	1213,	1230,	1265,	1268,	1263,	1288,	1293,	1270,	1291,	1272,	1295,	1662,	1653,	1638,	1641,	1516,	1651,	1632,	1537,	1522,	1525,	1544,	1535,	1552,	2325,	2328,	2323,	2348,	2353,	2330,	2351,	2332,	2355,	2238,	2229,	2214,	2217,	2576,	2227,	2208,	2597,	2582,	2585,	2604,	2595,	2612,	2647,	2650,	2645,	2670,	2675,	2652,	2673,	2654,	2677,	3044,	3035,	3020,	3023,	2898,	3033,	3014,	2919,	2904,	2907,	2926,	2917,	2934,	
940,	965,	944,	947,	968,	893,	972,	855,	926,	951,	834,	853,	846,	825,	836,	1195,	1202,	1221,	1214,	1229,	1204,	1223,	1262,	1287,	1266,	1269,	1290,	1699,	1294,	1661,	1732,	1273,	1640,	1659,	1652,	1631,	1642,	1517,	1524,	1543,	1536,	1551,	1526,	1545,	2322,	2347,	2326,	2329,	2350,	2275,	2354,	2237,	2308,	2333,	2216,	2235,	2228,	2207,	2218,	2577,	2584,	2603,	2596,	2611,	2586,	2605,	2644,	2669,	2648,	2651,	2672,	3081,	2676,	3043,	3114,	2655,	3022,	3041,	3034,	3013,	3024,	2899,	2906,	2925,	2918,	2933,	2908,	2927,	
945,	942,	967,	896,	881,	970,	949,	894,	857,	854,	831,	848,	833,	1196,	827,	844,	1199,	1216,	1201,	1224,	1231,	1212,	1267,	1264,	1289,	1702,	1687,	1292,	1271,	1700,	1663,	1660,	1637,	1654,	1639,	1518,	1633,	1650,	1521,	1538,	1523,	1546,	1553,	1534,	2327,	2324,	2349,	2278,	2263,	2352,	2331,	2276,	2239,	2236,	2213,	2230,	2215,	2578,	2209,	2226,	2581,	2598,	2583,	2606,	2613,	2594,	2649,	2646,	2671,	3084,	3069,	2674,	2653,	3082,	3045,	3042,	3019,	3036,	3021,	2900,	3015,	3032,	2903,	2920,	2905,	2928,	2935,	2916,	
964,	939,	880,	877,	900,	895,	892,	925,	952,	927,	852,	841,	850,	837,	824,	1197,	1220,	1209,	1218,	1205,	1228,	1225,	1286,	1261,	1686,	1683,	1706,	1701,	1698,	1731,	1274,	1733,	1658,	1647,	1656,	1643,	1630,	1519,	1542,	1531,	1540,	1527,	1550,	1547,	2346,	2321,	2262,	2259,	2282,	2277,	2274,	2307,	2334,	2309,	2234,	2223,	2232,	2219,	2206,	2579,	2602,	2591,	2600,	2587,	2610,	2607,	2668,	2643,	3068,	3065,	3088,	3083,	3080,	3113,	2656,	3115,	3040,	3029,	3038,	3025,	3012,	2901,	2924,	2913,	2922,	2909,	2932,	2929,	
879,	876,	903,	882,	897,	924,	899,	922,	891,	858,	849,	830,	839,	822,	843,	828,	1217,	1198,	1207,	1226,	1211,	1232,	1685,	1682,	1709,	1688,	1703,	1730,	1705,	1728,	1697,	1664,	1655,	1636,	1645,	1628,	1649,	1634,	1539,	1520,	1529,	1548,	1533,	1554,	2261,	2258,	2285,	2264,	2279,	2306,	2281,	2304,	2273,	2240,	2231,	2212,	2221,	2204,	2225,	2210,	2599,	2580,	2589,	2608,	2593,	2614,	3067,	3064,	3091,	3070,	3085,	3112,	3087,	3110,	3079,	3046,	3037,	3018,	3027,	3010,	3031,	3016,	2921,	2902,	2911,	2930,	2915,	2936,	
938,	963,	878,	901,	918,	921,	890,	859,	928,	953,	840,	851,	842,	829,	838,	823,	1208,	1219,	1210,	1233,	1206,	1227,	1260,	1285,	1684,	1707,	1724,	1727,	1696,	1665,	1734,	1275,	1646,	1657,	1648,	1635,	1644,	1629,	1530,	1541,	1532,	1555,	1528,	1549,	2320,	2345,	2260,	2283,	2300,	2303,	2272,	2241,	2310,	2335,	2222,	2233,	2224,	2211,	2220,	2205,	2590,	2601,	2592,	2615,	2588,	2609,	2642,	2667,	3066,	3089,	3106,	3109,	3078,	3047,	3116,	2657,	3028,	3039,	3030,	3017,	3026,	3011,	2912,	2923,	2914,	2937,	2910,	2931,	
875,	902,	919,	904,	883,	898,	923,	908,	887,	860,	819,	798,	795,	812,	821,	804,	785,	1248,	1245,	778,	1235,	1254,	1681,	1708,	1725,	1710,	1689,	1704,	1729,	1714,	1693,	1666,	1625,	1604,	1601,	1618,	1627,	1610,	1591,	1570,	1567,	1584,	1557,	1576,	2257,	2284,	2301,	2286,	2265,	2280,	2305,	2290,	2269,	2242,	2201,	2180,	2177,	2194,	2203,	2186,	2167,	2630,	2627,	2160,	2617,	2636,	3063,	3090,	3107,	3092,	3071,	3086,	3111,	3096,	3075,	3048,	3007,	2986,	2983,	3000,	3009,	2992,	2973,	2952,	2949,	2966,	2939,	2958,	
962,	937,	874,	917,	920,	907,	912,	889,	954,	929,	796,	813,	820,	805,	794,	811,	1246,	779,	1234,	1255,	1244,	777,	1284,	1259,	1680,	1723,	1726,	1713,	1718,	1695,	1276,	1735,	1602,	1619,	1626,	1611,	1600,	1617,	1568,	1585,	1556,	1577,	1566,	1583,	2344,	2319,	2256,	2299,	2302,	2289,	2294,	2271,	2336,	2311,	2178,	2195,	2202,	2187,	2176,	2193,	2628,	2161,	2616,	2637,	2626,	2159,	2666,	2641,	3062,	3105,	3108,	3095,	3100,	3077,	2658,	3117,	2984,	3001,	3008,	2993,	2982,	2999,	2950,	2967,	2938,	2959,	2948,	2965,	
873,	916,	905,	884,	911,	914,	909,	886,	861,	888,	799,	818,	797,	810,	803,	786,	1249,	784,	1247,	776,	1253,	1236,	1679,	1722,	1711,	1690,	1717,	1720,	1715,	1692,	1667,	1694,	1605,	1624,	1603,	1616,	1609,	1592,	1571,	1590,	1569,	1582,	1575,	1558,	2255,	2298,	2287,	2266,	2293,	2296,	2291,	2268,	2243,	2270,	2181,	2200,	2179,	2192,	2185,	2168,	2631,	2166,	2629,	2158,	2635,	2618,	3061,	3104,	3093,	3072,	3099,	3102,	3097,	3074,	3049,	3076,	2987,	3006,	2985,	2998,	2991,	2974,	2953,	2972,	2951,	2964,	2957,	2940,	
936,	961,	870,	915,	906,	885,	864,	913,	930,	955,	814,	789,	816,	793,	806,	809,	780,	1239,	782,	1243,	1256,	775,	1258,	1283,	1676,	1721,	1712,	1691,	1670,	1719,	1736,	1277,	1620,	1595,	1622,	1599,	1612,	1615,	1586,	1561,	1588,	1565,	1578,	1581,	2318,	2343,	2252,	2297,	2288,	2267,	2246,	2295,	2312,	2337,	2196,	2171,	2198,	2175,	2188,	2191,	2162,	2621,	2164,	2625,	2638,	2157,	2640,	2665,	3058,	3103,	3094,	3073,	3052,	3101,	3118,	2659,	3002,	2977,	3004,	2981,	2994,	2997,	2968,	2943,	2970,	2947,	2960,	2963,	
869,	872,	959,	934,	867,	910,	957,	932,	865,	862,	817,	800,	791,	808,	787,	802,	783,	1250,	1241,	774,	1237,	1252,	1675,	1678,	1281,	1740,	1673,	1716,	1279,	1738,	1671,	1668,	1623,	1606,	1597,	1614,	1593,	1608,	1589,	1572,	1563,	1580,	1559,	1574,	2251,	2254,	2341,	2316,	2249,	2292,	2339,	2314,	2247,	2244,	2199,	2182,	2173,	2190,	2169,	2184,	2165,	2632,	2623,	2156,	2619,	2634,	3057,	3060,	2663,	3122,	3055,	3098,	2661,	3120,	3053,	3050,	3005,	2988,	2979,	2996,	2975,	2990,	2971,	2954,	2945,	2962,	2941,	2956,	
960,	935,	868,	871,	958,	933,	866,	863,	956,	931,	790,	815,	788,	801,	792,	807,	1240,	781,	1238,	1251,	1242,	1257,	1282,	1741,	1674,	1677,	1280,	1739,	1672,	1669,	1278,	1737,	1596,	1621,	1594,	1607,	1598,	1613,	1562,	1587,	1560,	1573,	1564,	1579,	2342,	2317,	2250,	2253,	2340,	2315,	2248,	2245,	2338,	2313,	2172,	2197,	2170,	2183,	2174,	2189,	2622,	2163,	2620,	2633,	2624,	2639,	2664,	3123,	3056,	3059,	2662,	3121,	3054,	3051,	2660,	3119,	2978,	3003,	2976,	2989,	2980,	2995,	2944,	2969,	2942,	2955,	2946,	2961,	
681,	634,	649,	646,	683,	636,	619,	644,	685,	688,	699,	702,	697,	314,	763,	704,	767,	316,	769,	706,	773,	318,	289,	242,	257,	254,	1743,	244,	227,	252,	1745,	1748,	1759,	1762,	1757,	1858,	1823,	1764,	1827,	1860,	1829,	1766,	1833,	1862,	2063,	2016,	2031,	2028,	2065,	2018,	2001,	2026,	2067,	2070,	2081,	2084,	2079,	3632,	2145,	2086,	2149,	3634,	2151,	2088,	2155,	3636,	3607,	3560,	3575,	3572,	3125,	3562,	3545,	3570,	3127,	3130,	3141,	3144,	3139,	3240,	3205,	3146,	3209,	3242,	3211,	3148,	3215,	3244,	
648,	651,	682,	635,	618,	645,	684,	687,	668,	643,	696,	313,	700,	703,	766,	315,	740,	705,	726,	317,	770,	707,	256,	259,	1742,	243,	226,	253,	1744,	1747,	276,	251,	1756,	1857,	1760,	1763,	1826,	1859,	1800,	1765,	1786,	1861,	1830,	1767,	2030,	2033,	2064,	2017,	2000,	2027,	2066,	2069,	2050,	2025,	2078,	3631,	2082,	2085,	2148,	3633,	2122,	2087,	2108,	3635,	2152,	2089,	3574,	3577,	3124,	3561,	3544,	3571,	3126,	3129,	3594,	3569,	3138,	3239,	3142,	3145,	3208,	3241,	3182,	3147,	3168,	3243,	3212,	3149,	
633,	680,	647,	650,	637,	606,	615,	620,	689,	686,	701,	698,	311,	762,	739,	764,	723,	768,	737,	772,	319,	290,	241,	288,	255,	258,	245,	214,	223,	228,	1749,	1746,	1761,	1758,	1855,	1822,	1799,	1824,	1783,	1828,	1797,	1832,	1863,	1834,	2015,	2062,	2029,	2032,	2019,	1988,	1997,	2002,	2071,	2068,	2083,	2080,	3629,	2144,	2121,	2146,	2105,	2150,	2119,	2154,	3637,	3608,	3559,	3606,	3573,	3576,	3563,	3532,	3541,	3546,	3131,	3128,	3143,	3140,	3237,	3204,	3181,	3206,	3165,	3210,	3179,	3214,	3245,	3216,	
652,	655,	632,	607,	622,	617,	638,	667,	642,	669,	312,	695,	746,	765,	760,	741,	738,	725,	758,	727,	708,	771,	260,	263,	240,	215,	230,	225,	246,	275,	250,	277,	1856,	1755,	1806,	1825,	1820,	1801,	1798,	1785,	1818,	1787,	1768,	1831,	2034,	2037,	2014,	1989,	2004,	1999,	2020,	2049,	2024,	2051,	3630,	2077,	2128,	2147,	2142,	2123,	2120,	2107,	2140,	2109,	2090,	2153,	3578,	3581,	3558,	3533,	3548,	3543,	3564,	3593,	3568,	3595,	3238,	3137,	3188,	3207,	3202,	3183,	3180,	3167,	3200,	3169,	3150,	3213,	
679,	610,	653,	624,	605,	614,	621,	616,	639,	690,	307,	310,	761,	742,	745,	724,	759,	722,	731,	736,	291,	320,	287,	218,	261,	232,	213,	222,	229,	224,	247,	1750,	1851,	1854,	1821,	1802,	1805,	1784,	1819,	1782,	1791,	1796,	1835,	1864,	2061,	1992,	2035,	2006,	1987,	1996,	2003,	1998,	2021,	2072,	3625,	3628,	2143,	2124,	2127,	2106,	2141,	2104,	2113,	2118,	3609,	3638,	3605,	3536,	3579,	3550,	3531,	3540,	3547,	3542,	3565,	3132,	3233,	3236,	3203,	3184,	3187,	3166,	3201,	3164,	3173,	3178,	3217,	3246,	
654,	631,	656,	611,	608,	623,	666,	661,	670,	641,	694,	749,	308,	747,	718,	721,	744,	735,	728,	757,	732,	709,	262,	239,	264,	219,	216,	231,	274,	269,	278,	249,	1754,	1809,	1852,	1807,	1778,	1781,	1804,	1795,	1788,	1817,	1792,	1769,	2036,	2013,	2038,	1993,	1990,	2005,	2048,	2043,	2052,	2023,	2076,	2131,	3626,	2129,	2100,	2103,	2126,	2117,	2110,	2139,	2114,	2091,	3580,	3557,	3582,	3537,	3534,	3549,	3592,	3587,	3596,	3567,	3136,	3191,	3234,	3189,	3160,	3163,	3186,	3177,	3170,	3199,	3174,	3151,	
657,	678,	609,	604,	625,	660,	613,	640,	691,	672,	309,	306,	693,	750,	743,	752,	719,	730,	733,	294,	321,	292,	265,	286,	217,	212,	233,	268,	221,	248,	1751,	280,	1853,	1850,	1753,	1810,	1803,	1812,	1779,	1790,	1793,	1838,	1865,	1836,	2039,	2060,	1991,	1986,	2007,	2042,	1995,	2022,	2073,	2054,	3627,	3624,	2075,	2132,	2125,	2134,	2101,	2112,	2115,	3612,	3639,	3610,	3583,	3604,	3535,	3530,	3551,	3586,	3539,	3566,	3133,	3598,	3235,	3232,	3135,	3192,	3185,	3194,	3161,	3172,	3175,	3220,	3247,	3218,	
630,	603,	628,	659,	612,	665,	662,	671,	594,	597,	692,	303,	748,	717,	720,	299,	734,	753,	756,	729,	710,	295,	238,	211,	236,	267,	220,	273,	270,	279,	202,	205,	1752,	1847,	1808,	1777,	1780,	1843,	1794,	1813,	1816,	1789,	1770,	1839,	2012,	1985,	2010,	2041,	1994,	2047,	2044,	2053,	1976,	1979,	2074,	3621,	2130,	2099,	2102,	3617,	2116,	2135,	2138,	2111,	2092,	3613,	3556,	3529,	3554,	3585,	3538,	3591,	3588,	3597,	3520,	3523,	3134,	3229,	3190,	3159,	3162,	3225,	3176,	3195,	3198,	3171,	3152,	3221,	
677,	658,	601,	664,	675,	626,	599,	596,	673,	592,	305,	716,	301,	326,	751,	714,	755,	324,	297,	712,	293,	322,	285,	266,	209,	272,	283,	234,	207,	204,	281,	200,	1849,	1776,	1845,	1870,	1811,	1774,	1815,	1868,	1841,	1772,	1837,	1866,	2059,	2040,	1983,	2046,	2057,	2008,	1981,	1978,	2055,	1974,	3623,	2098,	3619,	3644,	2133,	2096,	2137,	3642,	3615,	2094,	3611,	3640,	3603,	3584,	3527,	3590,	3601,	3552,	3525,	3522,	3599,	3518,	3231,	3158,	3227,	3252,	3193,	3156,	3197,	3250,	3223,	3154,	3219,	3248,	
602,	629,	676,	627,	600,	663,	674,	593,	598,	595,	302,	327,	304,	715,	300,	325,	298,	713,	754,	323,	296,	711,	210,	237,	284,	235,	208,	271,	282,	201,	206,	203,	1846,	1871,	1848,	1775,	1844,	1869,	1842,	1773,	1814,	1867,	1840,	1771,	1984,	2011,	2058,	2009,	1982,	2045,	2056,	1975,	1980,	1977,	3620,	3645,	3622,	2097,	3618,	3643,	3616,	2095,	2136,	3641,	3614,	2093,	3528,	3555,	3602,	3553,	3526,	3589,	3600,	3519,	3524,	3521,	3228,	3253,	3230,	3157,	3226,	3251,	3224,	3155,	3196,	3249,	3222,	3153,	
561,	564,	559,	584,	589,	566,	587,	568,	591,	474,	465,	450,	453,	328,	463,	444,	349,	334,	337,	356,	347,	364,	169,	172,	167,	192,	197,	174,	195,	176,	199,	82,		73,		58,		61,		1872,	71,		52,		1893,	1878,	1881,	1900,	1891,	1908,	1943,	1946,	1941,	1966,	1971,	1948,	1969,	1950,	1973,	3792,	3783,	3768,	3771,	3646,	3781,	3762,	3667,	3652,	3655,	3674,	3665,	3682,	3487,	3490,	3485,	3510,	3515,	3492,	3513,	3494,	3517,	3400,	3391,	3376,	3379,	3254,	3389,	3370,	3275,	3260,	3263,	3282,	3273,	3290,	
558,	583,	562,	565,	586,	511,	590,	473,	544,	569,	452,	471,	464,	443,	454,	329,	336,	355,	348,	363,	338,	357,	166,	191,	170,	173,	194,	119,	198,	81,		152,	177,	60,		79,		72,		51,		62,		1873,	1880,	1899,	1892,	1907,	1882,	1901,	1940,	1965,	1944,	1947,	1968,	3829,	1972,	3791,	3862,	1951,	3770,	3789,	3782,	3761,	3772,	3647,	3654,	3673,	3666,	3681,	3656,	3675,	3484,	3509,	3488,	3491,	3512,	3437,	3516,	3399,	3470,	3495,	3378,	3397,	3390,	3369,	3380,	3255,	3262,	3281,	3274,	3289,	3264,	3283,	
563,	560,	585,	514,	499,	588,	567,	512,	475,	472,	449,	466,	451,	330,	445,	462,	333,	350,	335,	358,	365,	346,	171,	168,	193,	122,	107,	196,	175,	120,	83,		80,		57,		74,		59,		1874,	53,		70,		1877,	1894,	1879,	1902,	1909,	1890,	1945,	1942,	1967,	3832,	3817,	1970,	1949,	3830,	3793,	3790,	3767,	3784,	3769,	3648,	3763,	3780,	3651,	3668,	3653,	3676,	3683,	3664,	3489,	3486,	3511,	3440,	3425,	3514,	3493,	3438,	3401,	3398,	3375,	3392,	3377,	3256,	3371,	3388,	3259,	3276,	3261,	3284,	3291,	3272,	
582,	557,	498,	495,	518,	513,	510,	543,	570,	545,	470,	459,	468,	455,	442,	331,	354,	343,	352,	339,	362,	359,	190,	165,	106,	103,	126,	121,	118,	151,	178,	153,	78,		67,		76,		63,		50,		1875,	1898,	1887,	1896,	1883,	1906,	1903,	1964,	1939,	3816,	3813,	3836,	3831,	3828,	3861,	1952,	3863,	3788,	3777,	3786,	3773,	3760,	3649,	3672,	3661,	3670,	3657,	3680,	3677,	3508,	3483,	3424,	3421,	3444,	3439,	3436,	3469,	3496,	3471,	3396,	3385,	3394,	3381,	3368,	3257,	3280,	3269,	3278,	3265,	3288,	3285,	
497,	494,	521,	500,	515,	542,	517,	540,	509,	476,	467,	448,	457,	440,	461,	446,	351,	332,	341,	360,	345,	366,	105,	102,	129,	108,	123,	150,	125,	148,	117,	84,		75,		56,		65,		48,		69,		54,		1895,	1876,	1885,	1904,	1889,	1910,	3815,	3812,	3839,	3818,	3833,	3860,	3835,	3858,	3827,	3794,	3785,	3766,	3775,	3758,	3779,	3764,	3669,	3650,	3659,	3678,	3663,	3684,	3423,	3420,	3447,	3426,	3441,	3468,	3443,	3466,	3435,	3402,	3393,	3374,	3383,	3366,	3387,	3372,	3277,	3258,	3267,	3286,	3271,	3292,	
556,	581,	496,	519,	536,	539,	508,	477,	546,	571,	458,	469,	460,	447,	456,	441,	342,	353,	344,	367,	340,	361,	164,	189,	104,	127,	144,	147,	116,	85,		154,	179,	66,		77,		68,		55,		64,		49,		1886,	1897,	1888,	1911,	1884,	1905,	1938,	1963,	3814,	3837,	3854,	3857,	3826,	3795,	3864,	1953,	3776,	3787,	3778,	3765,	3774,	3759,	3660,	3671,	3662,	3685,	3658,	3679,	3482,	3507,	3422,	3445,	3462,	3465,	3434,	3403,	3472,	3497,	3384,	3395,	3386,	3373,	3382,	3367,	3268,	3279,	3270,	3293,	3266,	3287,	
493,	520,	537,	522,	501,	516,	541,	526,	505,	478,	437,	416,	413,	430,	439,	422,	403,	382,	379,	396,	369,	388,	101,	128,	145,	130,	109,	124,	149,	134,	113,	86,		45,		24,		21,		38,		47,		30,		11,		1926,	1923,	4,		1913,	1932,	3811,	3838,	3855,	3840,	3819,	3834,	3859,	3844,	3823,	3796,	3755,	3734,	3731,	3748,	3757,	3740,	3721,	3700,	3697,	3714,	3687,	3706,	3419,	3446,	3463,	3448,	3427,	3442,	3467,	3452,	3431,	3404,	3363,	3342,	3339,	3356,	3365,	3348,	3329,	3308,	3305,	3322,	3295,	3314,	
580,	555,	492,	535,	538,	525,	530,	507,	572,	547,	414,	431,	438,	423,	412,	429,	380,	397,	368,	389,	378,	395,	188,	163,	100,	143,	146,	133,	138,	115,	180,	155,	22,		39,		46,		31,		20,		37,		1924,	5,		1912,	1933,	1922,	3,		1962,	1937,	3810,	3853,	3856,	3843,	3848,	3825,	1954,	3865,	3732,	3749,	3756,	3741,	3730,	3747,	3698,	3715,	3686,	3707,	3696,	3713,	3506,	3481,	3418,	3461,	3464,	3451,	3456,	3433,	3498,	3473,	3340,	3357,	3364,	3349,	3338,	3355,	3306,	3323,	3294,	3315,	3304,	3321,	
491,	534,	523,	502,	529,	532,	527,	504,	479,	506,	417,	436,	415,	428,	421,	404,	383,	402,	381,	394,	387,	370,	99,		142,	131,	110,	137,	140,	135,	112,	87,		114,	25,		44,		23,		36,		29,		12,		1927,	10,		1925,	2,		1931,	1914,	3809,	3852,	3841,	3820,	3847,	3850,	3845,	3822,	3797,	3824,	3735,	3754,	3733,	3746,	3739,	3722,	3701,	3720,	3699,	3712,	3705,	3688,	3417,	3460,	3449,	3428,	3455,	3458,	3453,	3430,	3405,	3432,	3343,	3362,	3341,	3354,	3347,	3330,	3309,	3328,	3307,	3320,	3313,	3296,	
554,	579,	488,	533,	524,	503,	482,	531,	548,	573,	432,	407,	434,	411,	424,	427,	398,	373,	400,	377,	390,	393,	162,	187,	96,		141,	132,	111,	90,		139,	156,	181,	40,		15,		42,		19,		32,		35,		6,		1917,	8,		1921,	1934,	1,		1936,	1961,	3806,	3851,	3842,	3821,	3800,	3849,	3866,	1955,	3750,	3725,	3752,	3729,	3742,	3745,	3716,	3691,	3718,	3695,	3708,	3711,	3480,	3505,	3414,	3459,	3450,	3429,	3408,	3457,	3474,	3499,	3358,	3333,	3360,	3337,	3350,	3353,	3324,	3299,	3326,	3303,	3316,	3319,	
487,	490,	577,	552,	485,	528,	575,	550,	483,	480,	435,	418,	409,	426,	405,	420,	401,	384,	375,	392,	371,	386,	95,		98,		185,	160,	93,		136,	183,	158,	91,		88,		43,		26,		17,		34,		13,		28,		9,		1928,	1919,	0,		1915,	1930,	3805,	3808,	1959,	3870,	3803,	3846,	1957,	3868,	3801,	3798,	3753,	3736,	3727,	3744,	3723,	3738,	3719,	3702,	3693,	3710,	3689,	3704,	3413,	3416,	3503,	3478,	3411,	3454,	3501,	3476,	3409,	3406,	3361,	3344,	3335,	3352,	3331,	3346,	3327,	3310,	3301,	3318,	3297,	3312,	
578,	553,	486,	489,	576,	551,	484,	481,	574,	549,	408,	433,	406,	419,	410,	425,	374,	399,	372,	385,	376,	391,	186,	161,	94,		97,		184,	159,	92,		89,		182,	157,	16,		41,		14,		27,		18,		33,		1918,	7,		1916,	1929,	1920,	1935,	1960,	3871,	3804,	3807,	1958,	3869,	3802,	3799,	1956,	3867,	3726,	3751,	3724,	3737,	3728,	3743,	3692,	3717,	3690,	3703,	3694,	3709,	3504,	3479,	3412,	3415,	3502,	3477,	3410,	3407,	3500,	3475,	3334,	3359,	3332,	3345,	3336,	3351,	3300,	3325,	3298,	3311,	3302,	3317,	
7329,	7282,	7297,	7294,	7331,	7284,	7267,	7292,	7333,	7336,	7347,	7350,	7345,	7446,	7411,	7352,	7415,	7448,	7417,	7354,	7421,	7450,	7651,	7604,	7619,	7616,	7653,	7606,	7589,	7614,	7655,	7658,	7669,	7672,	7667,	5832,	7733,	7674,	7737,	5834,	7739,	7676,	7743,	5836,	5807,	5760,	5775,	5772,	3873,	5762,	5745,	5770,	3875,	3878,	3889,	3892,	3887,	3988,	3953,	3894,	3957,	3990,	3959,	3896,	3963,	3992,	4193,	4146,	4161,	4158,	4195,	4148,	4131,	4156,	4197,	4200,	4211,	4214,	4209,	4310,	4275,	4216,	4279,	4312,	4281,	4218,	4285,	4314,	
7296,	7299,	7330,	7283,	7266,	7293,	7332,	7335,	7316,	7291,	7344,	7445,	7348,	7351,	7414,	7447,	7388,	7353,	7374,	7449,	7418,	7355,	7618,	7621,	7652,	7605,	7588,	7615,	7654,	7657,	7638,	7613,	7666,	5831,	7670,	7673,	7736,	5833,	7710,	7675,	7696,	5835,	7740,	7677,	5774,	5777,	3872,	5761,	5744,	5771,	3874,	3877,	5794,	5769,	3886,	3987,	3890,	3893,	3956,	3989,	3930,	3895,	3916,	3991,	3960,	3897,	4160,	4163,	4194,	4147,	4130,	4157,	4196,	4199,	4180,	4155,	4208,	4309,	4212,	4215,	4278,	4311,	4252,	4217,	4238,	4313,	4282,	4219,	
7281,	7328,	7295,	7298,	7285,	7254,	7263,	7268,	7337,	7334,	7349,	7346,	7443,	7410,	7387,	7412,	7371,	7416,	7385,	7420,	7451,	7422,	7603,	7650,	7617,	7620,	7607,	7576,	7585,	7590,	7659,	7656,	7671,	7668,	5829,	7732,	7709,	7734,	7693,	7738,	7707,	7742,	5837,	5808,	5759,	5806,	5773,	5776,	5763,	5732,	5741,	5746,	3879,	3876,	3891,	3888,	3985,	3952,	3929,	3954,	3913,	3958,	3927,	3962,	3993,	3964,	4145,	4192,	4159,	4162,	4149,	4118,	4127,	4132,	4201,	4198,	4213,	4210,	4307,	4274,	4251,	4276,	4235,	4280,	4249,	4284,	4315,	4286,	
7300,	7303,	7280,	7255,	7270,	7265,	7286,	7315,	7290,	7317,	7444,	7343,	7394,	7413,	7408,	7389,	7386,	7373,	7406,	7375,	7356,	7419,	7622,	7625,	7602,	7577,	7592,	7587,	7608,	7637,	7612,	7639,	5830,	7665,	7716,	7735,	7730,	7711,	7708,	7695,	7728,	7697,	7678,	7741,	5778,	5781,	5758,	5733,	5748,	5743,	5764,	5793,	5768,	5795,	3986,	3885,	3936,	3955,	3950,	3931,	3928,	3915,	3948,	3917,	3898,	3961,	4164,	4167,	4144,	4119,	4134,	4129,	4150,	4179,	4154,	4181,	4308,	4207,	4258,	4277,	4272,	4253,	4250,	4237,	4270,	4239,	4220,	4283,	
7327,	7258,	7301,	7272,	7253,	7262,	7269,	7264,	7287,	7338,	7439,	7442,	7409,	7390,	7393,	7372,	7407,	7370,	7379,	7384,	7423,	7452,	7649,	7580,	7623,	7594,	7575,	7584,	7591,	7586,	7609,	7660,	5825,	5828,	7731,	7712,	7715,	7694,	7729,	7692,	7701,	7706,	5809,	5838,	5805,	5736,	5779,	5750,	5731,	5740,	5747,	5742,	5765,	3880,	3981,	3984,	3951,	3932,	3935,	3914,	3949,	3912,	3921,	3926,	3965,	3994,	4191,	4122,	4165,	4136,	4117,	4126,	4133,	4128,	4151,	4202,	4303,	4306,	4273,	4254,	4257,	4236,	4271,	4234,	4243,	4248,	4287,	4316,	
7302,	7279,	7304,	7259,	7256,	7271,	7314,	7309,	7318,	7289,	7342,	7397,	7440,	7395,	7366,	7369,	7392,	7383,	7376,	7405,	7380,	7357,	7624,	7601,	7626,	7581,	7578,	7593,	7636,	7631,	7640,	7611,	7664,	7719,	5826,	7717,	7688,	7691,	7714,	7705,	7698,	7727,	7702,	7679,	5780,	5757,	5782,	5737,	5734,	5749,	5792,	5787,	5796,	5767,	3884,	3939,	3982,	3937,	3908,	3911,	3934,	3925,	3918,	3947,	3922,	3899,	4166,	4143,	4168,	4123,	4120,	4135,	4178,	4173,	4182,	4153,	4206,	4261,	4304,	4259,	4230,	4233,	4256,	4247,	4240,	4269,	4244,	4221,	
7305,	7326,	7257,	7252,	7273,	7308,	7261,	7288,	7339,	7320,	7441,	7438,	7341,	7398,	7391,	7400,	7367,	7378,	7381,	7426,	7453,	7424,	7627,	7648,	7579,	7574,	7595,	7630,	7583,	7610,	7661,	7642,	5827,	5824,	7663,	7720,	7713,	7722,	7689,	7700,	7703,	5812,	5839,	5810,	5783,	5804,	5735,	5730,	5751,	5786,	5739,	5766,	3881,	5798,	3983,	3980,	3883,	3940,	3933,	3942,	3909,	3920,	3923,	3968,	3995,	3966,	4169,	4190,	4121,	4116,	4137,	4172,	4125,	4152,	4203,	4184,	4305,	4302,	4205,	4262,	4255,	4264,	4231,	4242,	4245,	4290,	4317,	4288,	
7278,	7251,	7276,	7307,	7260,	7313,	7310,	7319,	7242,	7245,	7340,	7435,	7396,	7365,	7368,	7431,	7382,	7401,	7404,	7377,	7358,	7427,	7600,	7573,	7598,	7629,	7582,	7635,	7632,	7641,	7564,	7567,	7662,	5821,	7718,	7687,	7690,	5817,	7704,	7723,	7726,	7699,	7680,	5813,	5756,	5729,	5754,	5785,	5738,	5791,	5788,	5797,	5720,	5723,	3882,	3977,	3938,	3907,	3910,	3973,	3924,	3943,	3946,	3919,	3900,	3969,	4142,	4115,	4140,	4171,	4124,	4177,	4174,	4183,	4106,	4109,	4204,	4299,	4260,	4229,	4232,	4295,	4246,	4265,	4268,	4241,	4222,	4291,	
7325,	7306,	7249,	7312,	7323,	7274,	7247,	7244,	7321,	7240,	7437,	7364,	7433,	7458,	7399,	7362,	7403,	7456,	7429,	7360,	7425,	7454,	7647,	7628,	7571,	7634,	7645,	7596,	7569,	7566,	7643,	7562,	5823,	7686,	5819,	5844,	7721,	7684,	7725,	5842,	5815,	7682,	5811,	5840,	5803,	5784,	5727,	5790,	5801,	5752,	5725,	5722,	5799,	5718,	3979,	3906,	3975,	4000,	3941,	3904,	3945,	3998,	3971,	3902,	3967,	3996,	4189,	4170,	4113,	4176,	4187,	4138,	4111,	4108,	4185,	4104,	4301,	4228,	4297,	4322,	4263,	4226,	4267,	4320,	4293,	4224,	4289,	4318,	
7250,	7277,	7324,	7275,	7248,	7311,	7322,	7241,	7246,	7243,	7434,	7459,	7436,	7363,	7432,	7457,	7430,	7361,	7402,	7455,	7428,	7359,	7572,	7599,	7646,	7597,	7570,	7633,	7644,	7563,	7568,	7565,	5820,	5845,	5822,	7685,	5818,	5843,	5816,	7683,	7724,	5841,	5814,	7681,	5728,	5755,	5802,	5753,	5726,	5789,	5800,	5719,	5724,	5721,	3976,	4001,	3978,	3905,	3974,	3999,	3972,	3903,	3944,	3997,	3970,	3901,	4114,	4141,	4188,	4139,	4112,	4175,	4186,	4105,	4110,	4107,	4298,	4323,	4300,	4227,	4296,	4321,	4294,	4225,	4266,	4319,	4292,	4223,	
7209,	7212,	7207,	7232,	7237,	7214,	7235,	7216,	7239,	7122,	7113,	7098,	7101,	7460,	7111,	7092,	7481,	7466,	7469,	7488,	7479,	7496,	7531,	7534,	7529,	7554,	7559,	7536,	7557,	7538,	7561,	5992,	5983,	5968,	5971,	5846,	5981,	5962,	5867,	5852,	5855,	5874,	5865,	5882,	5687,	5690,	5685,	5710,	5715,	5692,	5713,	5694,	5717,	5600,	5591,	5576,	5579,	4002,	5589,	5570,	4023,	4008,	4011,	4030,	4021,	4038,	4073,	4076,	4071,	4096,	4101,	4078,	4099,	4080,	4103,	4470,	4461,	4446,	4449,	4324,	4459,	4440,	4345,	4330,	4333,	4352,	4343,	4360,	
7206,	7231,	7210,	7213,	7234,	7159,	7238,	7121,	7192,	7217,	7100,	7119,	7112,	7091,	7102,	7461,	7468,	7487,	7480,	7495,	7470,	7489,	7528,	7553,	7532,	7535,	7556,	6029,	7560,	5991,	6062,	7539,	5970,	5989,	5982,	5961,	5972,	5847,	5854,	5873,	5866,	5881,	5856,	5875,	5684,	5709,	5688,	5691,	5712,	5637,	5716,	5599,	5670,	5695,	5578,	5597,	5590,	5569,	5580,	4003,	4010,	4029,	4022,	4037,	4012,	4031,	4070,	4095,	4074,	4077,	4098,	4507,	4102,	4469,	4540,	4081,	4448,	4467,	4460,	4439,	4450,	4325,	4332,	4351,	4344,	4359,	4334,	4353,	
7211,	7208,	7233,	7162,	7147,	7236,	7215,	7160,	7123,	7120,	7097,	7114,	7099,	7462,	7093,	7110,	7465,	7482,	7467,	7490,	7497,	7478,	7533,	7530,	7555,	6032,	6017,	7558,	7537,	6030,	5993,	5990,	5967,	5984,	5969,	5848,	5963,	5980,	5851,	5868,	5853,	5876,	5883,	5864,	5689,	5686,	5711,	5640,	5625,	5714,	5693,	5638,	5601,	5598,	5575,	5592,	5577,	4004,	5571,	5588,	4007,	4024,	4009,	4032,	4039,	4020,	4075,	4072,	4097,	4510,	4495,	4100,	4079,	4508,	4471,	4468,	4445,	4462,	4447,	4326,	4441,	4458,	4329,	4346,	4331,	4354,	4361,	4342,	
7230,	7205,	7146,	7143,	7166,	7161,	7158,	7191,	7218,	7193,	7118,	7107,	7116,	7103,	7090,	7463,	7486,	7475,	7484,	7471,	7494,	7491,	7552,	7527,	6016,	6013,	6036,	6031,	6028,	6061,	7540,	6063,	5988,	5977,	5986,	5973,	5960,	5849,	5872,	5861,	5870,	5857,	5880,	5877,	5708,	5683,	5624,	5621,	5644,	5639,	5636,	5669,	5696,	5671,	5596,	5585,	5594,	5581,	5568,	4005,	4028,	4017,	4026,	4013,	4036,	4033,	4094,	4069,	4494,	4491,	4514,	4509,	4506,	4539,	4082,	4541,	4466,	4455,	4464,	4451,	4438,	4327,	4350,	4339,	4348,	4335,	4358,	4355,	
7145,	7142,	7169,	7148,	7163,	7190,	7165,	7188,	7157,	7124,	7115,	7096,	7105,	7088,	7109,	7094,	7483,	7464,	7473,	7492,	7477,	7498,	6015,	6012,	6039,	6018,	6033,	6060,	6035,	6058,	6027,	5994,	5985,	5966,	5975,	5958,	5979,	5964,	5869,	5850,	5859,	5878,	5863,	5884,	5623,	5620,	5647,	5626,	5641,	5668,	5643,	5666,	5635,	5602,	5593,	5574,	5583,	5566,	5587,	5572,	4025,	4006,	4015,	4034,	4019,	4040,	4493,	4490,	4517,	4496,	4511,	4538,	4513,	4536,	4505,	4472,	4463,	4444,	4453,	4436,	4457,	4442,	4347,	4328,	4337,	4356,	4341,	4362,	
7204,	7229,	7144,	7167,	7184,	7187,	7156,	7125,	7194,	7219,	7106,	7117,	7108,	7095,	7104,	7089,	7474,	7485,	7476,	7499,	7472,	7493,	7526,	7551,	6014,	6037,	6054,	6057,	6026,	5995,	6064,	7541,	5976,	5987,	5978,	5965,	5974,	5959,	5860,	5871,	5862,	5885,	5858,	5879,	5682,	5707,	5622,	5645,	5662,	5665,	5634,	5603,	5672,	5697,	5584,	5595,	5586,	5573,	5582,	5567,	4016,	4027,	4018,	4041,	4014,	4035,	4068,	4093,	4492,	4515,	4532,	4535,	4504,	4473,	4542,	4083,	4454,	4465,	4456,	4443,	4452,	4437,	4338,	4349,	4340,	4363,	4336,	4357,	
7141,	7168,	7185,	7170,	7149,	7164,	7189,	7174,	7153,	7126,	7085,	7064,	7061,	7078,	7087,	7070,	7051,	7514,	7511,	7044,	7501,	7520,	6011,	6038,	6055,	6040,	6019,	6034,	6059,	6044,	6023,	5996,	5955,	5934,	5931,	5948,	5957,	5940,	5921,	5900,	5897,	5914,	5887,	5906,	5619,	5646,	5663,	5648,	5627,	5642,	5667,	5652,	5631,	5604,	5563,	5542,	5539,	5556,	5565,	5548,	5529,	4056,	4053,	5522,	4043,	4062,	4489,	4516,	4533,	4518,	4497,	4512,	4537,	4522,	4501,	4474,	4433,	4412,	4409,	4426,	4435,	4418,	4399,	4378,	4375,	4392,	4365,	4384,	
7228,	7203,	7140,	7183,	7186,	7173,	7178,	7155,	7220,	7195,	7062,	7079,	7086,	7071,	7060,	7077,	7512,	7045,	7500,	7521,	7510,	7043,	7550,	7525,	6010,	6053,	6056,	6043,	6048,	6025,	7542,	6065,	5932,	5949,	5956,	5941,	5930,	5947,	5898,	5915,	5886,	5907,	5896,	5913,	5706,	5681,	5618,	5661,	5664,	5651,	5656,	5633,	5698,	5673,	5540,	5557,	5564,	5549,	5538,	5555,	4054,	5523,	4042,	4063,	4052,	5521,	4092,	4067,	4488,	4531,	4534,	4521,	4526,	4503,	4084,	4543,	4410,	4427,	4434,	4419,	4408,	4425,	4376,	4393,	4364,	4385,	4374,	4391,	
7139,	7182,	7171,	7150,	7177,	7180,	7175,	7152,	7127,	7154,	7065,	7084,	7063,	7076,	7069,	7052,	7515,	7050,	7513,	7042,	7519,	7502,	6009,	6052,	6041,	6020,	6047,	6050,	6045,	6022,	5997,	6024,	5935,	5954,	5933,	5946,	5939,	5922,	5901,	5920,	5899,	5912,	5905,	5888,	5617,	5660,	5649,	5628,	5655,	5658,	5653,	5630,	5605,	5632,	5543,	5562,	5541,	5554,	5547,	5530,	4057,	5528,	4055,	5520,	4061,	4044,	4487,	4530,	4519,	4498,	4525,	4528,	4523,	4500,	4475,	4502,	4413,	4432,	4411,	4424,	4417,	4400,	4379,	4398,	4377,	4390,	4383,	4366,	
7202,	7227,	7136,	7181,	7172,	7151,	7130,	7179,	7196,	7221,	7080,	7055,	7082,	7059,	7072,	7075,	7046,	7505,	7048,	7509,	7522,	7041,	7524,	7549,	6006,	6051,	6042,	6021,	6000,	6049,	6066,	7543,	5950,	5925,	5952,	5929,	5942,	5945,	5916,	5891,	5918,	5895,	5908,	5911,	5680,	5705,	5614,	5659,	5650,	5629,	5608,	5657,	5674,	5699,	5558,	5533,	5560,	5537,	5550,	5553,	5524,	4047,	5526,	4051,	4064,	5519,	4066,	4091,	4484,	4529,	4520,	4499,	4478,	4527,	4544,	4085,	4428,	4403,	4430,	4407,	4420,	4423,	4394,	4369,	4396,	4373,	4386,	4389,	
7135,	7138,	7225,	7200,	7133,	7176,	7223,	7198,	7131,	7128,	7083,	7066,	7057,	7074,	7053,	7068,	7049,	7516,	7507,	7040,	7503,	7518,	6005,	6008,	7547,	6070,	6003,	6046,	7545,	6068,	6001,	5998,	5953,	5936,	5927,	5944,	5923,	5938,	5919,	5902,	5893,	5910,	5889,	5904,	5613,	5616,	5703,	5678,	5611,	5654,	5701,	5676,	5609,	5606,	5561,	5544,	5535,	5552,	5531,	5546,	5527,	4058,	4049,	5518,	4045,	4060,	4483,	4486,	4089,	4548,	4481,	4524,	4087,	4546,	4479,	4476,	4431,	4414,	4405,	4422,	4401,	4416,	4397,	4380,	4371,	4388,	4367,	4382,	
7226,	7201,	7134,	7137,	7224,	7199,	7132,	7129,	7222,	7197,	7056,	7081,	7054,	7067,	7058,	7073,	7506,	7047,	7504,	7517,	7508,	7523,	7548,	6071,	6004,	6007,	7546,	6069,	6002,	5999,	7544,	6067,	5926,	5951,	5924,	5937,	5928,	5943,	5892,	5917,	5890,	5903,	5894,	5909,	5704,	5679,	5612,	5615,	5702,	5677,	5610,	5607,	5700,	5675,	5534,	5559,	5532,	5545,	5536,	5551,	4048,	5525,	4046,	4059,	4050,	4065,	4090,	4549,	4482,	4485,	4088,	4547,	4480,	4477,	4086,	4545,	4404,	4429,	4402,	4415,	4406,	4421,	4370,	4395,	4368,	4381,	4372,	4387,	
6947,	6900,	6915,	6912,	6949,	6902,	6885,	6910,	6951,	6954,	6965,	6968,	6963,	6580,	7029,	6970,	7033,	6582,	7035,	6972,	7039,	6584,	6555,	6508,	6523,	6520,	6073,	6510,	6493,	6518,	6075,	6078,	6089,	6092,	6087,	6188,	6153,	6094,	6157,	6190,	6159,	6096,	6163,	6192,	5425,	5378,	5393,	5390,	5427,	5380,	5363,	5388,	5429,	5432,	5443,	5446,	5441,	5058,	5507,	5448,	5511,	5060,	5513,	5450,	5517,	5062,	5033,	4986,	5001,	4998,	4551,	4988,	4971,	4996,	4553,	4556,	4567,	4570,	4565,	4666,	4631,	4572,	4635,	4668,	4637,	4574,	4641,	4670,	
6914,	6917,	6948,	6901,	6884,	6911,	6950,	6953,	6934,	6909,	6962,	6579,	6966,	6969,	7032,	6581,	7006,	6971,	6992,	6583,	7036,	6973,	6522,	6525,	6072,	6509,	6492,	6519,	6074,	6077,	6542,	6517,	6086,	6187,	6090,	6093,	6156,	6189,	6130,	6095,	6116,	6191,	6160,	6097,	5392,	5395,	5426,	5379,	5362,	5389,	5428,	5431,	5412,	5387,	5440,	5057,	5444,	5447,	5510,	5059,	5484,	5449,	5470,	5061,	5514,	5451,	5000,	5003,	4550,	4987,	4970,	4997,	4552,	4555,	5020,	4995,	4564,	4665,	4568,	4571,	4634,	4667,	4608,	4573,	4594,	4669,	4638,	4575,	
6899,	6946,	6913,	6916,	6903,	6872,	6881,	6886,	6955,	6952,	6967,	6964,	6577,	7028,	7005,	7030,	6989,	7034,	7003,	7038,	6585,	6556,	6507,	6554,	6521,	6524,	6511,	6480,	6489,	6494,	6079,	6076,	6091,	6088,	6185,	6152,	6129,	6154,	6113,	6158,	6127,	6162,	6193,	6164,	5377,	5424,	5391,	5394,	5381,	5350,	5359,	5364,	5433,	5430,	5445,	5442,	5055,	5506,	5483,	5508,	5467,	5512,	5481,	5516,	5063,	5034,	4985,	5032,	4999,	5002,	4989,	4958,	4967,	4972,	4557,	4554,	4569,	4566,	4663,	4630,	4607,	4632,	4591,	4636,	4605,	4640,	4671,	4642,	
6918,	6921,	6898,	6873,	6888,	6883,	6904,	6933,	6908,	6935,	6578,	6961,	7012,	7031,	7026,	7007,	7004,	6991,	7024,	6993,	6974,	7037,	6526,	6529,	6506,	6481,	6496,	6491,	6512,	6541,	6516,	6543,	6186,	6085,	6136,	6155,	6150,	6131,	6128,	6115,	6148,	6117,	6098,	6161,	5396,	5399,	5376,	5351,	5366,	5361,	5382,	5411,	5386,	5413,	5056,	5439,	5490,	5509,	5504,	5485,	5482,	5469,	5502,	5471,	5452,	5515,	5004,	5007,	4984,	4959,	4974,	4969,	4990,	5019,	4994,	5021,	4664,	4563,	4614,	4633,	4628,	4609,	4606,	4593,	4626,	4595,	4576,	4639,	
6945,	6876,	6919,	6890,	6871,	6880,	6887,	6882,	6905,	6956,	6573,	6576,	7027,	7008,	7011,	6990,	7025,	6988,	6997,	7002,	6557,	6586,	6553,	6484,	6527,	6498,	6479,	6488,	6495,	6490,	6513,	6080,	6181,	6184,	6151,	6132,	6135,	6114,	6149,	6112,	6121,	6126,	6165,	6194,	5423,	5354,	5397,	5368,	5349,	5358,	5365,	5360,	5383,	5434,	5051,	5054,	5505,	5486,	5489,	5468,	5503,	5466,	5475,	5480,	5035,	5064,	5031,	4962,	5005,	4976,	4957,	4966,	4973,	4968,	4991,	4558,	4659,	4662,	4629,	4610,	4613,	4592,	4627,	4590,	4599,	4604,	4643,	4672,	
6920,	6897,	6922,	6877,	6874,	6889,	6932,	6927,	6936,	6907,	6960,	7015,	6574,	7013,	6984,	6987,	7010,	7001,	6994,	7023,	6998,	6975,	6528,	6505,	6530,	6485,	6482,	6497,	6540,	6535,	6544,	6515,	6084,	6139,	6182,	6137,	6108,	6111,	6134,	6125,	6118,	6147,	6122,	6099,	5398,	5375,	5400,	5355,	5352,	5367,	5410,	5405,	5414,	5385,	5438,	5493,	5052,	5491,	5462,	5465,	5488,	5479,	5472,	5501,	5476,	5453,	5006,	4983,	5008,	4963,	4960,	4975,	5018,	5013,	5022,	4993,	4562,	4617,	4660,	4615,	4586,	4589,	4612,	4603,	4596,	4625,	4600,	4577,	
6923,	6944,	6875,	6870,	6891,	6926,	6879,	6906,	6957,	6938,	6575,	6572,	6959,	7016,	7009,	7018,	6985,	6996,	6999,	6560,	6587,	6558,	6531,	6552,	6483,	6478,	6499,	6534,	6487,	6514,	6081,	6546,	6183,	6180,	6083,	6140,	6133,	6142,	6109,	6120,	6123,	6168,	6195,	6166,	5401,	5422,	5353,	5348,	5369,	5404,	5357,	5384,	5435,	5416,	5053,	5050,	5437,	5494,	5487,	5496,	5463,	5474,	5477,	5038,	5065,	5036,	5009,	5030,	4961,	4956,	4977,	5012,	4965,	4992,	4559,	5024,	4661,	4658,	4561,	4618,	4611,	4620,	4587,	4598,	4601,	4646,	4673,	4644,	
6896,	6869,	6894,	6925,	6878,	6931,	6928,	6937,	6860,	6863,	6958,	6569,	7014,	6983,	6986,	6565,	7000,	7019,	7022,	6995,	6976,	6561,	6504,	6477,	6502,	6533,	6486,	6539,	6536,	6545,	6468,	6471,	6082,	6177,	6138,	6107,	6110,	6173,	6124,	6143,	6146,	6119,	6100,	6169,	5374,	5347,	5372,	5403,	5356,	5409,	5406,	5415,	5338,	5341,	5436,	5047,	5492,	5461,	5464,	5043,	5478,	5497,	5500,	5473,	5454,	5039,	4982,	4955,	4980,	5011,	4964,	5017,	5014,	5023,	4946,	4949,	4560,	4655,	4616,	4585,	4588,	4651,	4602,	4621,	4624,	4597,	4578,	4647,	
6943,	6924,	6867,	6930,	6941,	6892,	6865,	6862,	6939,	6858,	6571,	6982,	6567,	6592,	7017,	6980,	7021,	6590,	6563,	6978,	6559,	6588,	6551,	6532,	6475,	6538,	6549,	6500,	6473,	6470,	6547,	6466,	6179,	6106,	6175,	6200,	6141,	6104,	6145,	6198,	6171,	6102,	6167,	6196,	5421,	5402,	5345,	5408,	5419,	5370,	5343,	5340,	5417,	5336,	5049,	5460,	5045,	5070,	5495,	5458,	5499,	5068,	5041,	5456,	5037,	5066,	5029,	5010,	4953,	5016,	5027,	4978,	4951,	4948,	5025,	4944,	4657,	4584,	4653,	4678,	4619,	4582,	4623,	4676,	4649,	4580,	4645,	4674,	
6868,	6895,	6942,	6893,	6866,	6929,	6940,	6859,	6864,	6861,	6568,	6593,	6570,	6981,	6566,	6591,	6564,	6979,	7020,	6589,	6562,	6977,	6476,	6503,	6550,	6501,	6474,	6537,	6548,	6467,	6472,	6469,	6176,	6201,	6178,	6105,	6174,	6199,	6172,	6103,	6144,	6197,	6170,	6101,	5346,	5373,	5420,	5371,	5344,	5407,	5418,	5337,	5342,	5339,	5046,	5071,	5048,	5459,	5044,	5069,	5042,	5457,	5498,	5067,	5040,	5455,	4954,	4981,	5028,	4979,	4952,	5015,	5026,	4945,	4950,	4947,	4654,	4679,	4656,	4583,	4652,	4677,	4650,	4581,	4622,	4675,	4648,	4579,	
6827,	6830,	6825,	6850,	6855,	6832,	6853,	6834,	6857,	6740,	6731,	6716,	6719,	6594,	6729,	6710,	6615,	6600,	6603,	6622,	6613,	6630,	6435,	6438,	6433,	6458,	6463,	6440,	6461,	6442,	6465,	6348,	6339,	6324,	6327,	6202,	6337,	6318,	6223,	6208,	6211,	6230,	6221,	6238,	5305,	5308,	5303,	5328,	5333,	5310,	5331,	5312,	5335,	5218,	5209,	5194,	5197,	5072,	5207,	5188,	5093,	5078,	5081,	5100,	5091,	5108,	4913,	4916,	4911,	4936,	4941,	4918,	4939,	4920,	4943,	4826,	4817,	4802,	4805,	4680,	4815,	4796,	4701,	4686,	4689,	4708,	4699,	4716,	
6824,	6849,	6828,	6831,	6852,	6777,	6856,	6739,	6810,	6835,	6718,	6737,	6730,	6709,	6720,	6595,	6602,	6621,	6614,	6629,	6604,	6623,	6432,	6457,	6436,	6439,	6460,	6385,	6464,	6347,	6418,	6443,	6326,	6345,	6338,	6317,	6328,	6203,	6210,	6229,	6222,	6237,	6212,	6231,	5302,	5327,	5306,	5309,	5330,	5255,	5334,	5217,	5288,	5313,	5196,	5215,	5208,	5187,	5198,	5073,	5080,	5099,	5092,	5107,	5082,	5101,	4910,	4935,	4914,	4917,	4938,	4863,	4942,	4825,	4896,	4921,	4804,	4823,	4816,	4795,	4806,	4681,	4688,	4707,	4700,	4715,	4690,	4709,	
6829,	6826,	6851,	6780,	6765,	6854,	6833,	6778,	6741,	6738,	6715,	6732,	6717,	6596,	6711,	6728,	6599,	6616,	6601,	6624,	6631,	6612,	6437,	6434,	6459,	6388,	6373,	6462,	6441,	6386,	6349,	6346,	6323,	6340,	6325,	6204,	6319,	6336,	6207,	6224,	6209,	6232,	6239,	6220,	5307,	5304,	5329,	5258,	5243,	5332,	5311,	5256,	5219,	5216,	5193,	5210,	5195,	5074,	5189,	5206,	5077,	5094,	5079,	5102,	5109,	5090,	4915,	4912,	4937,	4866,	4851,	4940,	4919,	4864,	4827,	4824,	4801,	4818,	4803,	4682,	4797,	4814,	4685,	4702,	4687,	4710,	4717,	4698,	
6848,	6823,	6764,	6761,	6784,	6779,	6776,	6809,	6836,	6811,	6736,	6725,	6734,	6721,	6708,	6597,	6620,	6609,	6618,	6605,	6628,	6625,	6456,	6431,	6372,	6369,	6392,	6387,	6384,	6417,	6444,	6419,	6344,	6333,	6342,	6329,	6316,	6205,	6228,	6217,	6226,	6213,	6236,	6233,	5326,	5301,	5242,	5239,	5262,	5257,	5254,	5287,	5314,	5289,	5214,	5203,	5212,	5199,	5186,	5075,	5098,	5087,	5096,	5083,	5106,	5103,	4934,	4909,	4850,	4847,	4870,	4865,	4862,	4895,	4922,	4897,	4822,	4811,	4820,	4807,	4794,	4683,	4706,	4695,	4704,	4691,	4714,	4711,	
6763,	6760,	6787,	6766,	6781,	6808,	6783,	6806,	6775,	6742,	6733,	6714,	6723,	6706,	6727,	6712,	6617,	6598,	6607,	6626,	6611,	6632,	6371,	6368,	6395,	6374,	6389,	6416,	6391,	6414,	6383,	6350,	6341,	6322,	6331,	6314,	6335,	6320,	6225,	6206,	6215,	6234,	6219,	6240,	5241,	5238,	5265,	5244,	5259,	5286,	5261,	5284,	5253,	5220,	5211,	5192,	5201,	5184,	5205,	5190,	5095,	5076,	5085,	5104,	5089,	5110,	4849,	4846,	4873,	4852,	4867,	4894,	4869,	4892,	4861,	4828,	4819,	4800,	4809,	4792,	4813,	4798,	4703,	4684,	4693,	4712,	4697,	4718,	
6822,	6847,	6762,	6785,	6802,	6805,	6774,	6743,	6812,	6837,	6724,	6735,	6726,	6713,	6722,	6707,	6608,	6619,	6610,	6633,	6606,	6627,	6430,	6455,	6370,	6393,	6410,	6413,	6382,	6351,	6420,	6445,	6332,	6343,	6334,	6321,	6330,	6315,	6216,	6227,	6218,	6241,	6214,	6235,	5300,	5325,	5240,	5263,	5280,	5283,	5252,	5221,	5290,	5315,	5202,	5213,	5204,	5191,	5200,	5185,	5086,	5097,	5088,	5111,	5084,	5105,	4908,	4933,	4848,	4871,	4888,	4891,	4860,	4829,	4898,	4923,	4810,	4821,	4812,	4799,	4808,	4793,	4694,	4705,	4696,	4719,	4692,	4713,	
6759,	6786,	6803,	6788,	6767,	6782,	6807,	6792,	6771,	6744,	6703,	6682,	6679,	6696,	6705,	6688,	6669,	6648,	6645,	6662,	6635,	6654,	6367,	6394,	6411,	6396,	6375,	6390,	6415,	6400,	6379,	6352,	6311,	6290,	6287,	6304,	6313,	6296,	6277,	6256,	6253,	6270,	6243,	6262,	5237,	5264,	5281,	5266,	5245,	5260,	5285,	5270,	5249,	5222,	5181,	5160,	5157,	5174,	5183,	5166,	5147,	5126,	5123,	5140,	5113,	5132,	4845,	4872,	4889,	4874,	4853,	4868,	4893,	4878,	4857,	4830,	4789,	4768,	4765,	4782,	4791,	4774,	4755,	4734,	4731,	4748,	4721,	4740,	
6846,	6821,	6758,	6801,	6804,	6791,	6796,	6773,	6838,	6813,	6680,	6697,	6704,	6689,	6678,	6695,	6646,	6663,	6634,	6655,	6644,	6661,	6454,	6429,	6366,	6409,	6412,	6399,	6404,	6381,	6446,	6421,	6288,	6305,	6312,	6297,	6286,	6303,	6254,	6271,	6242,	6263,	6252,	6269,	5324,	5299,	5236,	5279,	5282,	5269,	5274,	5251,	5316,	5291,	5158,	5175,	5182,	5167,	5156,	5173,	5124,	5141,	5112,	5133,	5122,	5139,	4932,	4907,	4844,	4887,	4890,	4877,	4882,	4859,	4924,	4899,	4766,	4783,	4790,	4775,	4764,	4781,	4732,	4749,	4720,	4741,	4730,	4747,	
6757,	6800,	6789,	6768,	6795,	6798,	6793,	6770,	6745,	6772,	6683,	6702,	6681,	6694,	6687,	6670,	6649,	6668,	6647,	6660,	6653,	6636,	6365,	6408,	6397,	6376,	6403,	6406,	6401,	6378,	6353,	6380,	6291,	6310,	6289,	6302,	6295,	6278,	6257,	6276,	6255,	6268,	6261,	6244,	5235,	5278,	5267,	5246,	5273,	5276,	5271,	5248,	5223,	5250,	5161,	5180,	5159,	5172,	5165,	5148,	5127,	5146,	5125,	5138,	5131,	5114,	4843,	4886,	4875,	4854,	4881,	4884,	4879,	4856,	4831,	4858,	4769,	4788,	4767,	4780,	4773,	4756,	4735,	4754,	4733,	4746,	4739,	4722,	
6820,	6845,	6754,	6799,	6790,	6769,	6748,	6797,	6814,	6839,	6698,	6673,	6700,	6677,	6690,	6693,	6664,	6639,	6666,	6643,	6656,	6659,	6428,	6453,	6362,	6407,	6398,	6377,	6356,	6405,	6422,	6447,	6306,	6281,	6308,	6285,	6298,	6301,	6272,	6247,	6274,	6251,	6264,	6267,	5298,	5323,	5232,	5277,	5268,	5247,	5226,	5275,	5292,	5317,	5176,	5151,	5178,	5155,	5168,	5171,	5142,	5117,	5144,	5121,	5134,	5137,	4906,	4931,	4840,	4885,	4876,	4855,	4834,	4883,	4900,	4925,	4784,	4759,	4786,	4763,	4776,	4779,	4750,	4725,	4752,	4729,	4742,	4745,	
6753,	6756,	6843,	6818,	6751,	6794,	6841,	6816,	6749,	6746,	6701,	6684,	6675,	6692,	6671,	6686,	6667,	6650,	6641,	6658,	6637,	6652,	6361,	6364,	6451,	6426,	6359,	6402,	6449,	6424,	6357,	6354,	6309,	6292,	6283,	6300,	6279,	6294,	6275,	6258,	6249,	6266,	6245,	6260,	5231,	5234,	5321,	5296,	5229,	5272,	5319,	5294,	5227,	5224,	5179,	5162,	5153,	5170,	5149,	5164,	5145,	5128,	5119,	5136,	5115,	5130,	4839,	4842,	4929,	4904,	4837,	4880,	4927,	4902,	4835,	4832,	4787,	4770,	4761,	4778,	4757,	4772,	4753,	4736,	4727,	4744,	4723,	4738,	
6844,	6819,	6752,	6755,	6842,	6817,	6750,	6747,	6840,	6815,	6674,	6699,	6672,	6685,	6676,	6691,	6640,	6665,	6638,	6651,	6642,	6657,	6452,	6427,	6360,	6363,	6450,	6425,	6358,	6355,	6448,	6423,	6282,	6307,	6280,	6293,	6284,	6299,	6248,	6273,	6246,	6259,	6250,	6265,	5322,	5297,	5230,	5233,	5320,	5295,	5228,	5225,	5318,	5293,	5152,	5177,	5150,	5163,	5154,	5169,	5118,	5143,	5116,	5129,	5120,	5135,	4930,	4905,	4838,	4841,	4928,	4903,	4836,	4833,	4926,	4901,	4760,	4785,	4758,	4771,	4762,	4777,	4726,	4751,	4724,	4737,	4728,	4743,	
