1063,	1016,	1031,	1028,	1065,	1018,	1001,	1026,	1067,	1070,	1081,	1084,	1079,	1180,	1145,	1086,	1149,	1182,	1151,	1088,	1155,	1184,	1385,	1338,	1353,	1350,	1387,	1340,	1323,	1348,	1389,	1392,	1403,	1406,	1401,	1502,	1467,	1408,	1471,	1504,	1473,	1410,	1477,	1506,	2445,	2398,	2413,	2410,	2447,	2400,	2383,	2408,	2449,	2452,	2463,	2466,	2461,	2562,	2527,	2468,	2531,	2564,	2533,	2470,	2537,	2566,	3079,	3076,	3081,	3100,	3015,	3074,	3011,	3098,	3009,	3072,	3005,	3096,	2895,	2892,	2897,	2916,	2951,	2890,	2947,	2914,	2945,	2888,	2941,	2912,	
1030,	1033,	1064,	1017,	1000,	1027,	1066,	1069,	1050,	1025,	1078,	1179,	1082,	1085,	1148,	1181,	1122,	1087,	1108,	1183,	1152,	1089,	1352,	1355,	1386,	1339,	1322,	1349,	1388,	1391,	1372,	1347,	1400,	1501,	1404,	1407,	1470,	1503,	1444,	1409,	1430,	1505,	1474,	1411,	2412,	2415,	2446,	2399,	2382,	2409,	2448,	2451,	2432,	2407,	2460,	2561,	2464,	2467,	2530,	2563,	2504,	2469,	2490,	2565,	2534,	2471,	3082,	3101,	3078,	3075,	3012,	3099,	3038,	3073,	3052,	3097,	3008,	3071,	2898,	2917,	2894,	2891,	2948,	2915,	2974,	2889,	2988,	2913,	2944,	2887,	
1015,	1062,	1029,	1032,	1019,	988,	997,	1002,	1071,	1068,	1083,	1080,	1177,	1144,	1121,	1146,	1105,	1150,	1119,	1154,	1185,	1156,	1337,	1384,	1351,	1354,	1341,	1310,	1319,	1324,	1393,	1390,	1405,	1402,	1499,	1466,	1443,	1468,	1427,	1472,	1441,	1476,	1507,	1478,	2397,	2444,	2411,	2414,	2401,	2370,	2379,	2384,	2453,	2450,	2465,	2462,	2559,	2526,	2503,	2528,	2487,	2532,	2501,	2536,	2567,	2538,	3077,	3080,	3103,	3016,	3039,	3014,	3055,	3010,	3041,	3006,	3095,	3004,	2893,	2896,	2919,	2952,	2975,	2950,	2991,	2946,	2977,	2942,	2911,	2940,	
1034,	1037,	1014,	989,	1004,	999,	1020,	1049,	1024,	1051,	1178,	1077,	1128,	1147,	1142,	1123,	1120,	1107,	1140,	1109,	1090,	1153,	1356,	1359,	1336,	1311,	1326,	1321,	1342,	1371,	1346,	1373,	1500,	1399,	1450,	1469,	1464,	1445,	1442,	1429,	1462,	1431,	1412,	1475,	2416,	2419,	2396,	2371,	2386,	2381,	2402,	2431,	2406,	2433,	2560,	2459,	2510,	2529,	2524,	2505,	2502,	2489,	2522,	2491,	2472,	2535,	3102,	3083,	3032,	3013,	3018,	3037,	3040,	3053,	3020,	3051,	3070,	3007,	2918,	2899,	2968,	2949,	2954,	2973,	2976,	2989,	2956,	2987,	2886,	2943,	
1061,	992,	1035,	1006,	987,	996,	1003,	998,	1021,	1072,	1173,	1176,	1143,	1124,	1127,	1106,	1141,	1104,	1113,	1118,	1157,	1186,	1383,	1314,	1357,	1328,	1309,	1318,	1325,	1320,	1343,	1394,	1495,	1498,	1465,	1446,	1449,	1428,	1463,	1426,	1435,	1440,	1479,	1508,	2443,	2374,	2417,	2388,	2369,	2378,	2385,	2380,	2403,	2454,	2555,	2558,	2525,	2506,	2509,	2488,	2523,	2486,	2495,	2500,	2539,	2568,	3107,	3104,	3017,	3036,	3033,	3054,	3019,	3056,	3047,	3042,	3003,	3094,	2923,	2920,	2953,	2972,	2969,	2990,	2955,	2992,	2983,	2978,	2939,	2910,	
1036,	1013,	1038,	993,	990,	1005,	1048,	1043,	1052,	1023,	1076,	1131,	1174,	1129,	1100,	1103,	1126,	1117,	1110,	1139,	1114,	1091,	1358,	1335,	1360,	1315,	1312,	1327,	1370,	1365,	1374,	1345,	1398,	1453,	1496,	1451,	1422,	1425,	1448,	1439,	1432,	1461,	1436,	1413,	2418,	2395,	2420,	2375,	2372,	2387,	2430,	2425,	2434,	2405,	2458,	2513,	2556,	2511,	2482,	2485,	2508,	2499,	2492,	2521,	2496,	2473,	3084,	3029,	3106,	3031,	3060,	3057,	3034,	3043,	3050,	3021,	3046,	3069,	2900,	2965,	2922,	2967,	2996,	2993,	2970,	2979,	2986,	2957,	2982,	2885,	
1039,	1060,	991,	986,	1007,	1042,	995,	1022,	1073,	1054,	1175,	1172,	1075,	1132,	1125,	1134,	1101,	1112,	1115,	1160,	1187,	1158,	1361,	1382,	1313,	1308,	1329,	1364,	1317,	1344,	1395,	1376,	1497,	1494,	1397,	1454,	1447,	1456,	1423,	1434,	1437,	1482,	1509,	1480,	2421,	2442,	2373,	2368,	2389,	2424,	2377,	2404,	2455,	2436,	2557,	2554,	2457,	2514,	2507,	2516,	2483,	2494,	2497,	2542,	2569,	2540,	3105,	3108,	3085,	3028,	3035,	3026,	3059,	3048,	3045,	3000,	3093,	3002,	2921,	2924,	2901,	2964,	2971,	2962,	2995,	2984,	2981,	2936,	2909,	2938,	
1012,	985,	1010,	1041,	994,	1047,	1044,	1053,	976,	979,	1074,	1169,	1130,	1099,	1102,	1165,	1116,	1135,	1138,	1111,	1092,	1161,	1334,	1307,	1332,	1363,	1316,	1369,	1366,	1375,	1298,	1301,	1396,	1491,	1452,	1421,	1424,	1487,	1438,	1457,	1460,	1433,	1414,	1483,	2394,	2367,	2392,	2423,	2376,	2429,	2426,	2435,	2358,	2361,	2456,	2551,	2512,	2481,	2484,	2547,	2498,	2517,	2520,	2493,	2474,	2543,	3086,	3111,	3030,	3061,	3058,	3115,	3044,	3025,	3022,	3049,	3068,	2999,	2902,	2927,	2966,	2997,	2994,	2931,	2980,	2961,	2958,	2985,	2884,	2935,	
1059,	1040,	983,	1046,	1057,	1008,	981,	978,	1055,	974,	1171,	1098,	1167,	1192,	1133,	1096,	1137,	1190,	1163,	1094,	1159,	1188,	1381,	1362,	1305,	1368,	1379,	1330,	1303,	1300,	1377,	1296,	1493,	1420,	1489,	1514,	1455,	1418,	1459,	1512,	1485,	1416,	1481,	1510,	2441,	2422,	2365,	2428,	2439,	2390,	2363,	2360,	2437,	2356,	2553,	2480,	2549,	2574,	2515,	2478,	2519,	2572,	2545,	2476,	2541,	2570,	3109,	3062,	3113,	3088,	3027,	3064,	3023,	3090,	3117,	3066,	3001,	3092,	2925,	2998,	2929,	2904,	2963,	2880,	2959,	2906,	2933,	2882,	2937,	2908,	
984,	1011,	1058,	1009,	982,	1045,	1056,	975,	980,	977,	1168,	1193,	1170,	1097,	1166,	1191,	1164,	1095,	1136,	1189,	1162,	1093,	1306,	1333,	1380,	1331,	1304,	1367,	1378,	1297,	1302,	1299,	1490,	1515,	1492,	1419,	1488,	1513,	1486,	1417,	1458,	1511,	1484,	1415,	2366,	2393,	2440,	2391,	2364,	2427,	2438,	2357,	2362,	2359,	2550,	2575,	2552,	2479,	2548,	2573,	2546,	2477,	2518,	2571,	2544,	2475,	3112,	3087,	3110,	3063,	3114,	3089,	3116,	3065,	3024,	3091,	3118,	3067,	2928,	2903,	2926,	2879,	2930,	2905,	2932,	2881,	2960,	2907,	2934,	2883,	
943,	946,	941,	966,	971,	948,	969,	950,	973,	856,	847,	832,	835,	1194,	845,	826,	1215,	1200,	1203,	1222,	1213,	1230,	1265,	1268,	1263,	1288,	1293,	1270,	1291,	1272,	1295,	1662,	1653,	1638,	1641,	1516,	1651,	1632,	1537,	1522,	1525,	1544,	1535,	1552,	2325,	2328,	2323,	2348,	2353,	2330,	2351,	2332,	2355,	2238,	2229,	2214,	2217,	2576,	2227,	2208,	2597,	2582,	2585,	2604,	2595,	2612,	3135,	3150,	3147,	3128,	3137,	3156,	2723,	3122,	3119,	2716,	2725,	2708,	2735,	2864,	2867,	2742,	2877,	2858,	2763,	2748,	2751,	2770,	2761,	2778,	
940,	965,	944,	947,	968,	893,	972,	855,	926,	951,	834,	853,	846,	825,	836,	1195,	1202,	1221,	1214,	1229,	1204,	1223,	1262,	1287,	1266,	1269,	1290,	1699,	1294,	1661,	1732,	1273,	1640,	1659,	1652,	1631,	1642,	1517,	1524,	1543,	1536,	1551,	1526,	1545,	2322,	2347,	2326,	2329,	2350,	2275,	2354,	2237,	2308,	2333,	2216,	2235,	2228,	2207,	2218,	2577,	2584,	2603,	2596,	2611,	2586,	2605,	3148,	3129,	3136,	3157,	3146,	3127,	3120,	2717,	2724,	2709,	2734,	2715,	2866,	2741,	2878,	2857,	2868,	2743,	2750,	2769,	2762,	2777,	2752,	2771,	
945,	942,	967,	896,	881,	970,	949,	894,	857,	854,	831,	848,	833,	1196,	827,	844,	1199,	1216,	1201,	1224,	1231,	1212,	1267,	1264,	1289,	1702,	1687,	1292,	1271,	1700,	1663,	1660,	1637,	1654,	1639,	1518,	1633,	1650,	1521,	1538,	1523,	1546,	1553,	1534,	2327,	2324,	2349,	2278,	2263,	2352,	2331,	2276,	2239,	2236,	2213,	2230,	2215,	2578,	2209,	2226,	2581,	2598,	2583,	2606,	2613,	2594,	3151,	3134,	3149,	3126,	3155,	3138,	3123,	2722,	3121,	2714,	2707,	2726,	2863,	2736,	2865,	2744,	2859,	2876,	2747,	2764,	2749,	2772,	2779,	2760,	
964,	939,	880,	877,	900,	895,	892,	925,	952,	927,	852,	841,	850,	837,	824,	1197,	1220,	1209,	1218,	1205,	1228,	1225,	1286,	1261,	1686,	1683,	1706,	1701,	1698,	1731,	1274,	1733,	1658,	1647,	1656,	1643,	1630,	1519,	1542,	1531,	1540,	1527,	1550,	1547,	2346,	2321,	2262,	2259,	2282,	2277,	2274,	2307,	2334,	2309,	2234,	2223,	2232,	2219,	2206,	2579,	2602,	2591,	2600,	2587,	2610,	2607,	3130,	3141,	3132,	3145,	3158,	3125,	2718,	2729,	2720,	2733,	2710,	2713,	2740,	2873,	2738,	2869,	2856,	2745,	2768,	2757,	2766,	2753,	2776,	2773,	
879,	876,	903,	882,	897,	924,	899,	922,	891,	858,	849,	830,	839,	822,	843,	828,	1217,	1198,	1207,	1226,	1211,	1232,	1685,	1682,	1709,	1688,	1703,	1730,	1705,	1728,	1697,	1664,	1655,	1636,	1645,	1628,	1649,	1634,	1539,	1520,	1529,	1548,	1533,	1554,	2261,	2258,	2285,	2264,	2279,	2306,	2281,	2304,	2273,	2240,	2231,	2212,	2221,	2204,	2225,	2210,	2599,	2580,	2589,	2608,	2593,	2614,	3133,	3152,	3143,	3160,	3139,	3154,	2721,	3124,	2731,	2712,	2727,	2706,	2737,	2862,	2871,	2854,	2875,	2860,	2765,	2746,	2755,	2774,	2759,	2780,	
938,	963,	878,	901,	918,	921,	890,	859,	928,	953,	840,	851,	842,	829,	838,	823,	1208,	1219,	1210,	1233,	1206,	1227,	1260,	1285,	1684,	1707,	1724,	1727,	1696,	1665,	1734,	1275,	1646,	1657,	1648,	1635,	1644,	1629,	1530,	1541,	1532,	1555,	1528,	1549,	2320,	2345,	2260,	2283,	2300,	2303,	2272,	2241,	2310,	2335,	2222,	2233,	2224,	2211,	2220,	2205,	2590,	2601,	2592,	2615,	2588,	2609,	3142,	3131,	3140,	3153,	3144,	3159,	2730,	2719,	2728,	2705,	2732,	2711,	2872,	2739,	2874,	2861,	2870,	2855,	2756,	2767,	2758,	2781,	2754,	2775,	
875,	902,	919,	904,	883,	898,	923,	908,	887,	860,	819,	798,	795,	812,	821,	804,	785,	1248,	1245,	778,	1235,	1254,	1681,	1708,	1725,	1710,	1689,	1704,	1729,	1714,	1693,	1666,	1625,	1604,	1601,	1618,	1627,	1610,	1591,	1570,	1567,	1584,	1557,	1576,	2257,	2284,	2301,	2286,	2265,	2280,	2305,	2290,	2269,	2242,	2201,	2180,	2177,	2194,	2203,	2186,	2167,	2630,	2627,	2160,	2617,	2636,	3163,	2656,	2659,	2642,	3161,	2650,	2669,	2690,	2693,	2676,	2703,	2684,	2851,	2830,	2827,	2844,	2853,	2836,	2817,	2796,	2793,	2810,	2783,	2802,	
962,	937,	874,	917,	920,	907,	912,	889,	954,	929,	796,	813,	820,	805,	794,	811,	1246,	779,	1234,	1255,	1244,	777,	1284,	1259,	1680,	1723,	1726,	1713,	1718,	1695,	1276,	1735,	1602,	1619,	1626,	1611,	1600,	1617,	1568,	1585,	1556,	1577,	1566,	1583,	2344,	2319,	2256,	2299,	2302,	2289,	2294,	2271,	2336,	2311,	2178,	2195,	2202,	2187,	2176,	2193,	2628,	2161,	2616,	2637,	2626,	2159,	2658,	2641,	3162,	2649,	2660,	2643,	2692,	2675,	2704,	2683,	2694,	2677,	2828,	2845,	2852,	2837,	2826,	2843,	2794,	2811,	2782,	2803,	2792,	2809,	
873,	916,	905,	884,	911,	914,	909,	886,	861,	888,	799,	818,	797,	810,	803,	786,	1249,	784,	1247,	776,	1253,	1236,	1679,	1722,	1711,	1690,	1717,	1720,	1715,	1692,	1667,	1694,	1605,	1624,	1603,	1616,	1609,	1592,	1571,	1590,	1569,	1582,	1575,	1558,	2255,	2298,	2287,	2266,	2293,	2296,	2291,	2268,	2243,	2270,	2181,	2200,	2179,	2192,	2185,	2168,	2631,	2166,	2629,	2158,	2635,	2618,	2655,	3164,	2657,	2644,	2651,	2668,	2689,	2670,	2691,	2678,	2685,	2702,	2831,	2850,	2829,	2842,	2835,	2818,	2797,	2816,	2795,	2808,	2801,	2784,	
936,	961,	870,	915,	906,	885,	864,	913,	930,	955,	814,	789,	816,	793,	806,	809,	780,	1239,	782,	1243,	1256,	775,	1258,	1283,	1676,	1721,	1712,	1691,	1670,	1719,	1736,	1277,	1620,	1595,	1622,	1599,	1612,	1615,	1586,	1561,	1588,	1565,	1578,	1581,	2318,	2343,	2252,	2297,	2288,	2267,	2246,	2295,	2312,	2337,	2196,	2171,	2198,	2175,	2188,	2191,	2162,	2621,	2164,	2625,	2638,	2157,	2640,	2665,	3166,	2661,	2648,	2645,	2674,	2699,	2672,	2695,	2682,	2679,	2846,	2821,	2848,	2825,	2838,	2841,	2812,	2787,	2814,	2791,	2804,	2807,	
869,	872,	959,	934,	867,	910,	957,	932,	865,	862,	817,	800,	791,	808,	787,	802,	783,	1250,	1241,	774,	1237,	1252,	1675,	1678,	1281,	1740,	1673,	1716,	1279,	1738,	1671,	1668,	1623,	1606,	1597,	1614,	1593,	1608,	1589,	1572,	1563,	1580,	1559,	1574,	2251,	2254,	2341,	2316,	2249,	2292,	2339,	2314,	2247,	2244,	2199,	2182,	2173,	2190,	2169,	2184,	2165,	2632,	2623,	2156,	2619,	2634,	3165,	2654,	2663,	2646,	2667,	2652,	2671,	2688,	2697,	2680,	2701,	2686,	2849,	2832,	2823,	2840,	2819,	2834,	2815,	2798,	2789,	2806,	2785,	2800,	
960,	935,	868,	871,	958,	933,	866,	863,	956,	931,	790,	815,	788,	801,	792,	807,	1240,	781,	1238,	1251,	1242,	1257,	1282,	1741,	1674,	1677,	1280,	1739,	1672,	1669,	1278,	1737,	1596,	1621,	1594,	1607,	1598,	1613,	1562,	1587,	1560,	1573,	1564,	1579,	2342,	2317,	2250,	2253,	2340,	2315,	2248,	2245,	2338,	2313,	2172,	2197,	2170,	2183,	2174,	2189,	2622,	2163,	2620,	2633,	2624,	2639,	2664,	3167,	2666,	2653,	2662,	2647,	2698,	2673,	2700,	2687,	2696,	2681,	2822,	2847,	2820,	2833,	2824,	2839,	2788,	2813,	2786,	2799,	2790,	2805,	
681,	634,	649,	646,	683,	636,	619,	644,	685,	688,	699,	702,	697,	314,	763,	704,	767,	316,	769,	706,	773,	318,	289,	242,	257,	254,	1743,	244,	227,	252,	1745,	1748,	1759,	1762,	1757,	1858,	1823,	1764,	1827,	1860,	1829,	1766,	1833,	1862,	2063,	2016,	2031,	2028,	2065,	2018,	2001,	2026,	2067,	2070,	2081,	2084,	2079,	3720,	2145,	2086,	2149,	3722,	2151,	2088,	2155,	3724,	3189,	3192,	3187,	3168,	3253,	3194,	3257,	3170,	3259,	3196,	3263,	3172,	3373,	3376,	3371,	3352,	3317,	3378,	3321,	3354,	3323,	3380,	3327,	3356,	
648,	651,	682,	635,	618,	645,	684,	687,	668,	643,	696,	313,	700,	703,	766,	315,	740,	705,	726,	317,	770,	707,	256,	259,	1742,	243,	226,	253,	1744,	1747,	276,	251,	1756,	1857,	1760,	1763,	1826,	1859,	1800,	1765,	1786,	1861,	1830,	1767,	2030,	2033,	2064,	2017,	2000,	2027,	2066,	2069,	2050,	2025,	2078,	3719,	2082,	2085,	2148,	3721,	2122,	2087,	2108,	3723,	2152,	2089,	3186,	3695,	3190,	3193,	3256,	3169,	3230,	3195,	3216,	3171,	3260,	3197,	3370,	3351,	3374,	3377,	3320,	3353,	3294,	3379,	3280,	3355,	3324,	3381,	
633,	680,	647,	650,	637,	606,	615,	620,	689,	686,	701,	698,	311,	762,	739,	764,	723,	768,	737,	772,	319,	290,	241,	288,	255,	258,	245,	214,	223,	228,	1749,	1746,	1761,	1758,	1855,	1822,	1799,	1824,	1783,	1828,	1797,	1832,	1863,	1834,	2015,	2062,	2029,	2032,	2019,	1988,	1997,	2002,	2071,	2068,	2083,	2080,	3717,	2144,	2121,	2146,	2105,	2150,	2119,	2154,	3725,	3696,	3191,	3188,	3693,	3252,	3229,	3254,	3213,	3258,	3227,	3262,	3173,	3264,	3375,	3372,	3349,	3316,	3293,	3318,	3277,	3322,	3291,	3326,	3357,	3328,	
652,	655,	632,	607,	622,	617,	638,	667,	642,	669,	312,	695,	746,	765,	760,	741,	738,	725,	758,	727,	708,	771,	260,	263,	240,	215,	230,	225,	246,	275,	250,	277,	1856,	1755,	1806,	1825,	1820,	1801,	1798,	1785,	1818,	1787,	1768,	1831,	2034,	2037,	2014,	1989,	2004,	1999,	2020,	2049,	2024,	2051,	3718,	2077,	2128,	2147,	2142,	2123,	2120,	2107,	2140,	2109,	2090,	2153,	3694,	3185,	3236,	3255,	3250,	3231,	3228,	3215,	3248,	3217,	3198,	3261,	3350,	3369,	3300,	3319,	3314,	3295,	3292,	3279,	3312,	3281,	3382,	3325,	
679,	610,	653,	624,	605,	614,	621,	616,	639,	690,	307,	310,	761,	742,	745,	724,	759,	722,	731,	736,	291,	320,	287,	218,	261,	232,	213,	222,	229,	224,	247,	1750,	1851,	1854,	1821,	1802,	1805,	1784,	1819,	1782,	1791,	1796,	1835,	1864,	2061,	1992,	2035,	2006,	1987,	1996,	2003,	1998,	2021,	2072,	3713,	3716,	2143,	2124,	2127,	2106,	2141,	2104,	2113,	2118,	3697,	3726,	3689,	3692,	3251,	3232,	3235,	3214,	3249,	3212,	3221,	3226,	3265,	3174,	3345,	3348,	3315,	3296,	3299,	3278,	3313,	3276,	3285,	3290,	3329,	3358,	
654,	631,	656,	611,	608,	623,	666,	661,	670,	641,	694,	749,	308,	747,	718,	721,	744,	735,	728,	757,	732,	709,	262,	239,	264,	219,	216,	231,	274,	269,	278,	249,	1754,	1809,	1852,	1807,	1778,	1781,	1804,	1795,	1788,	1817,	1792,	1769,	2036,	2013,	2038,	1993,	1990,	2005,	2048,	2043,	2052,	2023,	2076,	2131,	3714,	2129,	2100,	2103,	2126,	2117,	2110,	2139,	2114,	2091,	3184,	3239,	3690,	3237,	3208,	3211,	3234,	3225,	3218,	3247,	3222,	3199,	3368,	3303,	3346,	3301,	3272,	3275,	3298,	3289,	3282,	3311,	3286,	3383,	
657,	678,	609,	604,	625,	660,	613,	640,	691,	672,	309,	306,	693,	750,	743,	752,	719,	730,	733,	294,	321,	292,	265,	286,	217,	212,	233,	268,	221,	248,	1751,	280,	1853,	1850,	1753,	1810,	1803,	1812,	1779,	1790,	1793,	1838,	1865,	1836,	2039,	2060,	1991,	1986,	2007,	2042,	1995,	2022,	2073,	2054,	3715,	3712,	2075,	2132,	2125,	2134,	2101,	2112,	2115,	3700,	3727,	3698,	3691,	3688,	3183,	3240,	3233,	3242,	3209,	3220,	3223,	3268,	3175,	3266,	3347,	3344,	3367,	3304,	3297,	3306,	3273,	3284,	3287,	3332,	3359,	3330,	
630,	603,	628,	659,	612,	665,	662,	671,	594,	597,	692,	303,	748,	717,	720,	299,	734,	753,	756,	729,	710,	295,	238,	211,	236,	267,	220,	273,	270,	279,	202,	205,	1752,	1847,	1808,	1777,	1780,	1843,	1794,	1813,	1816,	1789,	1770,	1839,	2012,	1985,	2010,	2041,	1994,	2047,	2044,	2053,	1976,	1979,	2074,	3709,	2130,	2099,	2102,	3705,	2116,	2135,	2138,	2111,	2092,	3701,	3182,	3685,	3238,	3207,	3210,	3681,	3224,	3243,	3246,	3219,	3200,	3269,	3366,	3341,	3302,	3271,	3274,	3337,	3288,	3307,	3310,	3283,	3384,	3333,	
677,	658,	601,	664,	675,	626,	599,	596,	673,	592,	305,	716,	301,	326,	751,	714,	755,	324,	297,	712,	293,	322,	285,	266,	209,	272,	283,	234,	207,	204,	281,	200,	1849,	1776,	1845,	1870,	1811,	1774,	1815,	1868,	1841,	1772,	1837,	1866,	2059,	2040,	1983,	2046,	2057,	2008,	1981,	1978,	2055,	1974,	3711,	2098,	3707,	3732,	2133,	2096,	2137,	3730,	3703,	2094,	3699,	3728,	3687,	3206,	3683,	3180,	3241,	3204,	3245,	3178,	3679,	3202,	3267,	3176,	3343,	3270,	3339,	3364,	3305,	3388,	3309,	3362,	3335,	3386,	3331,	3360,	
602,	629,	676,	627,	600,	663,	674,	593,	598,	595,	302,	327,	304,	715,	300,	325,	298,	713,	754,	323,	296,	711,	210,	237,	284,	235,	208,	271,	282,	201,	206,	203,	1846,	1871,	1848,	1775,	1844,	1869,	1842,	1773,	1814,	1867,	1840,	1771,	1984,	2011,	2058,	2009,	1982,	2045,	2056,	1975,	1980,	1977,	3708,	3733,	3710,	2097,	3706,	3731,	3704,	2095,	2136,	3729,	3702,	2093,	3684,	3181,	3686,	3205,	3682,	3179,	3680,	3203,	3244,	3177,	3678,	3201,	3340,	3365,	3342,	3389,	3338,	3363,	3336,	3387,	3308,	3361,	3334,	3385,	
561,	564,	559,	584,	589,	566,	587,	568,	591,	474,	465,	450,	453,	328,	463,	444,	349,	334,	337,	356,	347,	364,	169,	172,	167,	192,	197,	174,	195,	176,	199,	82,		73,		58,		61,		1872,	71,		52,		1893,	1878,	1881,	1900,	1891,	1908,	1943,	1946,	1941,	1966,	1971,	1948,	1969,	1950,	1973,	3880,	3871,	3856,	3859,	3734,	3869,	3850,	3755,	3740,	3743,	3762,	3753,	3770,	3661,	3646,	3649,	3668,	3659,	3640,	3545,	3674,	3677,	3552,	3543,	3560,	3533,	3404,	3401,	3526,	3391,	3410,	3505,	3520,	3517,	3498,	3507,	3490,	
558,	583,	562,	565,	586,	511,	590,	473,	544,	569,	452,	471,	464,	443,	454,	329,	336,	355,	348,	363,	338,	357,	166,	191,	170,	173,	194,	119,	198,	81,		152,	177,	60,		79,		72,		51,		62,		1873,	1880,	1899,	1892,	1907,	1882,	1901,	1940,	1965,	1944,	1947,	1968,	3917,	1972,	3879,	3950,	1951,	3858,	3877,	3870,	3849,	3860,	3735,	3742,	3761,	3754,	3769,	3744,	3763,	3648,	3667,	3660,	3639,	3650,	3669,	3676,	3551,	3544,	3559,	3534,	3553,	3402,	3527,	3390,	3411,	3400,	3525,	3518,	3499,	3506,	3491,	3516,	3497,	
563,	560,	585,	514,	499,	588,	567,	512,	475,	472,	449,	466,	451,	330,	445,	462,	333,	350,	335,	358,	365,	346,	171,	168,	193,	122,	107,	196,	175,	120,	83,		80,		57,		74,		59,		1874,	53,		70,		1877,	1894,	1879,	1902,	1909,	1890,	1945,	1942,	1967,	3920,	3905,	1970,	1949,	3918,	3881,	3878,	3855,	3872,	3857,	3736,	3851,	3868,	3739,	3756,	3741,	3764,	3771,	3752,	3645,	3662,	3647,	3670,	3641,	3658,	3673,	3546,	3675,	3554,	3561,	3542,	3405,	3532,	3403,	3524,	3409,	3392,	3521,	3504,	3519,	3496,	3489,	3508,	
582,	557,	498,	495,	518,	513,	510,	543,	570,	545,	470,	459,	468,	455,	442,	331,	354,	343,	352,	339,	362,	359,	190,	165,	106,	103,	126,	121,	118,	151,	178,	153,	78,		67,		76,		63,		50,		1875,	1898,	1887,	1896,	1883,	1906,	1903,	1964,	1939,	3904,	3901,	3924,	3919,	3916,	3949,	1952,	3951,	3876,	3865,	3874,	3861,	3848,	3737,	3760,	3749,	3758,	3745,	3768,	3765,	3666,	3655,	3664,	3651,	3638,	3671,	3550,	3539,	3548,	3535,	3558,	3555,	3528,	3395,	3530,	3399,	3412,	3523,	3500,	3511,	3502,	3515,	3492,	3495,	
497,	494,	521,	500,	515,	542,	517,	540,	509,	476,	467,	448,	457,	440,	461,	446,	351,	332,	341,	360,	345,	366,	105,	102,	129,	108,	123,	150,	125,	148,	117,	84,		75,		56,		65,		48,		69,		54,		1895,	1876,	1885,	1904,	1889,	1910,	3903,	3900,	3927,	3906,	3921,	3948,	3923,	3946,	3915,	3882,	3873,	3854,	3863,	3846,	3867,	3852,	3757,	3738,	3747,	3766,	3751,	3772,	3663,	3644,	3653,	3636,	3657,	3642,	3547,	3672,	3537,	3556,	3541,	3562,	3531,	3406,	3397,	3414,	3393,	3408,	3503,	3522,	3513,	3494,	3509,	3488,	
556,	581,	496,	519,	536,	539,	508,	477,	546,	571,	458,	469,	460,	447,	456,	441,	342,	353,	344,	367,	340,	361,	164,	189,	104,	127,	144,	147,	116,	85,		154,	179,	66,		77,		68,		55,		64,		49,		1886,	1897,	1888,	1911,	1884,	1905,	1938,	1963,	3902,	3925,	3942,	3945,	3914,	3883,	3952,	1953,	3864,	3875,	3866,	3853,	3862,	3847,	3748,	3759,	3750,	3773,	3746,	3767,	3654,	3665,	3656,	3643,	3652,	3637,	3538,	3549,	3540,	3563,	3536,	3557,	3396,	3529,	3394,	3407,	3398,	3413,	3512,	3501,	3510,	3487,	3514,	3493,	
493,	520,	537,	522,	501,	516,	541,	526,	505,	478,	437,	416,	413,	430,	439,	422,	403,	382,	379,	396,	369,	388,	101,	128,	145,	130,	109,	124,	149,	134,	113,	86,		45,		24,		21,		38,		47,		30,		11,		1926,	1923,	4,		1913,	1932,	3899,	3926,	3943,	3928,	3907,	3922,	3947,	3932,	3911,	3884,	3843,	3822,	3819,	3836,	3845,	3828,	3809,	3788,	3785,	3802,	3775,	3794,	3633,	3612,	3609,	3626,	3635,	3618,	3599,	3578,	3575,	3592,	3565,	3584,	3417,	3438,	3441,	3424,	3415,	3432,	3451,	3472,	3475,	3458,	3485,	3466,	
580,	555,	492,	535,	538,	525,	530,	507,	572,	547,	414,	431,	438,	423,	412,	429,	380,	397,	368,	389,	378,	395,	188,	163,	100,	143,	146,	133,	138,	115,	180,	155,	22,		39,		46,		31,		20,		37,		1924,	5,		1912,	1933,	1922,	3,		1962,	1937,	3898,	3941,	3944,	3931,	3936,	3913,	1954,	3953,	3820,	3837,	3844,	3829,	3818,	3835,	3786,	3803,	3774,	3795,	3784,	3801,	3610,	3627,	3634,	3619,	3608,	3625,	3576,	3593,	3564,	3585,	3574,	3591,	3440,	3423,	3416,	3431,	3442,	3425,	3474,	3457,	3486,	3465,	3476,	3459,	
491,	534,	523,	502,	529,	532,	527,	504,	479,	506,	417,	436,	415,	428,	421,	404,	383,	402,	381,	394,	387,	370,	99,		142,	131,	110,	137,	140,	135,	112,	87,		114,	25,		44,		23,		36,		29,		12,		1927,	10,		1925,	2,		1931,	1914,	3897,	3940,	3929,	3908,	3935,	3938,	3933,	3910,	3885,	3912,	3823,	3842,	3821,	3834,	3827,	3810,	3789,	3808,	3787,	3800,	3793,	3776,	3613,	3632,	3611,	3624,	3617,	3600,	3579,	3598,	3577,	3590,	3583,	3566,	3437,	3418,	3439,	3426,	3433,	3450,	3471,	3452,	3473,	3460,	3467,	3484,	
554,	579,	488,	533,	524,	503,	482,	531,	548,	573,	432,	407,	434,	411,	424,	427,	398,	373,	400,	377,	390,	393,	162,	187,	96,		141,	132,	111,	90,		139,	156,	181,	40,		15,		42,		19,		32,		35,		6,		1917,	8,		1921,	1934,	1,		1936,	1961,	3894,	3939,	3930,	3909,	3888,	3937,	3954,	1955,	3838,	3813,	3840,	3817,	3830,	3833,	3804,	3779,	3806,	3783,	3796,	3799,	3628,	3603,	3630,	3607,	3620,	3623,	3594,	3569,	3596,	3573,	3586,	3589,	3422,	3447,	3420,	3443,	3430,	3427,	3456,	3481,	3454,	3477,	3464,	3461,	
487,	490,	577,	552,	485,	528,	575,	550,	483,	480,	435,	418,	409,	426,	405,	420,	401,	384,	375,	392,	371,	386,	95,		98,		185,	160,	93,		136,	183,	158,	91,		88,		43,		26,		17,		34,		13,		28,		9,		1928,	1919,	0,		1915,	1930,	3893,	3896,	1959,	3958,	3891,	3934,	1957,	3956,	3889,	3886,	3841,	3824,	3815,	3832,	3811,	3826,	3807,	3790,	3781,	3798,	3777,	3792,	3631,	3614,	3605,	3622,	3601,	3616,	3597,	3580,	3571,	3588,	3567,	3582,	3419,	3436,	3445,	3428,	3449,	3434,	3453,	3470,	3479,	3462,	3483,	3468,	
578,	553,	486,	489,	576,	551,	484,	481,	574,	549,	408,	433,	406,	419,	410,	425,	374,	399,	372,	385,	376,	391,	186,	161,	94,		97,		184,	159,	92,		89,		182,	157,	16,		41,		14,		27,		18,		33,		1918,	7,		1916,	1929,	1920,	1935,	1960,	3959,	3892,	3895,	1958,	3957,	3890,	3887,	1956,	3955,	3814,	3839,	3812,	3825,	3816,	3831,	3780,	3805,	3778,	3791,	3782,	3797,	3604,	3629,	3602,	3615,	3606,	3621,	3570,	3595,	3568,	3581,	3572,	3587,	3446,	3421,	3448,	3435,	3444,	3429,	3480,	3455,	3482,	3469,	3478,	3463,	
7685,	7638,	7653,	7650,	7687,	7640,	7623,	7648,	7689,	7692,	7703,	7706,	7701,	7802,	7767,	7708,	7771,	7804,	7773,	7710,	7777,	7806,	8007,	7960,	7975,	7972,	8009,	7962,	7945,	7970,	8011,	8014,	8025,	8028,	8023,	6100,	8089,	8030,	8093,	6102,	8095,	8032,	8099,	6104,	6075,	6028,	6043,	6040,	3961,	6030,	6013,	6038,	3963,	3966,	3977,	3980,	3975,	4076,	4041,	3982,	4045,	4078,	4047,	3984,	4051,	4080,	5361,	5364,	5359,	5340,	5425,	5366,	5429,	5342,	5431,	5368,	5435,	5344,	5545,	5548,	5543,	5524,	5489,	5550,	5493,	5526,	5495,	5552,	5499,	5528,	
7652,	7655,	7686,	7639,	7622,	7649,	7688,	7691,	7672,	7647,	7700,	7801,	7704,	7707,	7770,	7803,	7744,	7709,	7730,	7805,	7774,	7711,	7974,	7977,	8008,	7961,	7944,	7971,	8010,	8013,	7994,	7969,	8022,	6099,	8026,	8029,	8092,	6101,	8066,	8031,	8052,	6103,	8096,	8033,	6042,	6045,	3960,	6029,	6012,	6039,	3962,	3965,	6062,	6037,	3974,	4075,	3978,	3981,	4044,	4077,	4018,	3983,	4004,	4079,	4048,	3985,	5358,	5339,	5362,	5365,	5428,	5341,	5402,	5367,	5388,	5343,	5432,	5369,	5542,	5523,	5546,	5549,	5492,	5525,	5466,	5551,	5452,	5527,	5496,	5553,	
7637,	7684,	7651,	7654,	7641,	7610,	7619,	7624,	7693,	7690,	7705,	7702,	7799,	7766,	7743,	7768,	7727,	7772,	7741,	7776,	7807,	7778,	7959,	8006,	7973,	7976,	7963,	7932,	7941,	7946,	8015,	8012,	8027,	8024,	6097,	8088,	8065,	8090,	8049,	8094,	8063,	8098,	6105,	6076,	6027,	6074,	6041,	6044,	6031,	6000,	6009,	6014,	3967,	3964,	3979,	3976,	4073,	4040,	4017,	4042,	4001,	4046,	4015,	4050,	4081,	4052,	5363,	5360,	5337,	5424,	5401,	5426,	5385,	5430,	5399,	5434,	5345,	5436,	5547,	5544,	5521,	5488,	5465,	5490,	5449,	5494,	5463,	5498,	5529,	5500,	
7656,	7659,	7636,	7611,	7626,	7621,	7642,	7671,	7646,	7673,	7800,	7699,	7750,	7769,	7764,	7745,	7742,	7729,	7762,	7731,	7712,	7775,	7978,	7981,	7958,	7933,	7948,	7943,	7964,	7993,	7968,	7995,	6098,	8021,	8072,	8091,	8086,	8067,	8064,	8051,	8084,	8053,	8034,	8097,	6046,	6049,	6026,	6001,	6016,	6011,	6032,	6061,	6036,	6063,	4074,	3973,	4024,	4043,	4038,	4019,	4016,	4003,	4036,	4005,	3986,	4049,	5338,	5357,	5408,	5427,	5422,	5403,	5400,	5387,	5420,	5389,	5370,	5433,	5522,	5541,	5472,	5491,	5486,	5467,	5464,	5451,	5484,	5453,	5554,	5497,	
7683,	7614,	7657,	7628,	7609,	7618,	7625,	7620,	7643,	7694,	7795,	7798,	7765,	7746,	7749,	7728,	7763,	7726,	7735,	7740,	7779,	7808,	8005,	7936,	7979,	7950,	7931,	7940,	7947,	7942,	7965,	8016,	6093,	6096,	8087,	8068,	8071,	8050,	8085,	8048,	8057,	8062,	6077,	6106,	6073,	6004,	6047,	6018,	5999,	6008,	6015,	6010,	6033,	3968,	4069,	4072,	4039,	4020,	4023,	4002,	4037,	4000,	4009,	4014,	4053,	4082,	5333,	5336,	5423,	5404,	5407,	5386,	5421,	5384,	5393,	5398,	5437,	5346,	5517,	5520,	5487,	5468,	5471,	5450,	5485,	5448,	5457,	5462,	5501,	5530,	
7658,	7635,	7660,	7615,	7612,	7627,	7670,	7665,	7674,	7645,	7698,	7753,	7796,	7751,	7722,	7725,	7748,	7739,	7732,	7761,	7736,	7713,	7980,	7957,	7982,	7937,	7934,	7949,	7992,	7987,	7996,	7967,	8020,	8075,	6094,	8073,	8044,	8047,	8070,	8061,	8054,	8083,	8058,	8035,	6048,	6025,	6050,	6005,	6002,	6017,	6060,	6055,	6064,	6035,	3972,	4027,	4070,	4025,	3996,	3999,	4022,	4013,	4006,	4035,	4010,	3987,	5356,	5411,	5334,	5409,	5380,	5383,	5406,	5397,	5390,	5419,	5394,	5371,	5540,	5475,	5518,	5473,	5444,	5447,	5470,	5461,	5454,	5483,	5458,	5555,	
7661,	7682,	7613,	7608,	7629,	7664,	7617,	7644,	7695,	7676,	7797,	7794,	7697,	7754,	7747,	7756,	7723,	7734,	7737,	7782,	7809,	7780,	7983,	8004,	7935,	7930,	7951,	7986,	7939,	7966,	8017,	7998,	6095,	6092,	8019,	8076,	8069,	8078,	8045,	8056,	8059,	6080,	6107,	6078,	6051,	6072,	6003,	5998,	6019,	6054,	6007,	6034,	3969,	6066,	4071,	4068,	3971,	4028,	4021,	4030,	3997,	4008,	4011,	4056,	4083,	4054,	5335,	5332,	5355,	5412,	5405,	5414,	5381,	5392,	5395,	5440,	5347,	5438,	5519,	5516,	5539,	5476,	5469,	5478,	5445,	5456,	5459,	5504,	5531,	5502,	
7634,	7607,	7632,	7663,	7616,	7669,	7666,	7675,	7598,	7601,	7696,	7791,	7752,	7721,	7724,	7787,	7738,	7757,	7760,	7733,	7714,	7783,	7956,	7929,	7954,	7985,	7938,	7991,	7988,	7997,	7920,	7923,	8018,	6089,	8074,	8043,	8046,	6085,	8060,	8079,	8082,	8055,	8036,	6081,	6024,	5997,	6022,	6053,	6006,	6059,	6056,	6065,	5988,	5991,	3970,	4065,	4026,	3995,	3998,	4061,	4012,	4031,	4034,	4007,	3988,	4057,	5354,	5329,	5410,	5379,	5382,	5325,	5396,	5415,	5418,	5391,	5372,	5441,	5538,	5513,	5474,	5443,	5446,	5509,	5460,	5479,	5482,	5455,	5556,	5505,	
7681,	7662,	7605,	7668,	7679,	7630,	7603,	7600,	7677,	7596,	7793,	7720,	7789,	7814,	7755,	7718,	7759,	7812,	7785,	7716,	7781,	7810,	8003,	7984,	7927,	7990,	8001,	7952,	7925,	7922,	7999,	7918,	6091,	8042,	6087,	6112,	8077,	8040,	8081,	6110,	6083,	8038,	6079,	6108,	6071,	6052,	5995,	6058,	6069,	6020,	5993,	5990,	6067,	5986,	4067,	3994,	4063,	4088,	4029,	3992,	4033,	4086,	4059,	3990,	4055,	4084,	5331,	5378,	5327,	5352,	5413,	5376,	5417,	5350,	5323,	5374,	5439,	5348,	5515,	5442,	5511,	5536,	5477,	5560,	5481,	5534,	5507,	5558,	5503,	5532,	
7606,	7633,	7680,	7631,	7604,	7667,	7678,	7597,	7602,	7599,	7790,	7815,	7792,	7719,	7788,	7813,	7786,	7717,	7758,	7811,	7784,	7715,	7928,	7955,	8002,	7953,	7926,	7989,	8000,	7919,	7924,	7921,	6088,	6113,	6090,	8041,	6086,	6111,	6084,	8039,	8080,	6109,	6082,	8037,	5996,	6023,	6070,	6021,	5994,	6057,	6068,	5987,	5992,	5989,	4064,	4089,	4066,	3993,	4062,	4087,	4060,	3991,	4032,	4085,	4058,	3989,	5328,	5353,	5330,	5377,	5326,	5351,	5324,	5375,	5416,	5349,	5322,	5373,	5512,	5537,	5514,	5561,	5510,	5535,	5508,	5559,	5480,	5533,	5506,	5557,	
7565,	7568,	7563,	7588,	7593,	7570,	7591,	7572,	7595,	7478,	7469,	7454,	7457,	7816,	7467,	7448,	7837,	7822,	7825,	7844,	7835,	7852,	7887,	7890,	7885,	7910,	7915,	7892,	7913,	7894,	7917,	6260,	6251,	6236,	6239,	6114,	6249,	6230,	6135,	6120,	6123,	6142,	6133,	6150,	5955,	5958,	5953,	5978,	5983,	5960,	5981,	5962,	5985,	5868,	5859,	5844,	5847,	4090,	5857,	5838,	4111,	4096,	4099,	4118,	4109,	4126,	5305,	5290,	5293,	5312,	5303,	5284,	5717,	5318,	5321,	5724,	5715,	5732,	5705,	5576,	5573,	5698,	5563,	5582,	5677,	5692,	5689,	5670,	5679,	5662,	
7562,	7587,	7566,	7569,	7590,	7515,	7594,	7477,	7548,	7573,	7456,	7475,	7468,	7447,	7458,	7817,	7824,	7843,	7836,	7851,	7826,	7845,	7884,	7909,	7888,	7891,	7912,	6297,	7916,	6259,	6330,	7895,	6238,	6257,	6250,	6229,	6240,	6115,	6122,	6141,	6134,	6149,	6124,	6143,	5952,	5977,	5956,	5959,	5980,	5905,	5984,	5867,	5938,	5963,	5846,	5865,	5858,	5837,	5848,	4091,	4098,	4117,	4110,	4125,	4100,	4119,	5292,	5311,	5304,	5283,	5294,	5313,	5320,	5723,	5716,	5731,	5706,	5725,	5574,	5699,	5562,	5583,	5572,	5697,	5690,	5671,	5678,	5663,	5688,	5669,	
7567,	7564,	7589,	7518,	7503,	7592,	7571,	7516,	7479,	7476,	7453,	7470,	7455,	7818,	7449,	7466,	7821,	7838,	7823,	7846,	7853,	7834,	7889,	7886,	7911,	6300,	6285,	7914,	7893,	6298,	6261,	6258,	6235,	6252,	6237,	6116,	6231,	6248,	6119,	6136,	6121,	6144,	6151,	6132,	5957,	5954,	5979,	5908,	5893,	5982,	5961,	5906,	5869,	5866,	5843,	5860,	5845,	4092,	5839,	5856,	4095,	4112,	4097,	4120,	4127,	4108,	5289,	5306,	5291,	5314,	5285,	5302,	5317,	5718,	5319,	5726,	5733,	5714,	5577,	5704,	5575,	5696,	5581,	5564,	5693,	5676,	5691,	5668,	5661,	5680,	
7586,	7561,	7502,	7499,	7522,	7517,	7514,	7547,	7574,	7549,	7474,	7463,	7472,	7459,	7446,	7819,	7842,	7831,	7840,	7827,	7850,	7847,	7908,	7883,	6284,	6281,	6304,	6299,	6296,	6329,	7896,	6331,	6256,	6245,	6254,	6241,	6228,	6117,	6140,	6129,	6138,	6125,	6148,	6145,	5976,	5951,	5892,	5889,	5912,	5907,	5904,	5937,	5964,	5939,	5864,	5853,	5862,	5849,	5836,	4093,	4116,	4105,	4114,	4101,	4124,	4121,	5310,	5299,	5308,	5295,	5282,	5315,	5722,	5711,	5720,	5707,	5730,	5727,	5700,	5567,	5702,	5571,	5584,	5695,	5672,	5683,	5674,	5687,	5664,	5667,	
7501,	7498,	7525,	7504,	7519,	7546,	7521,	7544,	7513,	7480,	7471,	7452,	7461,	7444,	7465,	7450,	7839,	7820,	7829,	7848,	7833,	7854,	6283,	6280,	6307,	6286,	6301,	6328,	6303,	6326,	6295,	6262,	6253,	6234,	6243,	6226,	6247,	6232,	6137,	6118,	6127,	6146,	6131,	6152,	5891,	5888,	5915,	5894,	5909,	5936,	5911,	5934,	5903,	5870,	5861,	5842,	5851,	5834,	5855,	5840,	4113,	4094,	4103,	4122,	4107,	4128,	5307,	5288,	5297,	5280,	5301,	5286,	5719,	5316,	5709,	5728,	5713,	5734,	5703,	5578,	5569,	5586,	5565,	5580,	5675,	5694,	5685,	5666,	5681,	5660,	
7560,	7585,	7500,	7523,	7540,	7543,	7512,	7481,	7550,	7575,	7462,	7473,	7464,	7451,	7460,	7445,	7830,	7841,	7832,	7855,	7828,	7849,	7882,	7907,	6282,	6305,	6322,	6325,	6294,	6263,	6332,	7897,	6244,	6255,	6246,	6233,	6242,	6227,	6128,	6139,	6130,	6153,	6126,	6147,	5950,	5975,	5890,	5913,	5930,	5933,	5902,	5871,	5940,	5965,	5852,	5863,	5854,	5841,	5850,	5835,	4104,	4115,	4106,	4129,	4102,	4123,	5298,	5309,	5300,	5287,	5296,	5281,	5710,	5721,	5712,	5735,	5708,	5729,	5568,	5701,	5566,	5579,	5570,	5585,	5684,	5673,	5682,	5659,	5686,	5665,	
7497,	7524,	7541,	7526,	7505,	7520,	7545,	7530,	7509,	7482,	7441,	7420,	7417,	7434,	7443,	7426,	7407,	7870,	7867,	7400,	7857,	7876,	6279,	6306,	6323,	6308,	6287,	6302,	6327,	6312,	6291,	6264,	6223,	6202,	6199,	6216,	6225,	6208,	6189,	6168,	6165,	6182,	6155,	6174,	5887,	5914,	5931,	5916,	5895,	5910,	5935,	5920,	5899,	5872,	5831,	5810,	5807,	5824,	5833,	5816,	5797,	4144,	4141,	5790,	4131,	4150,	5277,	5784,	5781,	5270,	5279,	5262,	5771,	5750,	5747,	5764,	5737,	5756,	5589,	5610,	5613,	5596,	5587,	5604,	5623,	5644,	5647,	5630,	5657,	5638,	
7584,	7559,	7496,	7539,	7542,	7529,	7534,	7511,	7576,	7551,	7418,	7435,	7442,	7427,	7416,	7433,	7868,	7401,	7856,	7877,	7866,	7399,	7906,	7881,	6278,	6321,	6324,	6311,	6316,	6293,	7898,	6333,	6200,	6217,	6224,	6209,	6198,	6215,	6166,	6183,	6154,	6175,	6164,	6181,	5974,	5949,	5886,	5929,	5932,	5919,	5924,	5901,	5966,	5941,	5808,	5825,	5832,	5817,	5806,	5823,	4142,	5791,	4130,	4151,	4140,	5789,	5782,	5271,	5278,	5263,	5780,	5269,	5748,	5765,	5736,	5757,	5746,	5763,	5612,	5595,	5588,	5603,	5614,	5597,	5646,	5629,	5658,	5637,	5648,	5631,	
7495,	7538,	7527,	7506,	7533,	7536,	7531,	7508,	7483,	7510,	7421,	7440,	7419,	7432,	7425,	7408,	7871,	7406,	7869,	7398,	7875,	7858,	6277,	6320,	6309,	6288,	6315,	6318,	6313,	6290,	6265,	6292,	6203,	6222,	6201,	6214,	6207,	6190,	6169,	6188,	6167,	6180,	6173,	6156,	5885,	5928,	5917,	5896,	5923,	5926,	5921,	5898,	5873,	5900,	5811,	5830,	5809,	5822,	5815,	5798,	4145,	5796,	4143,	5788,	4149,	4132,	5785,	5276,	5783,	5268,	5261,	5772,	5751,	5770,	5749,	5762,	5755,	5738,	5609,	5590,	5611,	5598,	5605,	5622,	5643,	5624,	5645,	5632,	5639,	5656,	
7558,	7583,	7492,	7537,	7528,	7507,	7486,	7535,	7552,	7577,	7436,	7411,	7438,	7415,	7428,	7431,	7402,	7861,	7404,	7865,	7878,	7397,	7880,	7905,	6274,	6319,	6310,	6289,	6268,	6317,	6334,	7899,	6218,	6193,	6220,	6197,	6210,	6213,	6184,	6159,	6186,	6163,	6176,	6179,	5948,	5973,	5882,	5927,	5918,	5897,	5876,	5925,	5942,	5967,	5826,	5801,	5828,	5805,	5818,	5821,	5792,	4135,	5794,	4139,	4152,	5787,	5272,	5775,	5274,	5779,	5264,	5267,	5766,	5741,	5768,	5745,	5758,	5761,	5594,	5619,	5592,	5615,	5602,	5599,	5628,	5653,	5626,	5649,	5636,	5633,	
7491,	7494,	7581,	7556,	7489,	7532,	7579,	7554,	7487,	7484,	7439,	7422,	7413,	7430,	7409,	7424,	7405,	7872,	7863,	7396,	7859,	7874,	6273,	6276,	7903,	6338,	6271,	6314,	7901,	6336,	6269,	6266,	6221,	6204,	6195,	6212,	6191,	6206,	6187,	6170,	6161,	6178,	6157,	6172,	5881,	5884,	5971,	5946,	5879,	5922,	5969,	5944,	5877,	5874,	5829,	5812,	5803,	5820,	5799,	5814,	5795,	4146,	4137,	4154,	4133,	4148,	5275,	5786,	5777,	5266,	5773,	5260,	5769,	5752,	5743,	5760,	5739,	5754,	5591,	5608,	5617,	5600,	5621,	5606,	5625,	5642,	5651,	5634,	5655,	5640,	
7582,	7557,	7490,	7493,	7580,	7555,	7488,	7485,	7578,	7553,	7412,	7437,	7410,	7423,	7414,	7429,	7862,	7403,	7860,	7873,	7864,	7879,	7904,	6339,	6272,	6275,	7902,	6337,	6270,	6267,	7900,	6335,	6194,	6219,	6192,	6205,	6196,	6211,	6160,	6185,	6158,	6171,	6162,	6177,	5972,	5947,	5880,	5883,	5970,	5945,	5878,	5875,	5968,	5943,	5802,	5827,	5800,	5813,	5804,	5819,	4136,	5793,	4134,	4147,	4138,	4153,	5776,	5273,	5774,	5259,	5778,	5265,	5742,	5767,	5740,	5753,	5744,	5759,	5618,	5593,	5620,	5607,	5616,	5601,	5652,	5627,	5654,	5641,	5650,	5635,	
7038,	6921,	7036,	6941,	6946,	6923,	6944,	6925,	6948,	6951,	6893,	6908,	6905,	6886,	6895,	6914,	7393,	6880,	6877,	7386,	7395,	7378,	6437,	6848,	6435,	6340,	6345,	6850,	6343,	6852,	6347,	6350,	6820,	6835,	6832,	6813,	6822,	6841,	6792,	6807,	6804,	6785,	6794,	6777,	4512,	4629,	4514,	4609,	4604,	4627,	4606,	4625,	4602,	4599,	4657,	4642,	4645,	4664,	4655,	4636,	4157,	4670,	4673,	4164,	4155,	4172,	4683,	5244,	5247,	4690,	5257,	5238,	4711,	4696,	4699,	4718,	4709,	4726,	5089,	5074,	5077,	5096,	5087,	5068,	5117,	5102,	5105,	5124,	5115,	5132,	
7035,	6940,	6919,	6922,	6943,	6988,	6947,	6950,	7021,	6926,	6906,	6887,	6894,	6915,	6904,	6885,	6878,	7387,	7394,	7379,	6876,	7385,	6434,	6867,	6846,	6849,	6342,	6387,	6346,	6349,	6420,	6853,	6833,	6814,	6821,	6842,	6831,	6812,	6805,	6786,	6793,	6778,	6803,	6784,	4515,	4610,	4631,	4628,	4607,	4562,	4603,	4600,	4529,	4624,	4644,	4663,	4656,	4635,	4646,	4665,	4672,	4163,	4156,	4171,	4674,	4165,	5246,	4689,	5258,	5237,	5248,	4691,	4698,	4717,	4710,	4725,	4700,	4719,	5076,	5095,	5088,	5067,	5078,	5097,	5104,	5123,	5116,	5131,	5106,	5125,	
6920,	7037,	6942,	6991,	6976,	6945,	6924,	6989,	6952,	6949,	6909,	6892,	6907,	6884,	6913,	6896,	6881,	7392,	6879,	7384,	7377,	6868,	6847,	6436,	6341,	6390,	6375,	6344,	6851,	6388,	6351,	6348,	6836,	6819,	6834,	6811,	6840,	6823,	6808,	6791,	6806,	6783,	6776,	6795,	4630,	4513,	4608,	4559,	4574,	4605,	4626,	4561,	4598,	4601,	4641,	4658,	4643,	4666,	4637,	4654,	4669,	4158,	4671,	4166,	4173,	4682,	5243,	4684,	5245,	4692,	5239,	5256,	4695,	4712,	4697,	4720,	4727,	4708,	5073,	5090,	5075,	5098,	5069,	5086,	5101,	5118,	5103,	5126,	5133,	5114,	
6939,	7034,	6975,	6972,	6995,	6990,	6987,	7020,	6927,	7022,	6888,	6899,	6890,	6903,	6916,	6883,	7388,	6871,	7390,	6875,	7380,	7383,	6866,	6433,	6374,	6371,	6394,	6389,	6386,	6419,	6854,	6421,	6815,	6826,	6817,	6830,	6843,	6810,	6787,	6798,	6789,	6802,	6779,	6782,	4611,	4516,	4575,	4578,	4555,	4560,	4563,	4530,	4623,	4528,	4662,	4651,	4660,	4647,	4634,	4667,	4162,	4679,	4160,	4675,	4170,	4167,	4688,	5253,	4686,	5249,	5236,	4693,	4716,	4705,	4714,	4701,	4724,	4721,	5094,	5083,	5092,	5079,	5066,	5099,	5122,	5111,	5120,	5107,	5130,	5127,	
6974,	6971,	6998,	6977,	6992,	7019,	6994,	7017,	6986,	6953,	6891,	6910,	6901,	6918,	6897,	6912,	7391,	6882,	6873,	7382,	6869,	7376,	6373,	6370,	6397,	6376,	6391,	6418,	6393,	6416,	6385,	6352,	6818,	6837,	6828,	6845,	6824,	6839,	6790,	6809,	6800,	6781,	6796,	6775,	4576,	4579,	4552,	4573,	4558,	4531,	4556,	4533,	4564,	4597,	4659,	4640,	4649,	4632,	4653,	4638,	4159,	4668,	4677,	4168,	4681,	4174,	4685,	5242,	5251,	5234,	5255,	5240,	4713,	4694,	4703,	4722,	4707,	4728,	5091,	5072,	5081,	5064,	5085,	5070,	5119,	5100,	5109,	5128,	5113,	5134,	
7033,	6938,	6973,	6996,	7013,	7016,	6985,	6954,	7023,	6928,	6900,	6889,	6898,	6911,	6902,	6917,	6872,	7389,	6870,	7375,	6874,	7381,	6432,	6865,	6372,	6395,	6412,	6415,	6384,	6353,	6422,	6855,	6827,	6816,	6825,	6838,	6829,	6844,	6799,	6788,	6797,	6774,	6801,	6780,	4517,	4612,	4577,	4554,	4537,	4534,	4565,	4596,	4527,	4622,	4650,	4661,	4652,	4639,	4648,	4633,	4678,	4161,	4680,	4175,	4676,	4169,	5252,	4687,	5254,	5241,	5250,	5235,	4704,	4715,	4706,	4729,	4702,	4723,	5082,	5093,	5084,	5071,	5080,	5065,	5110,	5121,	5112,	5135,	5108,	5129,	
6970,	6997,	7014,	6999,	6978,	6993,	7018,	7003,	6982,	6955,	7305,	7326,	7329,	7312,	7303,	7320,	7339,	7360,	7363,	7346,	7373,	7354,	6369,	6396,	6413,	6398,	6377,	6392,	6417,	6402,	6381,	6354,	6704,	6725,	6728,	6711,	6702,	6719,	6738,	6759,	6762,	6745,	6772,	6753,	4580,	4553,	4536,	4551,	4572,	4557,	4532,	4547,	4568,	4595,	4245,	4224,	4221,	4238,	4247,	4230,	4211,	4190,	4187,	4204,	4177,	4196,	5231,	5210,	5207,	5224,	5233,	5216,	5197,	4744,	4741,	5190,	4731,	4750,	5061,	5184,	5181,	5054,	5063,	5046,	5171,	5150,	5147,	5164,	5137,	5156,	
6937,	7032,	6969,	7012,	7015,	7002,	7007,	6984,	6929,	7024,	7328,	7311,	7304,	7319,	7330,	7313,	7362,	7345,	7374,	7353,	7364,	7347,	6864,	6431,	6368,	6411,	6414,	6401,	6406,	6383,	6856,	6423,	6727,	6710,	6703,	6718,	6729,	6712,	6761,	6744,	6773,	6752,	6763,	6746,	4613,	4518,	4581,	4538,	4535,	4548,	4543,	4566,	4621,	4526,	4222,	4239,	4246,	4231,	4220,	4237,	4188,	4205,	4176,	4197,	4186,	4203,	5208,	5225,	5232,	5217,	5206,	5223,	4742,	5191,	4730,	4751,	4740,	5189,	5182,	5055,	5062,	5047,	5180,	5053,	5148,	5165,	5136,	5157,	5146,	5163,	
6968,	7011,	7000,	6979,	7006,	7009,	7004,	6981,	6956,	6983,	7325,	7306,	7327,	7314,	7321,	7338,	7359,	7340,	7361,	7348,	7355,	7372,	6367,	6410,	6399,	6378,	6405,	6408,	6403,	6380,	6355,	6382,	6724,	6705,	6726,	6713,	6720,	6737,	6758,	6739,	6760,	6747,	6754,	6771,	4582,	4539,	4550,	4571,	4544,	4541,	4546,	4569,	4594,	4567,	4225,	4244,	4223,	4236,	4229,	4212,	4191,	4210,	4189,	4202,	4195,	4178,	5211,	5230,	5209,	5222,	5215,	5198,	4745,	5196,	4743,	5188,	4749,	4732,	5185,	5060,	5183,	5052,	5045,	5172,	5151,	5170,	5149,	5162,	5155,	5138,	
7031,	6936,	6965,	7010,	7001,	6980,	6959,	7008,	7025,	6930,	7310,	7335,	7308,	7331,	7318,	7315,	7344,	7369,	7342,	7365,	7352,	7349,	6430,	6863,	6364,	6409,	6400,	6379,	6358,	6407,	6424,	6857,	6709,	6734,	6707,	6730,	6717,	6714,	6743,	6768,	6741,	6764,	6751,	6748,	4519,	4614,	4585,	4540,	4549,	4570,	4591,	4542,	4525,	4620,	4240,	4215,	4242,	4219,	4232,	4235,	4206,	4181,	4208,	4185,	4198,	4201,	5226,	5201,	5228,	5205,	5218,	5221,	5192,	4735,	5194,	4739,	4752,	5187,	5056,	5175,	5058,	5179,	5048,	5051,	5166,	5141,	5168,	5145,	5158,	5161,	
6964,	6967,	6934,	7029,	6962,	7005,	6932,	7027,	6960,	6957,	7307,	7324,	7333,	7316,	7337,	7322,	7341,	7358,	7367,	7350,	7371,	7356,	6363,	6366,	6861,	6428,	6361,	6404,	6859,	6426,	6359,	6356,	6706,	6723,	6732,	6715,	6736,	6721,	6740,	6757,	6766,	6749,	6770,	6755,	4586,	4583,	4616,	4521,	4588,	4545,	4618,	4523,	4590,	4593,	4243,	4226,	4217,	4234,	4213,	4228,	4209,	4192,	4183,	4200,	4179,	4194,	5229,	5212,	5203,	5220,	5199,	5214,	5195,	4746,	4737,	4754,	4733,	4748,	5059,	5186,	5177,	5050,	5173,	5044,	5169,	5152,	5143,	5160,	5139,	5154,	
6935,	7030,	6963,	6966,	6933,	7028,	6961,	6958,	6931,	7026,	7334,	7309,	7336,	7323,	7332,	7317,	7368,	7343,	7370,	7357,	7366,	7351,	6862,	6429,	6362,	6365,	6860,	6427,	6360,	6357,	6858,	6425,	6733,	6708,	6735,	6722,	6731,	6716,	6767,	6742,	6769,	6756,	6765,	6750,	4615,	4520,	4587,	4584,	4617,	4522,	4589,	4592,	4619,	4524,	4216,	4241,	4214,	4227,	4218,	4233,	4182,	4207,	4180,	4193,	4184,	4199,	5202,	5227,	5200,	5213,	5204,	5219,	4736,	5193,	4734,	4747,	4738,	4753,	5176,	5057,	5174,	5043,	5178,	5049,	5142,	5167,	5140,	5153,	5144,	5159,	
7158,	7041,	7156,	7061,	7066,	7043,	7064,	7045,	7068,	7071,	7277,	7292,	7289,	7270,	7279,	7298,	7249,	7264,	7261,	7242,	7251,	7234,	6557,	6440,	6555,	6460,	6465,	6442,	6463,	6444,	6467,	6470,	6676,	6691,	6688,	6669,	6678,	6697,	6648,	6663,	6660,	6641,	6650,	6633,	4392,	4509,	4394,	4489,	4484,	4507,	4486,	4505,	4482,	4479,	4273,	4258,	4261,	4280,	4271,	4252,	4301,	4286,	4289,	4308,	4299,	4316,	4873,	4858,	4861,	4880,	4871,	4852,	4757,	4886,	4889,	4764,	4755,	4772,	4899,	5028,	5031,	4906,	5041,	5022,	4927,	4912,	4915,	4934,	4925,	4942,	
7155,	7060,	7039,	7042,	7063,	7108,	7067,	7070,	7141,	7046,	7290,	7271,	7278,	7299,	7288,	7269,	7262,	7243,	7250,	7235,	7260,	7241,	6554,	6459,	6438,	6441,	6462,	6507,	6466,	6469,	6540,	6445,	6689,	6670,	6677,	6698,	6687,	6668,	6661,	6642,	6649,	6634,	6659,	6640,	4395,	4490,	4511,	4508,	4487,	4442,	4483,	4480,	4409,	4504,	4260,	4279,	4272,	4251,	4262,	4281,	4288,	4307,	4300,	4315,	4290,	4309,	4860,	4879,	4872,	4851,	4862,	4881,	4888,	4763,	4756,	4771,	4890,	4765,	5030,	4905,	5042,	5021,	5032,	4907,	4914,	4933,	4926,	4941,	4916,	4935,	
7040,	7157,	7062,	7111,	7096,	7065,	7044,	7109,	7072,	7069,	7293,	7276,	7291,	7268,	7297,	7280,	7265,	7248,	7263,	7240,	7233,	7252,	6439,	6556,	6461,	6510,	6495,	6464,	6443,	6508,	6471,	6468,	6692,	6675,	6690,	6667,	6696,	6679,	6664,	6647,	6662,	6639,	6632,	6651,	4510,	4393,	4488,	4439,	4454,	4485,	4506,	4441,	4478,	4481,	4257,	4274,	4259,	4282,	4253,	4270,	4285,	4302,	4287,	4310,	4317,	4298,	4857,	4874,	4859,	4882,	4853,	4870,	4885,	4758,	4887,	4766,	4773,	4898,	5027,	4900,	5029,	4908,	5023,	5040,	4911,	4928,	4913,	4936,	4943,	4924,	
7059,	7154,	7095,	7092,	7115,	7110,	7107,	7140,	7047,	7142,	7272,	7283,	7274,	7287,	7300,	7267,	7244,	7255,	7246,	7259,	7236,	7239,	6458,	6553,	6494,	6491,	6514,	6509,	6506,	6539,	6446,	6541,	6671,	6682,	6673,	6686,	6699,	6666,	6643,	6654,	6645,	6658,	6635,	6638,	4491,	4396,	4455,	4458,	4435,	4440,	4443,	4410,	4503,	4408,	4278,	4267,	4276,	4263,	4250,	4283,	4306,	4295,	4304,	4291,	4314,	4311,	4878,	4867,	4876,	4863,	4850,	4883,	4762,	4895,	4760,	4891,	4770,	4767,	4904,	5037,	4902,	5033,	5020,	4909,	4932,	4921,	4930,	4917,	4940,	4937,	
7094,	7091,	7118,	7097,	7112,	7139,	7114,	7137,	7106,	7073,	7275,	7294,	7285,	7302,	7281,	7296,	7247,	7266,	7257,	7238,	7253,	7232,	6493,	6490,	6517,	6496,	6511,	6538,	6513,	6536,	6505,	6472,	6674,	6693,	6684,	6701,	6680,	6695,	6646,	6665,	6656,	6637,	6652,	6631,	4456,	4459,	4432,	4453,	4438,	4411,	4436,	4413,	4444,	4477,	4275,	4256,	4265,	4248,	4269,	4254,	4303,	4284,	4293,	4312,	4297,	4318,	4875,	4856,	4865,	4848,	4869,	4854,	4759,	4884,	4893,	4768,	4897,	4774,	4901,	5026,	5035,	5018,	5039,	5024,	4929,	4910,	4919,	4938,	4923,	4944,	
7153,	7058,	7093,	7116,	7133,	7136,	7105,	7074,	7143,	7048,	7284,	7273,	7282,	7295,	7286,	7301,	7256,	7245,	7254,	7231,	7258,	7237,	6552,	6457,	6492,	6515,	6532,	6535,	6504,	6473,	6542,	6447,	6683,	6672,	6681,	6694,	6685,	6700,	6655,	6644,	6653,	6630,	6657,	6636,	4397,	4492,	4457,	4434,	4417,	4414,	4445,	4476,	4407,	4502,	4266,	4277,	4268,	4255,	4264,	4249,	4294,	4305,	4296,	4319,	4292,	4313,	4866,	4877,	4868,	4855,	4864,	4849,	4894,	4761,	4896,	4775,	4892,	4769,	5036,	4903,	5038,	5025,	5034,	5019,	4920,	4931,	4922,	4945,	4918,	4939,	
7090,	7117,	7134,	7119,	7098,	7113,	7138,	7123,	7102,	7075,	7161,	7182,	7185,	7168,	7159,	7176,	7195,	7216,	7219,	7202,	7229,	7210,	6489,	6516,	6533,	6518,	6497,	6512,	6537,	6522,	6501,	6474,	6560,	6581,	6584,	6567,	6558,	6575,	6594,	6615,	6618,	6601,	6628,	6609,	4460,	4433,	4416,	4431,	4452,	4437,	4412,	4427,	4448,	4475,	4389,	4368,	4365,	4382,	4391,	4374,	4355,	4334,	4331,	4348,	4321,	4340,	4845,	4824,	4821,	4838,	4847,	4830,	4811,	4790,	4787,	4804,	4777,	4796,	5015,	4994,	4991,	5008,	5017,	5000,	4981,	4960,	4957,	4974,	4947,	4966,	
7057,	7152,	7089,	7132,	7135,	7122,	7127,	7104,	7049,	7144,	7184,	7167,	7160,	7175,	7186,	7169,	7218,	7201,	7230,	7209,	7220,	7203,	6456,	6551,	6488,	6531,	6534,	6521,	6526,	6503,	6448,	6543,	6583,	6566,	6559,	6574,	6585,	6568,	6617,	6600,	6629,	6608,	6619,	6602,	4493,	4398,	4461,	4418,	4415,	4428,	4423,	4446,	4501,	4406,	4366,	4383,	4390,	4375,	4364,	4381,	4332,	4349,	4320,	4341,	4330,	4347,	4822,	4839,	4846,	4831,	4820,	4837,	4788,	4805,	4776,	4797,	4786,	4803,	4992,	5009,	5016,	5001,	4990,	5007,	4958,	4975,	4946,	4967,	4956,	4973,	
7088,	7131,	7120,	7099,	7126,	7129,	7124,	7101,	7076,	7103,	7181,	7162,	7183,	7170,	7177,	7194,	7215,	7196,	7217,	7204,	7211,	7228,	6487,	6530,	6519,	6498,	6525,	6528,	6523,	6500,	6475,	6502,	6580,	6561,	6582,	6569,	6576,	6593,	6614,	6595,	6616,	6603,	6610,	6627,	4462,	4419,	4430,	4451,	4424,	4421,	4426,	4449,	4474,	4447,	4369,	4388,	4367,	4380,	4373,	4356,	4335,	4354,	4333,	4346,	4339,	4322,	4825,	4844,	4823,	4836,	4829,	4812,	4791,	4810,	4789,	4802,	4795,	4778,	4995,	5014,	4993,	5006,	4999,	4982,	4961,	4980,	4959,	4972,	4965,	4948,	
7151,	7056,	7085,	7130,	7121,	7100,	7079,	7128,	7145,	7050,	7166,	7191,	7164,	7187,	7174,	7171,	7200,	7225,	7198,	7221,	7208,	7205,	6550,	6455,	6484,	6529,	6520,	6499,	6478,	6527,	6544,	6449,	6565,	6590,	6563,	6586,	6573,	6570,	6599,	6624,	6597,	6620,	6607,	6604,	4399,	4494,	4465,	4420,	4429,	4450,	4471,	4422,	4405,	4500,	4384,	4359,	4386,	4363,	4376,	4379,	4350,	4325,	4352,	4329,	4342,	4345,	4840,	4815,	4842,	4819,	4832,	4835,	4806,	4781,	4808,	4785,	4798,	4801,	5010,	4985,	5012,	4989,	5002,	5005,	4976,	4951,	4978,	4955,	4968,	4971,	
7084,	7087,	7054,	7149,	7082,	7125,	7052,	7147,	7080,	7077,	7163,	7180,	7189,	7172,	7193,	7178,	7197,	7214,	7223,	7206,	7227,	7212,	6483,	6486,	6453,	6548,	6481,	6524,	6451,	6546,	6479,	6476,	6562,	6579,	6588,	6571,	6592,	6577,	6596,	6613,	6622,	6605,	6626,	6611,	4466,	4463,	4496,	4401,	4468,	4425,	4498,	4403,	4470,	4473,	4387,	4370,	4361,	4378,	4357,	4372,	4353,	4336,	4327,	4344,	4323,	4338,	4843,	4826,	4817,	4834,	4813,	4828,	4809,	4792,	4783,	4800,	4779,	4794,	5013,	4996,	4987,	5004,	4983,	4998,	4979,	4962,	4953,	4970,	4949,	4964,	
7055,	7150,	7083,	7086,	7053,	7148,	7081,	7078,	7051,	7146,	7190,	7165,	7192,	7179,	7188,	7173,	7224,	7199,	7226,	7213,	7222,	7207,	6454,	6549,	6482,	6485,	6452,	6547,	6480,	6477,	6450,	6545,	6589,	6564,	6591,	6578,	6587,	6572,	6623,	6598,	6625,	6612,	6621,	6606,	4495,	4400,	4467,	4464,	4497,	4402,	4469,	4472,	4499,	4404,	4360,	4385,	4358,	4371,	4362,	4377,	4326,	4351,	4324,	4337,	4328,	4343,	4816,	4841,	4814,	4827,	4818,	4833,	4782,	4807,	4780,	4793,	4784,	4799,	4986,	5011,	4984,	4997,	4988,	5003,	4952,	4977,	4950,	4963,	4954,	4969,	
