1126,	1079,	1094,	1091,	1128,	1081,	1064,	1089,	1130,	1133,	1144,	1147,	1142,	1243,	1208,	1149,	1212,	1245,	1214,	1151,	1218,	1247,	412,	415,	410,	391,	476,	417,	480,	393,	482,	419,	486,	395,	596,	599,	594,	575,	540,	601,	544,	577,	546,	603,	550,	579,	2651,	2698,	2683,	2686,	2649,	2696,	2713,	2688,	2647,	2644,	2633,	2630,	2635,	2534,	2569,	2628,	2565,	2532,	2563,	2626,	2559,	2530,	3365,	3362,	3367,	3386,	3301,	3360,	3297,	3384,	3295,	3358,	3291,	3382,	3181,	3178,	3183,	3202,	3237,	3176,	3233,	3200,	3231,	3174,	3227,	3198,	
1093,	1096,	1127,	1080,	1063,	1090,	1129,	1132,	1113,	1088,	1141,	1242,	1145,	1148,	1211,	1244,	1185,	1150,	1171,	1246,	1215,	1152,	409,	390,	413,	416,	479,	392,	453,	418,	439,	394,	483,	420,	593,	574,	597,	600,	543,	576,	517,	602,	503,	578,	547,	604,	2684,	2681,	2650,	2697,	2714,	2687,	2648,	2645,	2664,	2689,	2636,	2535,	2632,	2629,	2566,	2533,	2592,	2627,	2606,	2531,	2562,	2625,	3368,	3387,	3364,	3361,	3298,	3385,	3324,	3359,	3338,	3383,	3294,	3357,	3184,	3203,	3180,	3177,	3234,	3201,	3260,	3175,	3274,	3199,	3230,	3173,	
1078,	1125,	1092,	1095,	1082,	1051,	1060,	1065,	1134,	1131,	1146,	1143,	1240,	1207,	1184,	1209,	1168,	1213,	1182,	1217,	1248,	1219,	414,	411,	388,	475,	452,	477,	436,	481,	450,	485,	396,	487,	598,	595,	572,	539,	516,	541,	500,	545,	514,	549,	580,	551,	2699,	2652,	2685,	2682,	2695,	2726,	2717,	2712,	2643,	2646,	2631,	2634,	2537,	2570,	2593,	2568,	2609,	2564,	2595,	2560,	2529,	2558,	3363,	3366,	3389,	3302,	3325,	3300,	3341,	3296,	3327,	3292,	3381,	3290,	3179,	3182,	3205,	3238,	3261,	3236,	3277,	3232,	3263,	3228,	3197,	3226,	
1097,	1100,	1077,	1052,	1067,	1062,	1083,	1112,	1087,	1114,	1241,	1140,	1191,	1210,	1205,	1186,	1183,	1170,	1203,	1172,	1153,	1216,	389,	408,	459,	478,	473,	454,	451,	438,	471,	440,	421,	484,	573,	592,	523,	542,	537,	518,	515,	502,	535,	504,	605,	548,	2680,	2677,	2700,	2725,	2710,	2715,	2694,	2665,	2690,	2663,	2536,	2637,	2586,	2567,	2572,	2591,	2594,	2607,	2574,	2605,	2624,	2561,	3388,	3369,	3318,	3299,	3304,	3323,	3326,	3339,	3306,	3337,	3356,	3293,	3204,	3185,	3254,	3235,	3240,	3259,	3262,	3275,	3242,	3273,	3172,	3229,	
1124,	1055,	1098,	1069,	1050,	1059,	1066,	1061,	1084,	1135,	1236,	1239,	1206,	1187,	1190,	1169,	1204,	1167,	1176,	1181,	1220,	1249,	384,	387,	474,	455,	458,	437,	472,	435,	444,	449,	488,	397,	568,	571,	538,	519,	522,	501,	536,	499,	508,	513,	552,	581,	2653,	2722,	2679,	2708,	2727,	2718,	2711,	2716,	2693,	2642,	2541,	2538,	2571,	2590,	2587,	2608,	2573,	2610,	2601,	2596,	2557,	2528,	3393,	3390,	3303,	3322,	3319,	3340,	3305,	3342,	3333,	3328,	3289,	3380,	3209,	3206,	3239,	3258,	3255,	3276,	3241,	3278,	3269,	3264,	3225,	3196,	
1099,	1076,	1101,	1056,	1053,	1068,	1111,	1106,	1115,	1086,	1139,	1194,	1237,	1192,	1163,	1166,	1189,	1180,	1173,	1202,	1177,	1154,	407,	462,	385,	460,	431,	434,	457,	448,	441,	470,	445,	422,	591,	526,	569,	524,	495,	498,	521,	512,	505,	534,	509,	606,	2678,	2701,	2676,	2721,	2724,	2709,	2666,	2671,	2662,	2691,	2638,	2583,	2540,	2585,	2614,	2611,	2588,	2597,	2604,	2575,	2600,	2623,	3370,	3315,	3392,	3317,	3346,	3343,	3320,	3329,	3336,	3307,	3332,	3355,	3186,	3251,	3208,	3253,	3282,	3279,	3256,	3265,	3272,	3243,	3268,	3171,	
1102,	1123,	1054,	1049,	1070,	1105,	1058,	1085,	1136,	1117,	1238,	1235,	1138,	1195,	1188,	1197,	1164,	1175,	1178,	1223,	1250,	1221,	386,	383,	406,	463,	456,	465,	432,	443,	446,	491,	398,	489,	570,	567,	590,	527,	520,	529,	496,	507,	510,	555,	582,	553,	2675,	2654,	2723,	2728,	2707,	2672,	2719,	2692,	2641,	2660,	2539,	2542,	2639,	2582,	2589,	2580,	2613,	2602,	2599,	2554,	2527,	2556,	3391,	3394,	3371,	3314,	3321,	3312,	3345,	3334,	3331,	3286,	3379,	3288,	3207,	3210,	3187,	3250,	3257,	3248,	3281,	3270,	3267,	3222,	3195,	3224,	
1075,	1048,	1073,	1104,	1057,	1110,	1107,	1116,	1039,	1042,	1137,	1232,	1193,	1162,	1165,	1228,	1179,	1198,	1201,	1174,	1155,	1224,	405,	380,	461,	430,	433,	376,	447,	466,	469,	442,	423,	492,	589,	564,	525,	494,	497,	560,	511,	530,	533,	506,	607,	556,	2702,	2729,	2704,	2673,	2720,	2667,	2670,	2661,	2738,	2735,	2640,	2545,	2584,	2615,	2612,	2549,	2598,	2579,	2576,	2603,	2622,	2553,	3372,	3397,	3316,	3347,	3344,	3401,	3330,	3311,	3308,	3335,	3354,	3285,	3188,	3213,	3252,	3283,	3280,	3217,	3266,	3247,	3244,	3271,	3170,	3221,	
1122,	1103,	1046,	1109,	1120,	1071,	1044,	1041,	1118,	1037,	1234,	1161,	1230,	1255,	1196,	1159,	1200,	1253,	1226,	1157,	1222,	1251,	382,	429,	378,	403,	464,	427,	468,	401,	374,	425,	490,	399,	566,	493,	562,	587,	528,	611,	532,	585,	558,	609,	554,	583,	2655,	2674,	2731,	2668,	2657,	2706,	2733,	2736,	2659,	2740,	2543,	2616,	2547,	2522,	2581,	2618,	2577,	2524,	2551,	2620,	2555,	2526,	3395,	3348,	3399,	3374,	3313,	3350,	3309,	3376,	3403,	3352,	3287,	3378,	3211,	3284,	3215,	3190,	3249,	3166,	3245,	3192,	3219,	3168,	3223,	3194,	
1047,	1074,	1121,	1072,	1045,	1108,	1119,	1038,	1043,	1040,	1231,	1256,	1233,	1160,	1229,	1254,	1227,	1158,	1199,	1252,	1225,	1156,	379,	404,	381,	428,	377,	402,	375,	426,	467,	400,	373,	424,	563,	588,	565,	612,	561,	586,	559,	610,	531,	584,	557,	608,	2730,	2703,	2656,	2705,	2732,	2669,	2658,	2739,	2734,	2737,	2546,	2521,	2544,	2617,	2548,	2523,	2550,	2619,	2578,	2525,	2552,	2621,	3398,	3373,	3396,	3349,	3400,	3375,	3402,	3351,	3310,	3377,	3404,	3353,	3214,	3189,	3212,	3165,	3216,	3191,	3218,	3167,	3246,	3193,	3220,	3169,	
1006,	1009,	1004,	1029,	1034,	1011,	1032,	1013,	1036,	919,	910,	895,	898,	1257,	908,	889,	1278,	1263,	1266,	1285,	1276,	1293,	356,	341,	344,	363,	354,	335,	768,	369,	372,	775,	766,	783,	756,	627,	624,	749,	614,	633,	728,	743,	740,	721,	730,	713,	2771,	2768,	2773,	2748,	2743,	2766,	2745,	2764,	2741,	2858,	2867,	2882,	2879,	2520,	2869,	2888,	2499,	2514,	2511,	2492,	2501,	2484,	3421,	3436,	3433,	3414,	3423,	3442,	3009,	3408,	3405,	3002,	3011,	2994,	3021,	3150,	3153,	3028,	3163,	3144,	3049,	3034,	3037,	3056,	3047,	3064,	
1003,	1028,	1007,	1010,	1031,	956,	1035,	918,	989,	1014,	897,	916,	909,	888,	899,	1258,	1265,	1284,	1277,	1292,	1267,	1286,	343,	362,	355,	334,	345,	364,	371,	774,	767,	782,	757,	776,	625,	750,	613,	634,	623,	748,	741,	722,	729,	714,	739,	720,	2774,	2749,	2770,	2767,	2746,	2821,	2742,	2859,	2788,	2763,	2880,	2861,	2868,	2889,	2878,	2519,	2512,	2493,	2500,	2485,	2510,	2491,	3434,	3415,	3422,	3443,	3432,	3413,	3406,	3003,	3010,	2995,	3020,	3001,	3152,	3027,	3164,	3143,	3154,	3029,	3036,	3055,	3048,	3063,	3038,	3057,	
1008,	1005,	1030,	959,	944,	1033,	1012,	957,	920,	917,	894,	911,	896,	1259,	890,	907,	1262,	1279,	1264,	1287,	1294,	1275,	340,	357,	342,	365,	336,	353,	368,	769,	370,	777,	784,	765,	628,	755,	626,	747,	632,	615,	744,	727,	742,	719,	712,	731,	2769,	2772,	2747,	2818,	2833,	2744,	2765,	2820,	2857,	2860,	2883,	2866,	2881,	2518,	2887,	2870,	2515,	2498,	2513,	2490,	2483,	2502,	3437,	3420,	3435,	3412,	3441,	3424,	3409,	3008,	3407,	3000,	2993,	3012,	3149,	3022,	3151,	3030,	3145,	3162,	3033,	3050,	3035,	3058,	3065,	3046,	
1027,	1002,	943,	940,	963,	958,	955,	988,	1015,	990,	915,	904,	913,	900,	887,	1260,	1283,	1272,	1281,	1268,	1291,	1288,	361,	350,	359,	346,	333,	366,	773,	762,	771,	758,	781,	778,	751,	618,	753,	622,	635,	746,	723,	734,	725,	738,	715,	718,	2750,	2775,	2834,	2837,	2814,	2819,	2822,	2789,	2762,	2787,	2862,	2873,	2864,	2877,	2890,	2517,	2494,	2505,	2496,	2509,	2486,	2489,	3416,	3427,	3418,	3431,	3444,	3411,	3004,	3015,	3006,	3019,	2996,	2999,	3026,	3159,	3024,	3155,	3142,	3031,	3054,	3043,	3052,	3039,	3062,	3059,	
942,	939,	966,	945,	960,	987,	962,	985,	954,	921,	912,	893,	902,	885,	906,	891,	1280,	1261,	1270,	1289,	1274,	1295,	358,	339,	348,	331,	352,	337,	770,	367,	760,	779,	764,	785,	754,	629,	620,	637,	616,	631,	726,	745,	736,	717,	732,	711,	2835,	2838,	2811,	2832,	2817,	2790,	2815,	2792,	2823,	2856,	2865,	2884,	2875,	2892,	2871,	2886,	2497,	2516,	2507,	2488,	2503,	2482,	3419,	3438,	3429,	3446,	3425,	3440,	3007,	3410,	3017,	2998,	3013,	2992,	3023,	3148,	3157,	3140,	3161,	3146,	3051,	3032,	3041,	3060,	3045,	3066,	
1001,	1026,	941,	964,	981,	984,	953,	922,	991,	1016,	903,	914,	905,	892,	901,	886,	1271,	1282,	1273,	1296,	1269,	1290,	349,	360,	351,	338,	347,	332,	761,	772,	763,	786,	759,	780,	619,	752,	617,	630,	621,	636,	735,	724,	733,	710,	737,	716,	2776,	2751,	2836,	2813,	2796,	2793,	2824,	2855,	2786,	2761,	2874,	2863,	2872,	2885,	2876,	2891,	2506,	2495,	2504,	2481,	2508,	2487,	3428,	3417,	3426,	3439,	3430,	3445,	3016,	3005,	3014,	2991,	3018,	2997,	3158,	3025,	3160,	3147,	3156,	3141,	3042,	3053,	3044,	3067,	3040,	3061,	
938,	965,	982,	967,	946,	961,	986,	971,	950,	923,	882,	861,	858,	875,	884,	867,	848,	1311,	1308,	841,	1298,	1317,	328,	835,	832,	321,	330,	313,	822,	801,	798,	815,	788,	807,	640,	661,	664,	647,	638,	655,	674,	695,	698,	681,	708,	689,	2839,	2812,	2795,	2810,	2831,	2816,	2791,	2806,	2827,	2854,	2895,	2916,	2919,	2902,	2893,	2910,	2929,	2466,	2469,	2936,	2479,	2460,	3449,	2942,	2945,	3456,	3447,	3464,	2955,	2976,	2979,	2962,	2989,	2970,	3137,	3116,	3113,	3130,	3139,	3122,	3103,	3082,	3079,	3096,	3069,	3088,	
1025,	1000,	937,	980,	983,	970,	975,	952,	1017,	992,	859,	876,	883,	868,	857,	874,	1309,	842,	1297,	1318,	1307,	840,	833,	322,	329,	314,	831,	320,	799,	816,	787,	808,	797,	814,	663,	646,	639,	654,	665,	648,	697,	680,	709,	688,	699,	682,	2752,	2777,	2840,	2797,	2794,	2807,	2802,	2825,	2760,	2785,	2918,	2901,	2894,	2909,	2920,	2903,	2468,	2935,	2480,	2459,	2470,	2937,	2944,	3455,	3448,	3463,	2946,	3457,	2978,	2961,	2990,	2969,	2980,	2963,	3114,	3131,	3138,	3123,	3112,	3129,	3080,	3097,	3068,	3089,	3078,	3095,	
936,	979,	968,	947,	974,	977,	972,	949,	924,	951,	862,	881,	860,	873,	866,	849,	1312,	847,	1310,	839,	1316,	1299,	836,	327,	834,	319,	312,	823,	802,	821,	800,	813,	806,	789,	660,	641,	662,	649,	656,	673,	694,	675,	696,	683,	690,	707,	2841,	2798,	2809,	2830,	2803,	2800,	2805,	2828,	2853,	2826,	2915,	2896,	2917,	2904,	2911,	2928,	2465,	2930,	2467,	2938,	2461,	2478,	2941,	3450,	2943,	3458,	3465,	2954,	2975,	2956,	2977,	2964,	2971,	2988,	3117,	3136,	3115,	3128,	3121,	3104,	3083,	3102,	3081,	3094,	3087,	3070,	
999,	1024,	933,	978,	969,	948,	927,	976,	993,	1018,	877,	852,	879,	856,	869,	872,	843,	1302,	845,	1306,	1319,	838,	323,	826,	325,	830,	315,	318,	817,	792,	819,	796,	809,	812,	645,	670,	643,	666,	653,	650,	679,	704,	677,	700,	687,	684,	2778,	2753,	2844,	2799,	2808,	2829,	2850,	2801,	2784,	2759,	2900,	2925,	2898,	2921,	2908,	2905,	2934,	2475,	2932,	2471,	2458,	2939,	3454,	2951,	3452,	2947,	3462,	3459,	2960,	2985,	2958,	2981,	2968,	2965,	3132,	3107,	3134,	3111,	3124,	3127,	3098,	3073,	3100,	3077,	3090,	3093,	
932,	935,	1022,	997,	930,	973,	1020,	995,	928,	925,	880,	863,	854,	871,	850,	865,	846,	1313,	1304,	1321,	1300,	1315,	326,	837,	828,	317,	824,	311,	820,	803,	794,	811,	790,	805,	642,	659,	668,	651,	672,	657,	676,	693,	702,	685,	706,	691,	2845,	2842,	2755,	2780,	2847,	2804,	2757,	2782,	2849,	2852,	2897,	2914,	2923,	2906,	2927,	2912,	2931,	2464,	2473,	2456,	2477,	2462,	3451,	2940,	2949,	3460,	2953,	3466,	2957,	2974,	2983,	2966,	2987,	2972,	3135,	3118,	3109,	3126,	3105,	3120,	3101,	3084,	3075,	3092,	3071,	3086,	
1023,	998,	931,	934,	1021,	996,	929,	926,	1019,	994,	853,	878,	851,	864,	855,	870,	1303,	844,	1301,	1314,	1305,	1320,	827,	324,	825,	310,	829,	316,	793,	818,	791,	804,	795,	810,	669,	644,	671,	658,	667,	652,	703,	678,	705,	692,	701,	686,	2754,	2779,	2846,	2843,	2756,	2781,	2848,	2851,	2758,	2783,	2924,	2899,	2926,	2913,	2922,	2907,	2474,	2933,	2476,	2463,	2472,	2457,	2950,	3453,	2952,	3467,	2948,	3461,	2984,	2959,	2986,	2973,	2982,	2967,	3108,	3133,	3106,	3119,	3110,	3125,	3074,	3099,	3072,	3085,	3076,	3091,	
1679,	1796,	1681,	1776,	1771,	1794,	1773,	1792,	1769,	1766,	1824,	1809,	1812,	1831,	1822,	1803,	1324,	1837,	1840,	1331,	1322,	1339,	1850,	295,	298,	1857,	308,	289,	1878,	1863,	1866,	1885,	1876,	1893,	140,	125,	128,	147,	138,	119,	168,	153,	156,	175,	166,	183,	4214,	4097,	4212,	4117,	4122,	4099,	4120,	4101,	4124,	4127,	4069,	4084,	4081,	4062,	4071,	4090,	2453,	4056,	4053,	2446,	2455,	2438,	4043,	3482,	3479,	4036,	3469,	3488,	4015,	4030,	4027,	4008,	4017,	4000,	3637,	3652,	3649,	3630,	3639,	3658,	3609,	3624,	3621,	3602,	3611,	3594,	
1682,	1777,	1798,	1795,	1774,	1729,	1770,	1767,	1696,	1791,	1811,	1830,	1823,	1802,	1813,	1832,	1839,	1330,	1323,	1338,	1841,	1332,	297,	1856,	309,	288,	299,	1858,	1865,	1884,	1877,	1892,	1867,	1886,	127,	146,	139,	118,	129,	148,	155,	174,	167,	182,	157,	176,	4211,	4116,	4095,	4098,	4119,	4164,	4123,	4126,	4197,	4102,	4082,	4063,	4070,	4091,	4080,	4061,	4054,	2447,	2454,	2439,	4052,	2445,	3480,	4037,	3468,	3489,	3478,	4035,	4028,	4009,	4016,	4001,	4026,	4007,	3650,	3631,	3638,	3659,	3648,	3629,	3622,	3603,	3610,	3595,	3620,	3601,	
1797,	1680,	1775,	1726,	1741,	1772,	1793,	1728,	1765,	1768,	1808,	1825,	1810,	1833,	1804,	1821,	1836,	1325,	1838,	1333,	1340,	1849,	294,	1851,	296,	1859,	290,	307,	1862,	1879,	1864,	1887,	1894,	1875,	124,	141,	126,	149,	120,	137,	152,	169,	154,	177,	184,	165,	4096,	4213,	4118,	4167,	4152,	4121,	4100,	4165,	4128,	4125,	4085,	4068,	4083,	4060,	4089,	4072,	4057,	2452,	4055,	2444,	2437,	4044,	3483,	4042,	3481,	4034,	3487,	3470,	4031,	4014,	4029,	4006,	3999,	4018,	3653,	3636,	3651,	3628,	3657,	3640,	3625,	3608,	3623,	3600,	3593,	3612,	
1778,	1683,	1742,	1745,	1722,	1727,	1730,	1697,	1790,	1695,	1829,	1818,	1827,	1814,	1801,	1834,	1329,	1846,	1327,	1842,	1337,	1334,	1855,	304,	1853,	300,	287,	1860,	1883,	1872,	1881,	1868,	1891,	1888,	145,	134,	143,	130,	117,	150,	173,	162,	171,	158,	181,	178,	4115,	4210,	4151,	4148,	4171,	4166,	4163,	4196,	4103,	4198,	4064,	4075,	4066,	4079,	4092,	4059,	2448,	4047,	2450,	4051,	2440,	2443,	4038,	3473,	4040,	3477,	3490,	4033,	4010,	4021,	4012,	4025,	4002,	4005,	3632,	3643,	3634,	3647,	3660,	3627,	3604,	3615,	3606,	3619,	3596,	3599,	
1743,	1746,	1719,	1740,	1725,	1698,	1723,	1700,	1731,	1764,	1826,	1807,	1816,	1799,	1820,	1805,	1326,	1835,	1844,	1335,	1848,	1341,	1852,	293,	302,	285,	306,	291,	1880,	1861,	1870,	1889,	1874,	1895,	142,	123,	132,	115,	136,	121,	170,	151,	160,	179,	164,	185,	4150,	4147,	4174,	4153,	4168,	4195,	4170,	4193,	4162,	4129,	4067,	4086,	4077,	4094,	4073,	4088,	2451,	4058,	4049,	2442,	4045,	2436,	4041,	3484,	3475,	3492,	3471,	3486,	4013,	4032,	4023,	4004,	4019,	3998,	3635,	3654,	3645,	3662,	3641,	3656,	3607,	3626,	3617,	3598,	3613,	3592,	
1684,	1779,	1744,	1721,	1704,	1701,	1732,	1763,	1694,	1789,	1817,	1828,	1819,	1806,	1815,	1800,	1845,	1328,	1847,	1342,	1843,	1336,	303,	1854,	305,	292,	301,	286,	1871,	1882,	1873,	1896,	1869,	1890,	133,	144,	135,	122,	131,	116,	161,	172,	163,	186,	159,	180,	4209,	4114,	4149,	4172,	4189,	4192,	4161,	4130,	4199,	4104,	4076,	4065,	4074,	4087,	4078,	4093,	4048,	2449,	4046,	2435,	4050,	2441,	3474,	4039,	3472,	3485,	3476,	3491,	4022,	4011,	4020,	3997,	4024,	4003,	3644,	3633,	3642,	3655,	3646,	3661,	3616,	3605,	3614,	3591,	3618,	3597,	
1747,	1720,	1703,	1718,	1739,	1724,	1699,	1714,	1735,	1762,	1412,	1391,	1388,	1405,	1414,	1397,	1378,	1357,	1354,	1371,	1344,	1363,	282,	261,	258,	275,	284,	267,	248,	1911,	1908,	241,	1898,	1917,	112,	235,	232,	105,	114,	97,		222,	201,	198,	215,	188,	207,	4146,	4173,	4190,	4175,	4154,	4169,	4194,	4179,	4158,	4131,	2365,	2386,	2389,	2372,	2363,	2380,	2399,	2420,	2423,	2406,	2433,	2414,	3495,	3516,	3519,	3502,	3493,	3510,	3529,	3982,	3985,	3536,	3995,	3976,	3665,	3542,	3545,	3672,	3663,	3680,	3555,	3576,	3579,	3562,	3589,	3570,	
1780,	1685,	1748,	1705,	1702,	1715,	1710,	1733,	1788,	1693,	1389,	1406,	1413,	1398,	1387,	1404,	1355,	1372,	1343,	1364,	1353,	1370,	259,	276,	283,	268,	257,	274,	1909,	242,	1897,	1918,	1907,	240,	233,	106,	113,	98,		231,	104,	199,	216,	187,	208,	197,	214,	4113,	4208,	4145,	4188,	4191,	4178,	4183,	4160,	4105,	4200,	2388,	2371,	2364,	2379,	2390,	2373,	2422,	2405,	2434,	2413,	2424,	2407,	3518,	3501,	3494,	3509,	3520,	3503,	3984,	3535,	3996,	3975,	3986,	3537,	3544,	3671,	3664,	3679,	3546,	3673,	3578,	3561,	3590,	3569,	3580,	3563,	
1749,	1706,	1717,	1738,	1711,	1708,	1713,	1736,	1761,	1734,	1392,	1411,	1390,	1403,	1396,	1379,	1358,	1377,	1356,	1369,	1362,	1345,	262,	281,	260,	273,	266,	249,	1912,	247,	1910,	239,	1916,	1899,	236,	111,	234,	103,	96,		223,	202,	221,	200,	213,	206,	189,	4144,	4187,	4176,	4155,	4182,	4185,	4180,	4157,	4132,	4159,	2385,	2366,	2387,	2374,	2381,	2398,	2419,	2400,	2421,	2408,	2415,	2432,	3515,	3496,	3517,	3504,	3511,	3528,	3981,	3530,	3983,	3538,	3977,	3994,	3541,	3666,	3543,	3674,	3681,	3554,	3575,	3556,	3577,	3564,	3571,	3588,	
1686,	1781,	1752,	1707,	1716,	1737,	1758,	1709,	1692,	1787,	1407,	1382,	1409,	1386,	1399,	1402,	1373,	1348,	1375,	1352,	1365,	1368,	277,	252,	279,	256,	269,	272,	243,	1902,	245,	1906,	1919,	238,	107,	226,	109,	230,	99,		102,	217,	192,	219,	196,	209,	212,	4207,	4112,	4141,	4186,	4177,	4156,	4135,	4184,	4201,	4106,	2370,	2395,	2368,	2391,	2378,	2375,	2404,	2429,	2402,	2425,	2412,	2409,	3500,	3525,	3498,	3521,	3508,	3505,	3534,	3991,	3532,	3987,	3974,	3539,	3670,	3551,	3668,	3547,	3678,	3675,	3560,	3585,	3558,	3581,	3568,	3565,	
1753,	1750,	1783,	1688,	1755,	1712,	1785,	1690,	1757,	1760,	1410,	1393,	1384,	1401,	1380,	1395,	1376,	1359,	1350,	1367,	1346,	1361,	280,	263,	254,	271,	250,	265,	246,	1913,	1904,	1921,	1900,	1915,	110,	237,	228,	101,	224,	95,		220,	203,	194,	211,	190,	205,	4140,	4143,	4110,	4205,	4138,	4181,	4108,	4203,	4136,	4133,	2367,	2384,	2393,	2376,	2397,	2382,	2401,	2418,	2427,	2410,	2431,	2416,	3497,	3514,	3523,	3506,	3527,	3512,	3531,	3980,	3989,	3972,	3993,	3978,	3667,	3540,	3549,	3676,	3553,	3682,	3557,	3574,	3583,	3566,	3587,	3572,	
1782,	1687,	1754,	1751,	1784,	1689,	1756,	1759,	1786,	1691,	1383,	1408,	1381,	1394,	1385,	1400,	1349,	1374,	1347,	1360,	1351,	1366,	253,	278,	251,	264,	255,	270,	1903,	244,	1901,	1914,	1905,	1920,	227,	108,	225,	94,		229,	100,	193,	218,	191,	204,	195,	210,	4111,	4206,	4139,	4142,	4109,	4204,	4137,	4134,	4107,	4202,	2394,	2369,	2396,	2383,	2392,	2377,	2428,	2403,	2430,	2417,	2426,	2411,	3524,	3499,	3526,	3513,	3522,	3507,	3990,	3533,	3992,	3979,	3988,	3973,	3550,	3669,	3552,	3683,	3548,	3677,	3584,	3559,	3586,	3573,	3582,	3567,	
1559,	1676,	1561,	1656,	1651,	1674,	1653,	1672,	1649,	1646,	1440,	1425,	1428,	1447,	1438,	1419,	1468,	1453,	1456,	1475,	1466,	1483,	2040,	2025,	2028,	2047,	2038,	2019,	1924,	2053,	2056,	1931,	1922,	1939,	2066,	79,		82,		2073,	92,		73,		2094,	2079,	2082,	2101,	2092,	2109,	2218,	4217,	2216,	2121,	2126,	4219,	2124,	4221,	2128,	2131,	2337,	2352,	2349,	2330,	2339,	2358,	2309,	2324,	2321,	2302,	2311,	2294,	3853,	3868,	3865,	3846,	3855,	3874,	3969,	3840,	3837,	3962,	3971,	3954,	3827,	3698,	3695,	3820,	3685,	3704,	3799,	3814,	3811,	3792,	3801,	3784,	
1562,	1657,	1678,	1675,	1654,	1609,	1650,	1647,	1576,	1671,	1427,	1446,	1439,	1418,	1429,	1448,	1455,	1474,	1467,	1482,	1457,	1476,	2027,	2046,	2039,	2018,	2029,	2048,	2055,	1930,	1923,	1938,	2057,	1932,	81,		2072,	93,		72,		83,		2074,	2081,	2100,	2093,	2108,	2083,	2102,	2215,	2120,	4215,	4218,	2123,	2168,	2127,	2130,	2201,	4222,	2350,	2331,	2338,	2359,	2348,	2329,	2322,	2303,	2310,	2295,	2320,	2301,	3866,	3847,	3854,	3875,	3864,	3845,	3838,	3963,	3970,	3955,	3836,	3961,	3696,	3821,	3684,	3705,	3694,	3819,	3812,	3793,	3800,	3785,	3810,	3791,	
1677,	1560,	1655,	1606,	1621,	1652,	1673,	1608,	1645,	1648,	1424,	1441,	1426,	1449,	1420,	1437,	1452,	1469,	1454,	1477,	1484,	1465,	2024,	2041,	2026,	2049,	2020,	2037,	2052,	1925,	2054,	1933,	1940,	2065,	78,		2067,	80,		2075,	74,		91,		2078,	2095,	2080,	2103,	2110,	2091,	4216,	2217,	2122,	2171,	2156,	2125,	4220,	2169,	2132,	2129,	2353,	2336,	2351,	2328,	2357,	2340,	2325,	2308,	2323,	2300,	2293,	2312,	3869,	3852,	3867,	3844,	3873,	3856,	3841,	3968,	3839,	3960,	3953,	3828,	3699,	3826,	3697,	3818,	3703,	3686,	3815,	3798,	3813,	3790,	3783,	3802,	
1658,	1563,	1622,	1625,	1602,	1607,	1610,	1577,	1670,	1575,	1445,	1434,	1443,	1430,	1417,	1450,	1473,	1462,	1471,	1458,	1481,	1478,	2045,	2034,	2043,	2030,	2017,	2050,	1929,	2062,	1927,	2058,	1937,	1934,	2071,	88,		2069,	84,		71,		2076,	2099,	2088,	2097,	2084,	2107,	2104,	2119,	2214,	2155,	2152,	2175,	2170,	2167,	2200,	4223,	2202,	2332,	2343,	2334,	2347,	2360,	2327,	2304,	2315,	2306,	2319,	2296,	2299,	3848,	3859,	3850,	3863,	3876,	3843,	3964,	3831,	3966,	3835,	3956,	3959,	3822,	3689,	3824,	3693,	3706,	3817,	3794,	3805,	3796,	3809,	3786,	3789,	
1623,	1626,	1599,	1620,	1605,	1578,	1603,	1580,	1611,	1644,	1442,	1423,	1432,	1415,	1436,	1421,	1470,	1451,	1460,	1479,	1464,	1485,	2042,	2023,	2032,	2015,	2036,	2021,	1926,	2051,	2060,	1935,	2064,	1941,	2068,	77,		86,		69,		90,		75,		2096,	2077,	2086,	2105,	2090,	2111,	2154,	2151,	2178,	2157,	2172,	2199,	2174,	2197,	2166,	2133,	2335,	2354,	2345,	2362,	2341,	2356,	2307,	2326,	2317,	2298,	2313,	2292,	3851,	3870,	3861,	3878,	3857,	3872,	3967,	3842,	3833,	3958,	3829,	3952,	3825,	3700,	3691,	3708,	3687,	3702,	3797,	3816,	3807,	3788,	3803,	3782,	
1564,	1659,	1624,	1601,	1584,	1581,	1612,	1643,	1574,	1669,	1433,	1444,	1435,	1422,	1431,	1416,	1461,	1472,	1463,	1486,	1459,	1480,	2033,	2044,	2035,	2022,	2031,	2016,	2061,	1928,	2063,	1942,	2059,	1936,	87,		2070,	89,		76,		85,		70,		2087,	2098,	2089,	2112,	2085,	2106,	2213,	2118,	2153,	2176,	2193,	2196,	2165,	2134,	2203,	4224,	2344,	2333,	2342,	2355,	2346,	2361,	2316,	2305,	2314,	2291,	2318,	2297,	3860,	3849,	3858,	3871,	3862,	3877,	3832,	3965,	3830,	3951,	3834,	3957,	3690,	3823,	3688,	3701,	3692,	3707,	3806,	3795,	3804,	3781,	3808,	3787,	
1627,	1600,	1583,	1598,	1619,	1604,	1579,	1594,	1615,	1642,	1556,	1535,	1532,	1549,	1558,	1541,	1522,	1501,	1498,	1515,	1488,	1507,	2012,	1991,	1988,	2005,	2014,	1997,	1978,	1957,	1954,	1971,	1944,	1963,	66,		45,		42,		59,		68,		51,		32,		11,		8,		25,		2114,	17,		2150,	2177,	2194,	2179,	2158,	2173,	2198,	2183,	2162,	2135,	2221,	2242,	2245,	2228,	2219,	2236,	2255,	2276,	2279,	2262,	2289,	2270,	3881,	3902,	3905,	3888,	3879,	3896,	3915,	3936,	3939,	3922,	3949,	3930,	3711,	3732,	3735,	3718,	3709,	3726,	3745,	3766,	3769,	3752,	3779,	3760,	
1660,	1565,	1628,	1585,	1582,	1595,	1590,	1613,	1668,	1573,	1533,	1550,	1557,	1542,	1531,	1548,	1499,	1516,	1487,	1508,	1497,	1514,	1989,	2006,	2013,	1998,	1987,	2004,	1955,	1972,	1943,	1964,	1953,	1970,	43,		60,		67,		52,		41,		58,		9,		26,		2113,	18,		7,		24,		2117,	2212,	2149,	2192,	2195,	2182,	2187,	2164,	4225,	2204,	2244,	2227,	2220,	2235,	2246,	2229,	2278,	2261,	2290,	2269,	2280,	2263,	3904,	3887,	3880,	3895,	3906,	3889,	3938,	3921,	3950,	3929,	3940,	3923,	3734,	3717,	3710,	3725,	3736,	3719,	3768,	3751,	3780,	3759,	3770,	3753,	
1629,	1586,	1597,	1618,	1591,	1588,	1593,	1616,	1641,	1614,	1536,	1555,	1534,	1547,	1540,	1523,	1502,	1521,	1500,	1513,	1506,	1489,	1992,	2011,	1990,	2003,	1996,	1979,	1958,	1977,	1956,	1969,	1962,	1945,	46,		65,		44,		57,		50,		33,		12,		31,		10,		23,		16,		2115,	2148,	2191,	2180,	2159,	2186,	2189,	2184,	2161,	2136,	2163,	2241,	2222,	2243,	2230,	2237,	2254,	2275,	2256,	2277,	2264,	2271,	2288,	3901,	3882,	3903,	3890,	3897,	3914,	3935,	3916,	3937,	3924,	3931,	3948,	3731,	3712,	3733,	3720,	3727,	3744,	3765,	3746,	3767,	3754,	3761,	3778,	
1566,	1661,	1632,	1587,	1596,	1617,	1638,	1589,	1572,	1667,	1551,	1526,	1553,	1530,	1543,	1546,	1517,	1492,	1519,	1496,	1509,	1512,	2007,	1982,	2009,	1986,	1999,	2002,	1973,	1948,	1975,	1952,	1965,	1968,	61,		36,		63,		40,		53,		56,		27,		2,		29,		6,		19,		22,		2211,	2116,	2145,	2190,	2181,	2160,	2139,	2188,	2205,	4226,	2226,	2251,	2224,	2247,	2234,	2231,	2260,	2285,	2258,	2281,	2268,	2265,	3886,	3911,	3884,	3907,	3894,	3891,	3920,	3945,	3918,	3941,	3928,	3925,	3716,	3741,	3714,	3737,	3724,	3721,	3750,	3775,	3748,	3771,	3758,	3755,	
1633,	1630,	1663,	1568,	1635,	1592,	1665,	1570,	1637,	1640,	1554,	1537,	1528,	1545,	1524,	1539,	1520,	1503,	1494,	1511,	1490,	1505,	2010,	1993,	1984,	2001,	1980,	1995,	1976,	1959,	1950,	1967,	1946,	1961,	64,		47,		38,		55,		34,		49,		30,		13,		4,		21,		0,		15,		2144,	2147,	4230,	2209,	2142,	2185,	4228,	2207,	2140,	2137,	2223,	2240,	2249,	2232,	2253,	2238,	2257,	2274,	2283,	2266,	2287,	2272,	3883,	3900,	3909,	3892,	3913,	3898,	3917,	3934,	3943,	3926,	3947,	3932,	3713,	3730,	3739,	3722,	3743,	3728,	3747,	3764,	3773,	3756,	3777,	3762,	
1662,	1567,	1634,	1631,	1664,	1569,	1636,	1639,	1666,	1571,	1527,	1552,	1525,	1538,	1529,	1544,	1493,	1518,	1491,	1504,	1495,	1510,	1983,	2008,	1981,	1994,	1985,	2000,	1949,	1974,	1947,	1960,	1951,	1966,	37,		62,		35,		48,		39,		54,		3,		28,		1,		14,		5,		20,		4231,	2210,	2143,	2146,	4229,	2208,	2141,	2138,	4227,	2206,	2250,	2225,	2252,	2239,	2248,	2233,	2284,	2259,	2286,	2273,	2282,	2267,	3910,	3885,	3912,	3899,	3908,	3893,	3944,	3919,	3946,	3933,	3942,	3927,	3740,	3715,	3742,	3729,	3738,	3723,	3774,	3749,	3776,	3763,	3772,	3757,	
6894,	6847,	6862,	6859,	6896,	6849,	6832,	6857,	6898,	6901,	6912,	6915,	6910,	7011,	6976,	6917,	6980,	7013,	6982,	6919,	6986,	7015,	8296,	8299,	8294,	8275,	8360,	8301,	8364,	8277,	8366,	8303,	8370,	8279,	6364,	6367,	6362,	8459,	8424,	6369,	8428,	8461,	8430,	6371,	8434,	8463,	4264,	6333,	4232,	6345,	4266,	6335,	6318,	6343,	4268,	4271,	4282,	4285,	4280,	4381,	4346,	4287,	4350,	4383,	4352,	4289,	4356,	4385,	5666,	5669,	5664,	5645,	5730,	5671,	5734,	5647,	5736,	5673,	5740,	5649,	5850,	5853,	5848,	5829,	5794,	5855,	5798,	5831,	5800,	5857,	5804,	5833,	
6861,	6864,	6895,	6848,	6831,	6858,	6897,	6900,	6881,	6856,	6909,	7010,	6913,	6916,	6979,	7012,	6953,	6918,	6939,	7014,	6983,	6920,	8293,	8274,	8297,	8300,	8363,	8276,	8337,	8302,	8323,	8278,	8367,	8304,	6361,	8458,	6365,	6368,	8427,	8460,	8401,	6370,	8387,	8462,	8431,	6372,	6347,	4234,	4265,	6334,	6317,	6344,	4267,	4270,	4251,	6342,	4279,	4380,	4283,	4286,	4349,	4382,	4323,	4288,	4309,	4384,	4353,	4290,	5663,	5644,	5667,	5670,	5733,	5646,	5707,	5672,	5693,	5648,	5737,	5674,	5847,	5828,	5851,	5854,	5797,	5830,	5771,	5856,	5757,	5832,	5801,	5858,	
6846,	6893,	6860,	6863,	6850,	6819,	6828,	6833,	6902,	6899,	6914,	6911,	7008,	6975,	6952,	6977,	6936,	6981,	6950,	6985,	7016,	6987,	8298,	8295,	8272,	8359,	8336,	8361,	8320,	8365,	8334,	8369,	8280,	8371,	6366,	6363,	8456,	8423,	8400,	8425,	8384,	8429,	8398,	8433,	6348,	8435,	6332,	4263,	6346,	4233,	6336,	6305,	6314,	6319,	4272,	4269,	4284,	4281,	4378,	4345,	4322,	4347,	4306,	4351,	4320,	4355,	4386,	4357,	5668,	5665,	5642,	5729,	5706,	5731,	5690,	5735,	5704,	5739,	5650,	5741,	5852,	5849,	5826,	5793,	5770,	5795,	5754,	5799,	5768,	5803,	5834,	5805,	
6865,	6868,	6845,	6820,	6835,	6830,	6851,	6880,	6855,	6882,	7009,	6908,	6959,	6978,	6973,	6954,	6951,	6938,	6971,	6940,	6921,	6984,	8273,	8292,	8343,	8362,	8357,	8338,	8335,	8322,	8355,	8324,	8305,	8368,	8457,	6360,	8407,	8426,	8421,	8402,	8399,	8386,	8419,	8388,	6373,	8432,	4235,	4238,	6331,	6306,	6321,	6316,	6337,	4250,	6341,	4252,	4379,	4278,	4329,	4348,	4343,	4324,	4321,	4308,	4341,	4310,	4291,	4354,	5643,	5662,	5713,	5732,	5727,	5708,	5705,	5692,	5725,	5694,	5675,	5738,	5827,	5846,	5777,	5796,	5791,	5772,	5769,	5756,	5789,	5758,	5859,	5802,	
6892,	6823,	6866,	6837,	6818,	6827,	6834,	6829,	6852,	6903,	7004,	7007,	6974,	6955,	6958,	6937,	6972,	6935,	6944,	6949,	6988,	7017,	8268,	8271,	8358,	8339,	8342,	8321,	8356,	8319,	8328,	8333,	8372,	8281,	8452,	8455,	8422,	8403,	8406,	8385,	8420,	8383,	8392,	8397,	8436,	6349,	4262,	6309,	4236,	6323,	6304,	6313,	6320,	6315,	6338,	4273,	4374,	4377,	4344,	4325,	4328,	4307,	4342,	4305,	4314,	4319,	4358,	4387,	5638,	5641,	5728,	5709,	5712,	5691,	5726,	5689,	5698,	5703,	5742,	5651,	5822,	5825,	5792,	5773,	5776,	5755,	5790,	5753,	5762,	5767,	5806,	5835,	
6867,	6844,	6869,	6824,	6821,	6836,	6879,	6874,	6883,	6854,	6907,	6962,	7005,	6960,	6931,	6934,	6957,	6948,	6941,	6970,	6945,	6922,	8291,	8346,	8269,	8344,	8315,	8318,	8341,	8332,	8325,	8354,	8329,	8306,	6359,	8410,	8453,	8408,	8379,	8382,	8405,	8396,	8389,	8418,	8393,	6374,	4237,	6330,	4239,	6310,	6307,	6322,	4249,	4244,	4253,	6340,	4277,	4332,	4375,	4330,	4301,	4304,	4327,	4318,	4311,	4340,	4315,	4292,	5661,	5716,	5639,	5714,	5685,	5688,	5711,	5702,	5695,	5724,	5699,	5676,	5845,	5780,	5823,	5778,	5749,	5752,	5775,	5766,	5759,	5788,	5763,	5860,	
6870,	6891,	6822,	6817,	6838,	6873,	6826,	6853,	6904,	6885,	7006,	7003,	6906,	6963,	6956,	6965,	6932,	6943,	6946,	6991,	7018,	6989,	8270,	8267,	8290,	8347,	8340,	8349,	8316,	8327,	8330,	8375,	8282,	8373,	8454,	8451,	6358,	8411,	8404,	8413,	8380,	8391,	8394,	8439,	6350,	8437,	4240,	4261,	6308,	6303,	6324,	4243,	6312,	6339,	4274,	4255,	4376,	4373,	4276,	4333,	4326,	4335,	4302,	4313,	4316,	4361,	4388,	4359,	5640,	5637,	5660,	5717,	5710,	5719,	5686,	5697,	5700,	5745,	5652,	5743,	5824,	5821,	5844,	5781,	5774,	5783,	5750,	5761,	5764,	5809,	5836,	5807,	
6843,	6816,	6841,	6872,	6825,	6878,	6875,	6884,	6807,	6810,	6905,	7000,	6961,	6930,	6933,	6996,	6947,	6966,	6969,	6942,	6923,	6992,	8289,	8264,	8345,	8314,	8317,	8260,	8331,	8350,	8353,	8326,	8307,	8376,	6357,	8448,	8409,	8378,	8381,	8444,	8395,	8414,	8417,	8390,	6375,	8440,	6329,	6302,	6327,	4242,	6311,	4248,	4245,	4254,	6293,	6296,	4275,	4370,	4331,	4300,	4303,	4366,	4317,	4336,	4339,	4312,	4293,	4362,	5659,	5634,	5715,	5684,	5687,	5630,	5701,	5720,	5723,	5696,	5677,	5746,	5843,	5818,	5779,	5748,	5751,	5814,	5765,	5784,	5787,	5760,	5861,	5810,	
6890,	6871,	6814,	6877,	6888,	6839,	6812,	6809,	6886,	6805,	7002,	6929,	6998,	7023,	6964,	6927,	6968,	7021,	6994,	6925,	6990,	7019,	8266,	8313,	8262,	8287,	8348,	8311,	8352,	8285,	8258,	8309,	8374,	8283,	8450,	8377,	8446,	6355,	8412,	6379,	8416,	6353,	8442,	6377,	8438,	6351,	4260,	4241,	6300,	4247,	4258,	6325,	6298,	6295,	4256,	6291,	4372,	4299,	4368,	4393,	4334,	4297,	4338,	4391,	4364,	4295,	4360,	4389,	5636,	5683,	5632,	5657,	5718,	5681,	5722,	5655,	5628,	5679,	5744,	5653,	5820,	5747,	5816,	5841,	5782,	5865,	5786,	5839,	5812,	5863,	5808,	5837,	
6815,	6842,	6889,	6840,	6813,	6876,	6887,	6806,	6811,	6808,	6999,	7024,	7001,	6928,	6997,	7022,	6995,	6926,	6967,	7020,	6993,	6924,	8263,	8288,	8265,	8312,	8261,	8286,	8259,	8310,	8351,	8284,	8257,	8308,	8447,	6356,	8449,	6380,	8445,	6354,	8443,	6378,	8415,	6352,	8441,	6376,	6301,	6328,	4259,	6326,	6299,	4246,	4257,	6292,	6297,	6294,	4369,	4394,	4371,	4298,	4367,	4392,	4365,	4296,	4337,	4390,	4363,	4294,	5633,	5658,	5635,	5682,	5631,	5656,	5629,	5680,	5721,	5654,	5627,	5678,	5817,	5842,	5819,	5866,	5815,	5840,	5813,	5864,	5785,	5838,	5811,	5862,	
6774,	6777,	6772,	6797,	6802,	6779,	6800,	6781,	6804,	6687,	6678,	6663,	6666,	7025,	6676,	6657,	7046,	7031,	7034,	7053,	7044,	7061,	8240,	8225,	8228,	8247,	8238,	8219,	6536,	8253,	8256,	6543,	6534,	6551,	6524,	6395,	6392,	6517,	6382,	6401,	6496,	6511,	6508,	6489,	6498,	6481,	6260,	6263,	6258,	6283,	6288,	6265,	6286,	6267,	6290,	6173,	6164,	6149,	6152,	4395,	6162,	6143,	4416,	4401,	4404,	4423,	4414,	4431,	5610,	5595,	5598,	5617,	5608,	5589,	6022,	5623,	5626,	6029,	6020,	6037,	6010,	5881,	5878,	6003,	5868,	5887,	5982,	5997,	5994,	5975,	5984,	5967,	
6771,	6796,	6775,	6778,	6799,	6724,	6803,	6686,	6757,	6782,	6665,	6684,	6677,	6656,	6667,	7026,	7033,	7052,	7045,	7060,	7035,	7054,	8227,	8246,	8239,	8218,	8229,	8248,	8255,	6542,	6535,	6550,	6525,	6544,	6393,	6518,	6381,	6402,	6391,	6516,	6509,	6490,	6497,	6482,	6507,	6488,	6257,	6282,	6261,	6264,	6285,	6210,	6289,	6172,	6243,	6268,	6151,	6170,	6163,	6142,	6153,	4396,	4403,	4422,	4415,	4430,	4405,	4424,	5597,	5616,	5609,	5588,	5599,	5618,	5625,	6028,	6021,	6036,	6011,	6030,	5879,	6004,	5867,	5888,	5877,	6002,	5995,	5976,	5983,	5968,	5993,	5974,	
6776,	6773,	6798,	6727,	6712,	6801,	6780,	6725,	6688,	6685,	6662,	6679,	6664,	7027,	6658,	6675,	7030,	7047,	7032,	7055,	7062,	7043,	8224,	8241,	8226,	8249,	8220,	8237,	8252,	6537,	8254,	6545,	6552,	6533,	6396,	6523,	6394,	6515,	6400,	6383,	6512,	6495,	6510,	6487,	6480,	6499,	6262,	6259,	6284,	6213,	6198,	6287,	6266,	6211,	6174,	6171,	6148,	6165,	6150,	4397,	6144,	6161,	4400,	4417,	4402,	4425,	4432,	4413,	5594,	5611,	5596,	5619,	5590,	5607,	5622,	6023,	5624,	6031,	6038,	6019,	5882,	6009,	5880,	6001,	5886,	5869,	5998,	5981,	5996,	5973,	5966,	5985,	
6795,	6770,	6711,	6708,	6731,	6726,	6723,	6756,	6783,	6758,	6683,	6672,	6681,	6668,	6655,	7028,	7051,	7040,	7049,	7036,	7059,	7056,	8245,	8234,	8243,	8230,	8217,	8250,	6541,	6530,	6539,	6526,	6549,	6546,	6519,	6386,	6521,	6390,	6403,	6514,	6491,	6502,	6493,	6506,	6483,	6486,	6281,	6256,	6197,	6194,	6217,	6212,	6209,	6242,	6269,	6244,	6169,	6158,	6167,	6154,	6141,	4398,	4421,	4410,	4419,	4406,	4429,	4426,	5615,	5604,	5613,	5600,	5587,	5620,	6027,	6016,	6025,	6012,	6035,	6032,	6005,	5872,	6007,	5876,	5889,	6000,	5977,	5988,	5979,	5992,	5969,	5972,	
6710,	6707,	6734,	6713,	6728,	6755,	6730,	6753,	6722,	6689,	6680,	6661,	6670,	6653,	6674,	6659,	7048,	7029,	7038,	7057,	7042,	7063,	8242,	8223,	8232,	8215,	8236,	8221,	6538,	8251,	6528,	6547,	6532,	6553,	6522,	6397,	6388,	6405,	6384,	6399,	6494,	6513,	6504,	6485,	6500,	6479,	6196,	6193,	6220,	6199,	6214,	6241,	6216,	6239,	6208,	6175,	6166,	6147,	6156,	6139,	6160,	6145,	4418,	4399,	4408,	4427,	4412,	4433,	5612,	5593,	5602,	5585,	5606,	5591,	6024,	5621,	6014,	6033,	6018,	6039,	6008,	5883,	5874,	5891,	5870,	5885,	5980,	5999,	5990,	5971,	5986,	5965,	
6769,	6794,	6709,	6732,	6749,	6752,	6721,	6690,	6759,	6784,	6671,	6682,	6673,	6660,	6669,	6654,	7039,	7050,	7041,	7064,	7037,	7058,	8233,	8244,	8235,	8222,	8231,	8216,	6529,	6540,	6531,	6554,	6527,	6548,	6387,	6520,	6385,	6398,	6389,	6404,	6503,	6492,	6501,	6478,	6505,	6484,	6255,	6280,	6195,	6218,	6235,	6238,	6207,	6176,	6245,	6270,	6157,	6168,	6159,	6146,	6155,	6140,	4409,	4420,	4411,	4434,	4407,	4428,	5603,	5614,	5605,	5592,	5601,	5586,	6015,	6026,	6017,	6040,	6013,	6034,	5873,	6006,	5871,	5884,	5875,	5890,	5989,	5978,	5987,	5964,	5991,	5970,	
6706,	6733,	6750,	6735,	6714,	6729,	6754,	6739,	6718,	6691,	6650,	6629,	6626,	6643,	6652,	6635,	6616,	7079,	7076,	6609,	7066,	7085,	8212,	6603,	6600,	8205,	8214,	8197,	6590,	6569,	6566,	6583,	6556,	6575,	6408,	6429,	6432,	6415,	6406,	6423,	6442,	6463,	6466,	6449,	6476,	6457,	6192,	6219,	6236,	6221,	6200,	6215,	6240,	6225,	6204,	6177,	6136,	6115,	6112,	6129,	6138,	6121,	6102,	4449,	4446,	6095,	4436,	4455,	5582,	6089,	6086,	5575,	5584,	5567,	6076,	6055,	6052,	6069,	6042,	6061,	5894,	5915,	5918,	5901,	5892,	5909,	5928,	5949,	5952,	5935,	5962,	5943,	
6793,	6768,	6705,	6748,	6751,	6738,	6743,	6720,	6785,	6760,	6627,	6644,	6651,	6636,	6625,	6642,	7077,	6610,	7065,	7086,	7075,	6608,	6601,	8206,	8213,	8198,	6599,	8204,	6567,	6584,	6555,	6576,	6565,	6582,	6431,	6414,	6407,	6422,	6433,	6416,	6465,	6448,	6477,	6456,	6467,	6450,	6279,	6254,	6191,	6234,	6237,	6224,	6229,	6206,	6271,	6246,	6113,	6130,	6137,	6122,	6111,	6128,	4447,	6096,	4435,	4456,	4445,	6094,	6087,	5576,	5583,	5568,	6085,	5574,	6053,	6070,	6041,	6062,	6051,	6068,	5917,	5900,	5893,	5908,	5919,	5902,	5951,	5934,	5963,	5942,	5953,	5936,	
6704,	6747,	6736,	6715,	6742,	6745,	6740,	6717,	6692,	6719,	6630,	6649,	6628,	6641,	6634,	6617,	7080,	6615,	7078,	6607,	7084,	7067,	6604,	8211,	6602,	8203,	8196,	6591,	6570,	6589,	6568,	6581,	6574,	6557,	6428,	6409,	6430,	6417,	6424,	6441,	6462,	6443,	6464,	6451,	6458,	6475,	6190,	6233,	6222,	6201,	6228,	6231,	6226,	6203,	6178,	6205,	6116,	6135,	6114,	6127,	6120,	6103,	4450,	6101,	4448,	6093,	4454,	4437,	6090,	5581,	6088,	5573,	5566,	6077,	6056,	6075,	6054,	6067,	6060,	6043,	5914,	5895,	5916,	5903,	5910,	5927,	5948,	5929,	5950,	5937,	5944,	5961,	
6767,	6792,	6701,	6746,	6737,	6716,	6695,	6744,	6761,	6786,	6645,	6620,	6647,	6624,	6637,	6640,	6611,	7070,	6613,	7074,	7087,	6606,	8207,	6594,	8209,	6598,	8199,	8202,	6585,	6560,	6587,	6564,	6577,	6580,	6413,	6438,	6411,	6434,	6421,	6418,	6447,	6472,	6445,	6468,	6455,	6452,	6253,	6278,	6187,	6232,	6223,	6202,	6181,	6230,	6247,	6272,	6131,	6106,	6133,	6110,	6123,	6126,	6097,	4440,	6099,	4444,	4457,	6092,	5577,	6080,	5579,	6084,	5569,	5572,	6071,	6046,	6073,	6050,	6063,	6066,	5899,	5924,	5897,	5920,	5907,	5904,	5933,	5958,	5931,	5954,	5941,	5938,	
6700,	6703,	6790,	6765,	6698,	6741,	6788,	6763,	6696,	6693,	6648,	6631,	6622,	6639,	6618,	6633,	6614,	7081,	7072,	7089,	7068,	7083,	8210,	6605,	6596,	8201,	6592,	8195,	6588,	6571,	6562,	6579,	6558,	6573,	6410,	6427,	6436,	6419,	6440,	6425,	6444,	6461,	6470,	6453,	6474,	6459,	6186,	6189,	6276,	6251,	6184,	6227,	6274,	6249,	6182,	6179,	6134,	6117,	6108,	6125,	6104,	6119,	6100,	4451,	4442,	4459,	4438,	4453,	5580,	6091,	6082,	5571,	6078,	5565,	6074,	6057,	6048,	6065,	6044,	6059,	5896,	5913,	5922,	5905,	5926,	5911,	5930,	5947,	5956,	5939,	5960,	5945,	
6791,	6766,	6699,	6702,	6789,	6764,	6697,	6694,	6787,	6762,	6621,	6646,	6619,	6632,	6623,	6638,	7071,	6612,	7069,	7082,	7073,	7088,	6595,	8208,	6593,	8194,	6597,	8200,	6561,	6586,	6559,	6572,	6563,	6578,	6437,	6412,	6439,	6426,	6435,	6420,	6471,	6446,	6473,	6460,	6469,	6454,	6277,	6252,	6185,	6188,	6275,	6250,	6183,	6180,	6273,	6248,	6107,	6132,	6105,	6118,	6109,	6124,	4441,	6098,	4439,	4452,	4443,	4458,	6081,	5578,	6079,	5564,	6083,	5570,	6047,	6072,	6045,	6058,	6049,	6064,	5923,	5898,	5925,	5912,	5921,	5906,	5957,	5932,	5959,	5946,	5955,	5940,	
7447,	7564,	7449,	7544,	7539,	7562,	7541,	7560,	7537,	7534,	7592,	7577,	7580,	7599,	7590,	7571,	7092,	7605,	7608,	7099,	7090,	7107,	7618,	8179,	8182,	7625,	8192,	8173,	7646,	7631,	7634,	7653,	7644,	7661,	8024,	8009,	8012,	8031,	8022,	8003,	8052,	8037,	8040,	8059,	8050,	8067,	4817,	4934,	4819,	4914,	4909,	4932,	4911,	4930,	4907,	4904,	4962,	4947,	4950,	4969,	4960,	4941,	4462,	4975,	4978,	4469,	4460,	4477,	4988,	5549,	5552,	4995,	5562,	5543,	5016,	5001,	5004,	5023,	5014,	5031,	5394,	5379,	5382,	5401,	5392,	5373,	5422,	5407,	5410,	5429,	5420,	5437,	
7450,	7545,	7566,	7563,	7542,	7497,	7538,	7535,	7464,	7559,	7579,	7598,	7591,	7570,	7581,	7600,	7607,	7098,	7091,	7106,	7609,	7100,	8181,	7624,	8193,	8172,	8183,	7626,	7633,	7652,	7645,	7660,	7635,	7654,	8011,	8030,	8023,	8002,	8013,	8032,	8039,	8058,	8051,	8066,	8041,	8060,	4820,	4915,	4936,	4933,	4912,	4867,	4908,	4905,	4834,	4929,	4949,	4968,	4961,	4940,	4951,	4970,	4977,	4468,	4461,	4476,	4979,	4470,	5551,	4994,	5563,	5542,	5553,	4996,	5003,	5022,	5015,	5030,	5005,	5024,	5381,	5400,	5393,	5372,	5383,	5402,	5409,	5428,	5421,	5436,	5411,	5430,	
7565,	7448,	7543,	7494,	7509,	7540,	7561,	7496,	7533,	7536,	7576,	7593,	7578,	7601,	7572,	7589,	7604,	7093,	7606,	7101,	7108,	7617,	8178,	7619,	8180,	7627,	8174,	8191,	7630,	7647,	7632,	7655,	7662,	7643,	8008,	8025,	8010,	8033,	8004,	8021,	8036,	8053,	8038,	8061,	8068,	8049,	4935,	4818,	4913,	4864,	4879,	4910,	4931,	4866,	4903,	4906,	4946,	4963,	4948,	4971,	4942,	4959,	4974,	4463,	4976,	4471,	4478,	4987,	5548,	4989,	5550,	4997,	5544,	5561,	5000,	5017,	5002,	5025,	5032,	5013,	5378,	5395,	5380,	5403,	5374,	5391,	5406,	5423,	5408,	5431,	5438,	5419,	
7546,	7451,	7510,	7513,	7490,	7495,	7498,	7465,	7558,	7463,	7597,	7586,	7595,	7582,	7569,	7602,	7097,	7614,	7095,	7610,	7105,	7102,	7623,	8188,	7621,	8184,	8171,	7628,	7651,	7640,	7649,	7636,	7659,	7656,	8029,	8018,	8027,	8014,	8001,	8034,	8057,	8046,	8055,	8042,	8065,	8062,	4916,	4821,	4880,	4883,	4860,	4865,	4868,	4835,	4928,	4833,	4967,	4956,	4965,	4952,	4939,	4972,	4467,	4984,	4465,	4980,	4475,	4472,	4993,	5558,	4991,	5554,	5541,	4998,	5021,	5010,	5019,	5006,	5029,	5026,	5399,	5388,	5397,	5384,	5371,	5404,	5427,	5416,	5425,	5412,	5435,	5432,	
7511,	7514,	7487,	7508,	7493,	7466,	7491,	7468,	7499,	7532,	7594,	7575,	7584,	7567,	7588,	7573,	7094,	7603,	7612,	7103,	7616,	7109,	7620,	8177,	8186,	8169,	8190,	8175,	7648,	7629,	7638,	7657,	7642,	7663,	8026,	8007,	8016,	7999,	8020,	8005,	8054,	8035,	8044,	8063,	8048,	8069,	4881,	4884,	4857,	4878,	4863,	4836,	4861,	4838,	4869,	4902,	4964,	4945,	4954,	4937,	4958,	4943,	4464,	4973,	4982,	4473,	4986,	4479,	4990,	5547,	5556,	5539,	5560,	5545,	5018,	4999,	5008,	5027,	5012,	5033,	5396,	5377,	5386,	5369,	5390,	5375,	5424,	5405,	5414,	5433,	5418,	5439,	
7452,	7547,	7512,	7489,	7472,	7469,	7500,	7531,	7462,	7557,	7585,	7596,	7587,	7574,	7583,	7568,	7613,	7096,	7615,	7110,	7611,	7104,	8187,	7622,	8189,	8176,	8185,	8170,	7639,	7650,	7641,	7664,	7637,	7658,	8017,	8028,	8019,	8006,	8015,	8000,	8045,	8056,	8047,	8070,	8043,	8064,	4822,	4917,	4882,	4859,	4842,	4839,	4870,	4901,	4832,	4927,	4955,	4966,	4957,	4944,	4953,	4938,	4983,	4466,	4985,	4480,	4981,	4474,	5557,	4992,	5559,	5546,	5555,	5540,	5009,	5020,	5011,	5034,	5007,	5028,	5387,	5398,	5389,	5376,	5385,	5370,	5415,	5426,	5417,	5440,	5413,	5434,	
7515,	7488,	7471,	7486,	7507,	7492,	7467,	7482,	7503,	7530,	7180,	7159,	7156,	7173,	7182,	7165,	7146,	7125,	7122,	7139,	7112,	7131,	8166,	8145,	8142,	8159,	8168,	8151,	8132,	7679,	7676,	8125,	7666,	7685,	7996,	8119,	8116,	7989,	7998,	7981,	8106,	8085,	8082,	8099,	8072,	8091,	4885,	4858,	4841,	4856,	4877,	4862,	4837,	4852,	4873,	4900,	4550,	4529,	4526,	4543,	4552,	4535,	4516,	4495,	4492,	4509,	4482,	4501,	5536,	5515,	5512,	5529,	5538,	5521,	5502,	5049,	5046,	5495,	5036,	5055,	5366,	5489,	5486,	5359,	5368,	5351,	5476,	5455,	5452,	5469,	5442,	5461,	
7548,	7453,	7516,	7473,	7470,	7483,	7478,	7501,	7556,	7461,	7157,	7174,	7181,	7166,	7155,	7172,	7123,	7140,	7111,	7132,	7121,	7138,	8143,	8160,	8167,	8152,	8141,	8158,	7677,	8126,	7665,	7686,	7675,	8124,	8117,	7990,	7997,	7982,	8115,	7988,	8083,	8100,	8071,	8092,	8081,	8098,	4918,	4823,	4886,	4843,	4840,	4853,	4848,	4871,	4926,	4831,	4527,	4544,	4551,	4536,	4525,	4542,	4493,	4510,	4481,	4502,	4491,	4508,	5513,	5530,	5537,	5522,	5511,	5528,	5047,	5496,	5035,	5056,	5045,	5494,	5487,	5360,	5367,	5352,	5485,	5358,	5453,	5470,	5441,	5462,	5451,	5468,	
7517,	7474,	7485,	7506,	7479,	7476,	7481,	7504,	7529,	7502,	7160,	7179,	7158,	7171,	7164,	7147,	7126,	7145,	7124,	7137,	7130,	7113,	8146,	8165,	8144,	8157,	8150,	8133,	7680,	8131,	7678,	8123,	7684,	7667,	8120,	7995,	8118,	7987,	7980,	8107,	8086,	8105,	8084,	8097,	8090,	8073,	4887,	4844,	4855,	4876,	4849,	4846,	4851,	4874,	4899,	4872,	4530,	4549,	4528,	4541,	4534,	4517,	4496,	4515,	4494,	4507,	4500,	4483,	5516,	5535,	5514,	5527,	5520,	5503,	5050,	5501,	5048,	5493,	5054,	5037,	5490,	5365,	5488,	5357,	5350,	5477,	5456,	5475,	5454,	5467,	5460,	5443,	
7454,	7549,	7520,	7475,	7484,	7505,	7526,	7477,	7460,	7555,	7175,	7150,	7177,	7154,	7167,	7170,	7141,	7116,	7143,	7120,	7133,	7136,	8161,	8136,	8163,	8140,	8153,	8156,	8127,	7670,	8129,	7674,	7687,	8122,	7991,	8110,	7993,	8114,	7983,	7986,	8101,	8076,	8103,	8080,	8093,	8096,	4824,	4919,	4890,	4845,	4854,	4875,	4896,	4847,	4830,	4925,	4545,	4520,	4547,	4524,	4537,	4540,	4511,	4486,	4513,	4490,	4503,	4506,	5531,	5506,	5533,	5510,	5523,	5526,	5497,	5040,	5499,	5044,	5057,	5492,	5361,	5480,	5363,	5484,	5353,	5356,	5471,	5446,	5473,	5450,	5463,	5466,	
7521,	7518,	7551,	7456,	7523,	7480,	7553,	7458,	7525,	7528,	7178,	7161,	7152,	7169,	7148,	7163,	7144,	7127,	7118,	7135,	7114,	7129,	8164,	8147,	8138,	8155,	8134,	8149,	8130,	7681,	7672,	7689,	7668,	7683,	7994,	8121,	8112,	7985,	8108,	7979,	8104,	8087,	8078,	8095,	8074,	8089,	4891,	4888,	4921,	4826,	4893,	4850,	4923,	4828,	4895,	4898,	4548,	4531,	4522,	4539,	4518,	4533,	4514,	4497,	4488,	4505,	4484,	4499,	5534,	5517,	5508,	5525,	5504,	5519,	5500,	5051,	5042,	5059,	5038,	5053,	5364,	5491,	5482,	5355,	5478,	5349,	5474,	5457,	5448,	5465,	5444,	5459,	
7550,	7455,	7522,	7519,	7552,	7457,	7524,	7527,	7554,	7459,	7151,	7176,	7149,	7162,	7153,	7168,	7117,	7142,	7115,	7128,	7119,	7134,	8137,	8162,	8135,	8148,	8139,	8154,	7671,	8128,	7669,	7682,	7673,	7688,	8111,	7992,	8109,	7978,	8113,	7984,	8077,	8102,	8075,	8088,	8079,	8094,	4920,	4825,	4892,	4889,	4922,	4827,	4894,	4897,	4924,	4829,	4521,	4546,	4519,	4532,	4523,	4538,	4487,	4512,	4485,	4498,	4489,	4504,	5507,	5532,	5505,	5518,	5509,	5524,	5041,	5498,	5039,	5052,	5043,	5058,	5481,	5362,	5479,	5348,	5483,	5354,	5447,	5472,	5445,	5458,	5449,	5464,	
7327,	7444,	7329,	7424,	7419,	7442,	7421,	7440,	7417,	7414,	7208,	7193,	7196,	7215,	7206,	7187,	7236,	7221,	7224,	7243,	7234,	7251,	7808,	7793,	7796,	7815,	7806,	7787,	7692,	7821,	7824,	7699,	7690,	7707,	7834,	7963,	7966,	7841,	7976,	7957,	7862,	7847,	7850,	7869,	7860,	7877,	4697,	4814,	4699,	4794,	4789,	4812,	4791,	4810,	4787,	4784,	4578,	4563,	4566,	4585,	4576,	4557,	4606,	4591,	4594,	4613,	4604,	4621,	5178,	5163,	5166,	5185,	5176,	5157,	5062,	5191,	5194,	5069,	5060,	5077,	5204,	5333,	5336,	5211,	5346,	5327,	5232,	5217,	5220,	5239,	5230,	5247,	
7330,	7425,	7446,	7443,	7422,	7377,	7418,	7415,	7344,	7439,	7195,	7214,	7207,	7186,	7197,	7216,	7223,	7242,	7235,	7250,	7225,	7244,	7795,	7814,	7807,	7786,	7797,	7816,	7823,	7698,	7691,	7706,	7825,	7700,	7965,	7840,	7977,	7956,	7967,	7842,	7849,	7868,	7861,	7876,	7851,	7870,	4700,	4795,	4816,	4813,	4792,	4747,	4788,	4785,	4714,	4809,	4565,	4584,	4577,	4556,	4567,	4586,	4593,	4612,	4605,	4620,	4595,	4614,	5165,	5184,	5177,	5156,	5167,	5186,	5193,	5068,	5061,	5076,	5195,	5070,	5335,	5210,	5347,	5326,	5337,	5212,	5219,	5238,	5231,	5246,	5221,	5240,	
7445,	7328,	7423,	7374,	7389,	7420,	7441,	7376,	7413,	7416,	7192,	7209,	7194,	7217,	7188,	7205,	7220,	7237,	7222,	7245,	7252,	7233,	7792,	7809,	7794,	7817,	7788,	7805,	7820,	7693,	7822,	7701,	7708,	7833,	7962,	7835,	7964,	7843,	7958,	7975,	7846,	7863,	7848,	7871,	7878,	7859,	4815,	4698,	4793,	4744,	4759,	4790,	4811,	4746,	4783,	4786,	4562,	4579,	4564,	4587,	4558,	4575,	4590,	4607,	4592,	4615,	4622,	4603,	5162,	5179,	5164,	5187,	5158,	5175,	5190,	5063,	5192,	5071,	5078,	5203,	5332,	5205,	5334,	5213,	5328,	5345,	5216,	5233,	5218,	5241,	5248,	5229,	
7426,	7331,	7390,	7393,	7370,	7375,	7378,	7345,	7438,	7343,	7213,	7202,	7211,	7198,	7185,	7218,	7241,	7230,	7239,	7226,	7249,	7246,	7813,	7802,	7811,	7798,	7785,	7818,	7697,	7830,	7695,	7826,	7705,	7702,	7839,	7972,	7837,	7968,	7955,	7844,	7867,	7856,	7865,	7852,	7875,	7872,	4796,	4701,	4760,	4763,	4740,	4745,	4748,	4715,	4808,	4713,	4583,	4572,	4581,	4568,	4555,	4588,	4611,	4600,	4609,	4596,	4619,	4616,	5183,	5172,	5181,	5168,	5155,	5188,	5067,	5200,	5065,	5196,	5075,	5072,	5209,	5342,	5207,	5338,	5325,	5214,	5237,	5226,	5235,	5222,	5245,	5242,	
7391,	7394,	7367,	7388,	7373,	7346,	7371,	7348,	7379,	7412,	7210,	7191,	7200,	7183,	7204,	7189,	7238,	7219,	7228,	7247,	7232,	7253,	7810,	7791,	7800,	7783,	7804,	7789,	7694,	7819,	7828,	7703,	7832,	7709,	7836,	7961,	7970,	7953,	7974,	7959,	7864,	7845,	7854,	7873,	7858,	7879,	4761,	4764,	4737,	4758,	4743,	4716,	4741,	4718,	4749,	4782,	4580,	4561,	4570,	4553,	4574,	4559,	4608,	4589,	4598,	4617,	4602,	4623,	5180,	5161,	5170,	5153,	5174,	5159,	5064,	5189,	5198,	5073,	5202,	5079,	5206,	5331,	5340,	5323,	5344,	5329,	5234,	5215,	5224,	5243,	5228,	5249,	
7332,	7427,	7392,	7369,	7352,	7349,	7380,	7411,	7342,	7437,	7201,	7212,	7203,	7190,	7199,	7184,	7229,	7240,	7231,	7254,	7227,	7248,	7801,	7812,	7803,	7790,	7799,	7784,	7829,	7696,	7831,	7710,	7827,	7704,	7971,	7838,	7973,	7960,	7969,	7954,	7855,	7866,	7857,	7880,	7853,	7874,	4702,	4797,	4762,	4739,	4722,	4719,	4750,	4781,	4712,	4807,	4571,	4582,	4573,	4560,	4569,	4554,	4599,	4610,	4601,	4624,	4597,	4618,	5171,	5182,	5173,	5160,	5169,	5154,	5199,	5066,	5201,	5080,	5197,	5074,	5341,	5208,	5343,	5330,	5339,	5324,	5225,	5236,	5227,	5250,	5223,	5244,	
7395,	7368,	7351,	7366,	7387,	7372,	7347,	7362,	7383,	7410,	7324,	7303,	7300,	7317,	7326,	7309,	7290,	7269,	7266,	7283,	7256,	7275,	7780,	7759,	7756,	7773,	7782,	7765,	7746,	7725,	7722,	7739,	7712,	7731,	7950,	7929,	7926,	7943,	7952,	7935,	7916,	7895,	7892,	7909,	7882,	7901,	4765,	4738,	4721,	4736,	4757,	4742,	4717,	4732,	4753,	4780,	4694,	4673,	4670,	4687,	4696,	4679,	4660,	4639,	4636,	4653,	4626,	4645,	5150,	5129,	5126,	5143,	5152,	5135,	5116,	5095,	5092,	5109,	5082,	5101,	5320,	5299,	5296,	5313,	5322,	5305,	5286,	5265,	5262,	5279,	5252,	5271,	
7428,	7333,	7396,	7353,	7350,	7363,	7358,	7381,	7436,	7341,	7301,	7318,	7325,	7310,	7299,	7316,	7267,	7284,	7255,	7276,	7265,	7282,	7757,	7774,	7781,	7766,	7755,	7772,	7723,	7740,	7711,	7732,	7721,	7738,	7927,	7944,	7951,	7936,	7925,	7942,	7893,	7910,	7881,	7902,	7891,	7908,	4798,	4703,	4766,	4723,	4720,	4733,	4728,	4751,	4806,	4711,	4671,	4688,	4695,	4680,	4669,	4686,	4637,	4654,	4625,	4646,	4635,	4652,	5127,	5144,	5151,	5136,	5125,	5142,	5093,	5110,	5081,	5102,	5091,	5108,	5297,	5314,	5321,	5306,	5295,	5312,	5263,	5280,	5251,	5272,	5261,	5278,	
7397,	7354,	7365,	7386,	7359,	7356,	7361,	7384,	7409,	7382,	7304,	7323,	7302,	7315,	7308,	7291,	7270,	7289,	7268,	7281,	7274,	7257,	7760,	7779,	7758,	7771,	7764,	7747,	7726,	7745,	7724,	7737,	7730,	7713,	7930,	7949,	7928,	7941,	7934,	7917,	7896,	7915,	7894,	7907,	7900,	7883,	4767,	4724,	4735,	4756,	4729,	4726,	4731,	4754,	4779,	4752,	4674,	4693,	4672,	4685,	4678,	4661,	4640,	4659,	4638,	4651,	4644,	4627,	5130,	5149,	5128,	5141,	5134,	5117,	5096,	5115,	5094,	5107,	5100,	5083,	5300,	5319,	5298,	5311,	5304,	5287,	5266,	5285,	5264,	5277,	5270,	5253,	
7334,	7429,	7400,	7355,	7364,	7385,	7406,	7357,	7340,	7435,	7319,	7294,	7321,	7298,	7311,	7314,	7285,	7260,	7287,	7264,	7277,	7280,	7775,	7750,	7777,	7754,	7767,	7770,	7741,	7716,	7743,	7720,	7733,	7736,	7945,	7920,	7947,	7924,	7937,	7940,	7911,	7886,	7913,	7890,	7903,	7906,	4704,	4799,	4770,	4725,	4734,	4755,	4776,	4727,	4710,	4805,	4689,	4664,	4691,	4668,	4681,	4684,	4655,	4630,	4657,	4634,	4647,	4650,	5145,	5120,	5147,	5124,	5137,	5140,	5111,	5086,	5113,	5090,	5103,	5106,	5315,	5290,	5317,	5294,	5307,	5310,	5281,	5256,	5283,	5260,	5273,	5276,	
7401,	7398,	7431,	7336,	7403,	7360,	7433,	7338,	7405,	7408,	7322,	7305,	7296,	7313,	7292,	7307,	7288,	7271,	7262,	7279,	7258,	7273,	7778,	7761,	7752,	7769,	7748,	7763,	7744,	7727,	7718,	7735,	7714,	7729,	7948,	7931,	7922,	7939,	7918,	7933,	7914,	7897,	7888,	7905,	7884,	7899,	4771,	4768,	4801,	4706,	4773,	4730,	4803,	4708,	4775,	4778,	4692,	4675,	4666,	4683,	4662,	4677,	4658,	4641,	4632,	4649,	4628,	4643,	5148,	5131,	5122,	5139,	5118,	5133,	5114,	5097,	5088,	5105,	5084,	5099,	5318,	5301,	5292,	5309,	5288,	5303,	5284,	5267,	5258,	5275,	5254,	5269,	
7430,	7335,	7402,	7399,	7432,	7337,	7404,	7407,	7434,	7339,	7295,	7320,	7293,	7306,	7297,	7312,	7261,	7286,	7259,	7272,	7263,	7278,	7751,	7776,	7749,	7762,	7753,	7768,	7717,	7742,	7715,	7728,	7719,	7734,	7921,	7946,	7919,	7932,	7923,	7938,	7887,	7912,	7885,	7898,	7889,	7904,	4800,	4705,	4772,	4769,	4802,	4707,	4774,	4777,	4804,	4709,	4665,	4690,	4663,	4676,	4667,	4682,	4631,	4656,	4629,	4642,	4633,	4648,	5121,	5146,	5119,	5132,	5123,	5138,	5087,	5112,	5085,	5098,	5089,	5104,	5291,	5316,	5289,	5302,	5293,	5308,	5257,	5282,	5255,	5268,	5259,	5274,	
