1126,	1079,	1094,	1091,	1128,	1081,	1064,	1089,	1130,	1133,	1144,	1147,	1142,	1243,	1208,	1149,	1212,	1245,	1214,	1151,	1218,	1247,	412,	415,	410,	391,	476,	417,	480,	393,	482,	419,	486,	395,	596,	599,	594,	575,	540,	601,	544,	577,	546,	603,	550,	579,	3712,	3715,	3710,	3691,	3776,	3717,	3780,	3693,	3782,	3719,	3786,	3695,	3896,	3899,	3894,	3875,	3840,	3901,	3844,	3877,	3846,	3903,	3850,	3879,	3064,	3067,	3062,	3043,	3128,	3069,	3132,	3045,	3134,	3071,	3138,	3047,	3248,	3251,	3246,	3227,	3192,	3253,	3196,	3229,	3198,	3255,	3202,	3231,	
1093,	1096,	1127,	1080,	1063,	1090,	1129,	1132,	1113,	1088,	1141,	1242,	1145,	1148,	1211,	1244,	1185,	1150,	1171,	1246,	1215,	1152,	409,	390,	413,	416,	479,	392,	453,	418,	439,	394,	483,	420,	593,	574,	597,	600,	543,	576,	517,	602,	503,	578,	547,	604,	3709,	3690,	3713,	3716,	3779,	3692,	3753,	3718,	3739,	3694,	3783,	3720,	3893,	3874,	3897,	3900,	3843,	3876,	3817,	3902,	3803,	3878,	3847,	3904,	3061,	3042,	3065,	3068,	3131,	3044,	3105,	3070,	3091,	3046,	3135,	3072,	3245,	3226,	3249,	3252,	3195,	3228,	3169,	3254,	3155,	3230,	3199,	3256,	
1078,	1125,	1092,	1095,	1082,	1051,	1060,	1065,	1134,	1131,	1146,	1143,	1240,	1207,	1184,	1209,	1168,	1213,	1182,	1217,	1248,	1219,	414,	411,	388,	475,	452,	477,	436,	481,	450,	485,	396,	487,	598,	595,	572,	539,	516,	541,	500,	545,	514,	549,	580,	551,	3714,	3711,	3688,	3775,	3752,	3777,	3736,	3781,	3750,	3785,	3696,	3787,	3898,	3895,	3872,	3839,	3816,	3841,	3800,	3845,	3814,	3849,	3880,	3851,	3066,	3063,	3040,	3127,	3104,	3129,	3088,	3133,	3102,	3137,	3048,	3139,	3250,	3247,	3224,	3191,	3168,	3193,	3152,	3197,	3166,	3201,	3232,	3203,	
1097,	1100,	1077,	1052,	1067,	1062,	1083,	1112,	1087,	1114,	1241,	1140,	1191,	1210,	1205,	1186,	1183,	1170,	1203,	1172,	1153,	1216,	389,	408,	459,	478,	473,	454,	451,	438,	471,	440,	421,	484,	573,	592,	523,	542,	537,	518,	515,	502,	535,	504,	605,	548,	3689,	3708,	3759,	3778,	3773,	3754,	3751,	3738,	3771,	3740,	3721,	3784,	3873,	3892,	3823,	3842,	3837,	3818,	3815,	3802,	3835,	3804,	3905,	3848,	3041,	3060,	3111,	3130,	3125,	3106,	3103,	3090,	3123,	3092,	3073,	3136,	3225,	3244,	3175,	3194,	3189,	3170,	3167,	3154,	3187,	3156,	3257,	3200,	
1124,	1055,	1098,	1069,	1050,	1059,	1066,	1061,	1084,	1135,	1236,	1239,	1206,	1187,	1190,	1169,	1204,	1167,	1176,	1181,	1220,	1249,	384,	387,	474,	455,	458,	437,	472,	435,	444,	449,	488,	397,	568,	571,	538,	519,	522,	501,	536,	499,	508,	513,	552,	581,	3684,	3687,	3774,	3755,	3758,	3737,	3772,	3735,	3744,	3749,	3788,	3697,	3868,	3871,	3838,	3819,	3822,	3801,	3836,	3799,	3808,	3813,	3852,	3881,	3036,	3039,	3126,	3107,	3110,	3089,	3124,	3087,	3096,	3101,	3140,	3049,	3220,	3223,	3190,	3171,	3174,	3153,	3188,	3151,	3160,	3165,	3204,	3233,	
1099,	1076,	1101,	1056,	1053,	1068,	1111,	1106,	1115,	1086,	1139,	1194,	1237,	1192,	1163,	1166,	1189,	1180,	1173,	1202,	1177,	1154,	407,	462,	385,	460,	431,	434,	457,	448,	441,	470,	445,	422,	591,	526,	569,	524,	495,	498,	521,	512,	505,	534,	509,	606,	3707,	3762,	3685,	3760,	3731,	3734,	3757,	3748,	3741,	3770,	3745,	3722,	3891,	3826,	3869,	3824,	3795,	3798,	3821,	3812,	3805,	3834,	3809,	3906,	3059,	3114,	3037,	3112,	3083,	3086,	3109,	3100,	3093,	3122,	3097,	3074,	3243,	3178,	3221,	3176,	3147,	3150,	3173,	3164,	3157,	3186,	3161,	3258,	
1102,	1123,	1054,	1049,	1070,	1105,	1058,	1085,	1136,	1117,	1238,	1235,	1138,	1195,	1188,	1197,	1164,	1175,	1178,	1223,	1250,	1221,	386,	383,	406,	463,	456,	465,	432,	443,	446,	491,	398,	489,	570,	567,	590,	527,	520,	529,	496,	507,	510,	555,	582,	553,	3686,	3683,	3706,	3763,	3756,	3765,	3732,	3743,	3746,	3791,	3698,	3789,	3870,	3867,	3890,	3827,	3820,	3829,	3796,	3807,	3810,	3855,	3882,	3853,	3038,	3035,	3058,	3115,	3108,	3117,	3084,	3095,	3098,	3143,	3050,	3141,	3222,	3219,	3242,	3179,	3172,	3181,	3148,	3159,	3162,	3207,	3234,	3205,	
1075,	1048,	1073,	1104,	1057,	1110,	1107,	1116,	1039,	1042,	1137,	1232,	1193,	1162,	1165,	1228,	1179,	1198,	1201,	1174,	1155,	1224,	405,	380,	461,	430,	433,	376,	447,	466,	469,	442,	423,	492,	589,	564,	525,	494,	497,	560,	511,	530,	533,	506,	607,	556,	3705,	3680,	3761,	3730,	3733,	3676,	3747,	3766,	3769,	3742,	3723,	3792,	3889,	3864,	3825,	3794,	3797,	3860,	3811,	3830,	3833,	3806,	3907,	3856,	3057,	3032,	3113,	3082,	3085,	3028,	3099,	3118,	3121,	3094,	3075,	3144,	3241,	3216,	3177,	3146,	3149,	3212,	3163,	3182,	3185,	3158,	3259,	3208,	
1122,	1103,	1046,	1109,	1120,	1071,	1044,	1041,	1118,	1037,	1234,	1161,	1230,	1255,	1196,	1159,	1200,	1253,	1226,	1157,	1222,	1251,	382,	429,	378,	403,	464,	427,	468,	401,	374,	425,	490,	399,	566,	493,	562,	587,	528,	611,	532,	585,	558,	609,	554,	583,	3682,	3729,	3678,	3703,	3764,	3727,	3768,	3701,	3674,	3725,	3790,	3699,	3866,	3793,	3862,	3887,	3828,	3911,	3832,	3885,	3858,	3909,	3854,	3883,	3034,	3081,	3030,	3055,	3116,	3079,	3120,	3053,	3026,	3077,	3142,	3051,	3218,	3145,	3214,	3239,	3180,	3263,	3184,	3237,	3210,	3261,	3206,	3235,	
1047,	1074,	1121,	1072,	1045,	1108,	1119,	1038,	1043,	1040,	1231,	1256,	1233,	1160,	1229,	1254,	1227,	1158,	1199,	1252,	1225,	1156,	379,	404,	381,	428,	377,	402,	375,	426,	467,	400,	373,	424,	563,	588,	565,	612,	561,	586,	559,	610,	531,	584,	557,	608,	3679,	3704,	3681,	3728,	3677,	3702,	3675,	3726,	3767,	3700,	3673,	3724,	3863,	3888,	3865,	3912,	3861,	3886,	3859,	3910,	3831,	3884,	3857,	3908,	3031,	3056,	3033,	3080,	3029,	3054,	3027,	3078,	3119,	3052,	3025,	3076,	3215,	3240,	3217,	3264,	3213,	3238,	3211,	3262,	3183,	3236,	3209,	3260,	
1006,	1009,	1004,	1029,	1034,	1011,	1032,	1013,	1036,	919,	910,	895,	898,	1257,	908,	889,	1278,	1263,	1266,	1285,	1276,	1293,	356,	341,	344,	363,	354,	335,	768,	369,	372,	775,	766,	783,	756,	627,	624,	749,	614,	633,	728,	743,	740,	721,	730,	713,	3656,	3641,	3644,	3663,	3654,	3635,	3540,	3669,	3672,	3547,	3538,	3555,	3528,	3927,	3924,	3521,	3914,	3933,	3500,	3515,	3512,	3493,	3502,	3485,	3008,	2993,	2996,	3015,	3006,	2987,	3420,	3021,	3024,	3427,	3418,	3435,	3408,	3279,	3276,	3401,	3266,	3285,	3380,	3395,	3392,	3373,	3382,	3365,	
1003,	1028,	1007,	1010,	1031,	956,	1035,	918,	989,	1014,	897,	916,	909,	888,	899,	1258,	1265,	1284,	1277,	1292,	1267,	1286,	343,	362,	355,	334,	345,	364,	371,	774,	767,	782,	757,	776,	625,	750,	613,	634,	623,	748,	741,	722,	729,	714,	739,	720,	3643,	3662,	3655,	3634,	3645,	3664,	3671,	3546,	3539,	3554,	3529,	3548,	3925,	3522,	3913,	3934,	3923,	3520,	3513,	3494,	3501,	3486,	3511,	3492,	2995,	3014,	3007,	2986,	2997,	3016,	3023,	3426,	3419,	3434,	3409,	3428,	3277,	3402,	3265,	3286,	3275,	3400,	3393,	3374,	3381,	3366,	3391,	3372,	
1008,	1005,	1030,	959,	944,	1033,	1012,	957,	920,	917,	894,	911,	896,	1259,	890,	907,	1262,	1279,	1264,	1287,	1294,	1275,	340,	357,	342,	365,	336,	353,	368,	769,	370,	777,	784,	765,	628,	755,	626,	747,	632,	615,	744,	727,	742,	719,	712,	731,	3640,	3657,	3642,	3665,	3636,	3653,	3668,	3541,	3670,	3549,	3556,	3537,	3928,	3527,	3926,	3519,	3932,	3915,	3516,	3499,	3514,	3491,	3484,	3503,	2992,	3009,	2994,	3017,	2988,	3005,	3020,	3421,	3022,	3429,	3436,	3417,	3280,	3407,	3278,	3399,	3284,	3267,	3396,	3379,	3394,	3371,	3364,	3383,	
1027,	1002,	943,	940,	963,	958,	955,	988,	1015,	990,	915,	904,	913,	900,	887,	1260,	1283,	1272,	1281,	1268,	1291,	1288,	361,	350,	359,	346,	333,	366,	773,	762,	771,	758,	781,	778,	751,	618,	753,	622,	635,	746,	723,	734,	725,	738,	715,	718,	3661,	3650,	3659,	3646,	3633,	3666,	3545,	3534,	3543,	3530,	3553,	3550,	3523,	3918,	3525,	3922,	3935,	3518,	3495,	3506,	3497,	3510,	3487,	3490,	3013,	3002,	3011,	2998,	2985,	3018,	3425,	3414,	3423,	3410,	3433,	3430,	3403,	3270,	3405,	3274,	3287,	3398,	3375,	3386,	3377,	3390,	3367,	3370,	
942,	939,	966,	945,	960,	987,	962,	985,	954,	921,	912,	893,	902,	885,	906,	891,	1280,	1261,	1270,	1289,	1274,	1295,	358,	339,	348,	331,	352,	337,	770,	367,	760,	779,	764,	785,	754,	629,	620,	637,	616,	631,	726,	745,	736,	717,	732,	711,	3658,	3639,	3648,	3631,	3652,	3637,	3542,	3667,	3532,	3551,	3536,	3557,	3526,	3929,	3920,	3937,	3916,	3931,	3498,	3517,	3508,	3489,	3504,	3483,	3010,	2991,	3000,	2983,	3004,	2989,	3422,	3019,	3412,	3431,	3416,	3437,	3406,	3281,	3272,	3289,	3268,	3283,	3378,	3397,	3388,	3369,	3384,	3363,	
1001,	1026,	941,	964,	981,	984,	953,	922,	991,	1016,	903,	914,	905,	892,	901,	886,	1271,	1282,	1273,	1296,	1269,	1290,	349,	360,	351,	338,	347,	332,	761,	772,	763,	786,	759,	780,	619,	752,	617,	630,	621,	636,	735,	724,	733,	710,	737,	716,	3649,	3660,	3651,	3638,	3647,	3632,	3533,	3544,	3535,	3558,	3531,	3552,	3919,	3524,	3917,	3930,	3921,	3936,	3507,	3496,	3505,	3482,	3509,	3488,	3001,	3012,	3003,	2990,	2999,	2984,	3413,	3424,	3415,	3438,	3411,	3432,	3271,	3404,	3269,	3282,	3273,	3288,	3387,	3376,	3385,	3362,	3389,	3368,	
938,	965,	982,	967,	946,	961,	986,	971,	950,	923,	882,	861,	858,	875,	884,	867,	848,	1311,	1308,	841,	1298,	1317,	328,	835,	832,	321,	330,	313,	822,	801,	798,	815,	788,	807,	640,	661,	664,	647,	638,	655,	674,	695,	698,	681,	708,	689,	3628,	3607,	3604,	3621,	3630,	3613,	3594,	3573,	3570,	3587,	3560,	3579,	3940,	3961,	3964,	3947,	3938,	3955,	3974,	3995,	3998,	3981,	3480,	3989,	2980,	2959,	2956,	2973,	2982,	2965,	3474,	3453,	3450,	3467,	3440,	3459,	3292,	3313,	3316,	3299,	3290,	3307,	3326,	3347,	3350,	3333,	3360,	3341,	
1025,	1000,	937,	980,	983,	970,	975,	952,	1017,	992,	859,	876,	883,	868,	857,	874,	1309,	842,	1297,	1318,	1307,	840,	833,	322,	329,	314,	831,	320,	799,	816,	787,	808,	797,	814,	663,	646,	639,	654,	665,	648,	697,	680,	709,	688,	699,	682,	3605,	3622,	3629,	3614,	3603,	3620,	3571,	3588,	3559,	3580,	3569,	3586,	3963,	3946,	3939,	3954,	3965,	3948,	3997,	3980,	3481,	3988,	3999,	3982,	2957,	2974,	2981,	2966,	2955,	2972,	3451,	3468,	3439,	3460,	3449,	3466,	3315,	3298,	3291,	3306,	3317,	3300,	3349,	3332,	3361,	3340,	3351,	3334,	
936,	979,	968,	947,	974,	977,	972,	949,	924,	951,	862,	881,	860,	873,	866,	849,	1312,	847,	1310,	839,	1316,	1299,	836,	327,	834,	319,	312,	823,	802,	821,	800,	813,	806,	789,	660,	641,	662,	649,	656,	673,	694,	675,	696,	683,	690,	707,	3608,	3627,	3606,	3619,	3612,	3595,	3574,	3593,	3572,	3585,	3578,	3561,	3960,	3941,	3962,	3949,	3956,	3973,	3994,	3975,	3996,	3983,	3990,	3479,	2960,	2979,	2958,	2971,	2964,	3475,	3454,	3473,	3452,	3465,	3458,	3441,	3312,	3293,	3314,	3301,	3308,	3325,	3346,	3327,	3348,	3335,	3342,	3359,	
999,	1024,	933,	978,	969,	948,	927,	976,	993,	1018,	877,	852,	879,	856,	869,	872,	843,	1302,	845,	1306,	1319,	838,	323,	826,	325,	830,	315,	318,	817,	792,	819,	796,	809,	812,	645,	670,	643,	666,	653,	650,	679,	704,	677,	700,	687,	684,	3623,	3598,	3625,	3602,	3615,	3618,	3589,	3564,	3591,	3568,	3581,	3584,	3945,	3970,	3943,	3966,	3953,	3950,	3979,	4004,	3977,	4000,	3987,	3984,	2975,	3478,	2977,	2954,	2967,	2970,	3469,	3444,	3471,	3448,	3461,	3464,	3297,	3322,	3295,	3318,	3305,	3302,	3331,	3356,	3329,	3352,	3339,	3336,	
932,	935,	1022,	997,	930,	973,	1020,	995,	928,	925,	880,	863,	854,	871,	850,	865,	846,	1313,	1304,	1321,	1300,	1315,	326,	837,	828,	317,	824,	311,	820,	803,	794,	811,	790,	805,	642,	659,	668,	651,	672,	657,	676,	693,	702,	685,	706,	691,	3626,	3609,	3600,	3617,	3596,	3611,	3592,	3575,	3566,	3583,	3562,	3577,	3942,	3959,	3968,	3951,	3972,	3957,	3976,	3993,	4002,	3985,	4006,	3991,	2978,	2961,	2952,	2969,	3476,	2963,	3472,	3455,	3446,	3463,	3442,	3457,	3294,	3311,	3320,	3303,	3324,	3309,	3328,	3345,	3354,	3337,	3358,	3343,	
1023,	998,	931,	934,	1021,	996,	929,	926,	1019,	994,	853,	878,	851,	864,	855,	870,	1303,	844,	1301,	1314,	1305,	1320,	827,	324,	825,	310,	829,	316,	793,	818,	791,	804,	795,	810,	669,	644,	671,	658,	667,	652,	703,	678,	705,	692,	701,	686,	3599,	3624,	3597,	3610,	3601,	3616,	3565,	3590,	3563,	3576,	3567,	3582,	3969,	3944,	3971,	3958,	3967,	3952,	4003,	3978,	4005,	3992,	4001,	3986,	2951,	2976,	3477,	2962,	2953,	2968,	3445,	3470,	3443,	3456,	3447,	3462,	3321,	3296,	3323,	3310,	3319,	3304,	3355,	3330,	3357,	3344,	3353,	3338,	
1679,	1796,	1681,	1776,	1771,	1794,	1773,	1792,	1769,	1766,	1824,	1809,	1812,	1831,	1822,	1803,	1324,	1837,	1840,	1331,	1322,	1339,	1850,	295,	298,	1857,	308,	289,	1878,	1863,	1866,	1885,	1876,	1893,	140,	125,	128,	147,	138,	119,	168,	153,	156,	175,	166,	183,	2248,	2263,	2260,	2241,	2250,	2269,	2220,	2235,	2232,	2213,	2222,	2205,	4050,	4065,	4062,	4043,	4052,	4071,	4022,	4037,	4034,	4015,	4024,	4007,	2938,	2377,	2950,	2931,	2940,	2383,	2910,	2925,	2922,	2903,	2912,	2895,	2532,	2547,	2544,	2525,	2534,	2553,	2504,	2519,	2516,	2497,	2506,	2489,	
1682,	1777,	1798,	1795,	1774,	1729,	1770,	1767,	1696,	1791,	1811,	1830,	1823,	1802,	1813,	1832,	1839,	1330,	1323,	1338,	1841,	1332,	297,	1856,	309,	288,	299,	1858,	1865,	1884,	1877,	1892,	1867,	1886,	127,	146,	139,	118,	129,	148,	155,	174,	167,	182,	157,	176,	2261,	2242,	2249,	2270,	2259,	2240,	2233,	2214,	2221,	2206,	2231,	2212,	4063,	4044,	4051,	4072,	4061,	4042,	4035,	4016,	4023,	4008,	4033,	4014,	2375,	2932,	2939,	2384,	2949,	2930,	2923,	2904,	2911,	2896,	2921,	2902,	2545,	2526,	2533,	2554,	2543,	2524,	2517,	2498,	2505,	2490,	2515,	2496,	
1797,	1680,	1775,	1726,	1741,	1772,	1793,	1728,	1765,	1768,	1808,	1825,	1810,	1833,	1804,	1821,	1836,	1325,	1838,	1333,	1340,	1849,	294,	1851,	296,	1859,	290,	307,	1862,	1879,	1864,	1887,	1894,	1875,	124,	141,	126,	149,	120,	137,	152,	169,	154,	177,	184,	165,	2264,	2247,	2262,	2239,	2268,	2251,	2236,	2219,	2234,	2211,	2204,	2223,	4066,	4049,	4064,	4041,	4070,	4053,	4038,	4021,	4036,	4013,	2374,	4025,	2378,	2937,	2376,	2929,	2382,	2941,	2926,	2909,	2924,	2901,	2894,	2913,	2548,	2531,	2546,	2523,	2552,	2535,	2520,	2503,	2518,	2495,	2488,	2507,	
1778,	1683,	1742,	1745,	1722,	1727,	1730,	1697,	1790,	1695,	1829,	1818,	1827,	1814,	1801,	1834,	1329,	1846,	1327,	1842,	1337,	1334,	1855,	304,	1853,	300,	287,	1860,	1883,	1872,	1881,	1868,	1891,	1888,	145,	134,	143,	130,	117,	150,	173,	162,	171,	158,	181,	178,	2243,	2254,	2245,	2258,	2271,	2238,	2215,	2226,	2217,	2230,	2207,	2210,	4045,	4056,	4047,	4060,	4073,	4040,	4017,	4028,	4019,	4032,	4009,	4012,	2933,	2944,	2935,	2948,	2385,	2928,	2905,	2916,	2907,	2920,	2897,	2900,	2527,	2538,	2529,	2542,	2555,	2522,	2499,	2510,	2501,	2514,	2491,	2494,	
1743,	1746,	1719,	1740,	1725,	1698,	1723,	1700,	1731,	1764,	1826,	1807,	1816,	1799,	1820,	1805,	1326,	1835,	1844,	1335,	1848,	1341,	1852,	293,	302,	285,	306,	291,	1880,	1861,	1870,	1889,	1874,	1895,	142,	123,	132,	115,	136,	121,	170,	151,	160,	179,	164,	185,	2246,	2265,	2256,	2273,	2252,	2267,	2218,	2237,	2228,	2209,	2224,	2203,	4048,	4067,	4058,	4075,	4054,	4069,	4020,	4039,	4030,	4011,	4026,	2373,	2936,	2379,	2946,	2387,	2942,	2381,	2908,	2927,	2918,	2899,	2914,	2893,	2530,	2549,	2540,	2557,	2536,	2551,	2502,	2521,	2512,	2493,	2508,	2487,	
1684,	1779,	1744,	1721,	1704,	1701,	1732,	1763,	1694,	1789,	1817,	1828,	1819,	1806,	1815,	1800,	1845,	1328,	1847,	1342,	1843,	1336,	303,	1854,	305,	292,	301,	286,	1871,	1882,	1873,	1896,	1869,	1890,	133,	144,	135,	122,	131,	116,	161,	172,	163,	186,	159,	180,	2255,	2244,	2253,	2266,	2257,	2272,	2227,	2216,	2225,	2202,	2229,	2208,	4057,	4046,	4055,	4068,	4059,	4074,	4029,	4018,	4027,	2372,	4031,	4010,	2945,	2934,	2943,	2380,	2947,	2386,	2917,	2906,	2915,	2892,	2919,	2898,	2539,	2528,	2537,	2550,	2541,	2556,	2511,	2500,	2509,	2486,	2513,	2492,	
1747,	1720,	1703,	1718,	1739,	1724,	1699,	1714,	1735,	1762,	1412,	1391,	1388,	1405,	1414,	1397,	1378,	1357,	1354,	1371,	1344,	1363,	282,	261,	258,	275,	284,	267,	248,	1911,	1908,	241,	1898,	1917,	112,	235,	232,	105,	114,	97,		222,	201,	198,	215,	188,	207,	2276,	2297,	2300,	2283,	2274,	2291,	2310,	2187,	2190,	2317,	2200,	2181,	4078,	2323,	2326,	4085,	4076,	4093,	2336,	2357,	2360,	2343,	2370,	2351,	2390,	2411,	2414,	2397,	2388,	2405,	2424,	2877,	2880,	2431,	2890,	2871,	2560,	2437,	2440,	2567,	2558,	2575,	2450,	2471,	2474,	2457,	2484,	2465,	
1780,	1685,	1748,	1705,	1702,	1715,	1710,	1733,	1788,	1693,	1389,	1406,	1413,	1398,	1387,	1404,	1355,	1372,	1343,	1364,	1353,	1370,	259,	276,	283,	268,	257,	274,	1909,	242,	1897,	1918,	1907,	240,	233,	106,	113,	98,		231,	104,	199,	216,	187,	208,	197,	214,	2299,	2282,	2275,	2290,	2301,	2284,	2189,	2316,	2201,	2180,	2191,	2318,	2325,	4084,	4077,	4092,	2327,	4086,	2359,	2342,	2371,	2350,	2361,	2344,	2413,	2396,	2389,	2404,	2415,	2398,	2879,	2430,	2891,	2870,	2881,	2432,	2439,	2566,	2559,	2574,	2441,	2568,	2473,	2456,	2485,	2464,	2475,	2458,	
1749,	1706,	1717,	1738,	1711,	1708,	1713,	1736,	1761,	1734,	1392,	1411,	1390,	1403,	1396,	1379,	1358,	1377,	1356,	1369,	1362,	1345,	262,	281,	260,	273,	266,	249,	1912,	247,	1910,	239,	1916,	1899,	236,	111,	234,	103,	96,		223,	202,	221,	200,	213,	206,	189,	2296,	2277,	2298,	2285,	2292,	2309,	2186,	2311,	2188,	2319,	2182,	2199,	2322,	4079,	2324,	4087,	4094,	2335,	2356,	2337,	2358,	2345,	2352,	2369,	2410,	2391,	2412,	2399,	2406,	2423,	2876,	2425,	2878,	2433,	2872,	2889,	2436,	2561,	2438,	2569,	2576,	2449,	2470,	2451,	2472,	2459,	2466,	2483,	
1686,	1781,	1752,	1707,	1716,	1737,	1758,	1709,	1692,	1787,	1407,	1382,	1409,	1386,	1399,	1402,	1373,	1348,	1375,	1352,	1365,	1368,	277,	252,	279,	256,	269,	272,	243,	1902,	245,	1906,	1919,	238,	107,	226,	109,	230,	99,		102,	217,	192,	219,	196,	209,	212,	2281,	2306,	2279,	2302,	2289,	2286,	2315,	2196,	2313,	2192,	2179,	2320,	4083,	2332,	4081,	2328,	4091,	4088,	2341,	2366,	2339,	2362,	2349,	2346,	2395,	2420,	2393,	2416,	2403,	2400,	2429,	2886,	2427,	2882,	2869,	2434,	2565,	2446,	2563,	2442,	2573,	2570,	2455,	2480,	2453,	2476,	2463,	2460,	
1753,	1750,	1783,	1688,	1755,	1712,	1785,	1690,	1757,	1760,	1410,	1393,	1384,	1401,	1380,	1395,	1376,	1359,	1350,	1367,	1346,	1361,	280,	263,	254,	271,	250,	265,	246,	1913,	1904,	1921,	1900,	1915,	110,	237,	228,	101,	224,	95,		220,	203,	194,	211,	190,	205,	2278,	2295,	2304,	2287,	2308,	2293,	2312,	2185,	2194,	2177,	2198,	2183,	4080,	2321,	2330,	4089,	2334,	4095,	2338,	2355,	2364,	2347,	2368,	2353,	2392,	2409,	2418,	2401,	2422,	2407,	2426,	2875,	2884,	2867,	2888,	2873,	2562,	2435,	2444,	2571,	2448,	2577,	2452,	2469,	2478,	2461,	2482,	2467,	
1782,	1687,	1754,	1751,	1784,	1689,	1756,	1759,	1786,	1691,	1383,	1408,	1381,	1394,	1385,	1400,	1349,	1374,	1347,	1360,	1351,	1366,	253,	278,	251,	264,	255,	270,	1903,	244,	1901,	1914,	1905,	1920,	227,	108,	225,	94,		229,	100,	193,	218,	191,	204,	195,	210,	2305,	2280,	2307,	2294,	2303,	2288,	2195,	2314,	2197,	2184,	2193,	2178,	2331,	4082,	2333,	4096,	2329,	4090,	2365,	2340,	2367,	2354,	2363,	2348,	2419,	2394,	2421,	2408,	2417,	2402,	2885,	2428,	2887,	2874,	2883,	2868,	2445,	2564,	2447,	2578,	2443,	2572,	2479,	2454,	2481,	2468,	2477,	2462,	
1559,	1676,	1561,	1656,	1651,	1674,	1653,	1672,	1649,	1646,	1440,	1425,	1428,	1447,	1438,	1419,	1468,	1453,	1456,	1475,	1466,	1483,	2040,	2025,	2028,	2047,	2038,	2019,	1924,	2053,	2056,	1931,	1922,	1939,	2066,	79,		82,		2073,	92,		73,		2094,	2079,	2082,	2101,	2092,	2109,	4266,	4281,	4278,	4259,	4268,	4287,	2174,	4253,	4250,	2167,	2176,	2159,	4240,	4111,	4108,	4233,	4098,	4117,	4212,	4227,	4224,	4205,	4214,	4197,	2748,	2763,	2760,	2741,	2750,	2769,	2864,	2735,	2732,	2857,	2866,	2849,	2722,	2593,	2590,	2715,	2580,	2599,	2694,	2709,	2706,	2687,	2696,	2679,	
1562,	1657,	1678,	1675,	1654,	1609,	1650,	1647,	1576,	1671,	1427,	1446,	1439,	1418,	1429,	1448,	1455,	1474,	1467,	1482,	1457,	1476,	2027,	2046,	2039,	2018,	2029,	2048,	2055,	1930,	1923,	1938,	2057,	1932,	81,		2072,	93,		72,		83,		2074,	2081,	2100,	2093,	2108,	2083,	2102,	4279,	4260,	4267,	4288,	4277,	4258,	4251,	2168,	2175,	2160,	4249,	2166,	4109,	4234,	4097,	4118,	4107,	4232,	4225,	4206,	4213,	4198,	4223,	4204,	2761,	2742,	2749,	2770,	2759,	2740,	2733,	2858,	2865,	2850,	2731,	2856,	2591,	2716,	2579,	2600,	2589,	2714,	2707,	2688,	2695,	2680,	2705,	2686,	
1677,	1560,	1655,	1606,	1621,	1652,	1673,	1608,	1645,	1648,	1424,	1441,	1426,	1449,	1420,	1437,	1452,	1469,	1454,	1477,	1484,	1465,	2024,	2041,	2026,	2049,	2020,	2037,	2052,	1925,	2054,	1933,	1940,	2065,	78,		2067,	80,		2075,	74,		91,		2078,	2095,	2080,	2103,	2110,	2091,	4282,	4265,	4280,	4257,	4286,	4269,	4254,	2173,	4252,	2165,	2158,	4241,	4112,	4239,	4110,	4231,	4116,	4099,	4228,	4211,	4226,	4203,	4196,	4215,	2764,	2747,	2762,	2739,	2768,	2751,	2736,	2863,	2734,	2855,	2848,	2723,	2594,	2721,	2592,	2713,	2598,	2581,	2710,	2693,	2708,	2685,	2678,	2697,	
1658,	1563,	1622,	1625,	1602,	1607,	1610,	1577,	1670,	1575,	1445,	1434,	1443,	1430,	1417,	1450,	1473,	1462,	1471,	1458,	1481,	1478,	2045,	2034,	2043,	2030,	2017,	2050,	1929,	2062,	1927,	2058,	1937,	1934,	2071,	88,		2069,	84,		71,		2076,	2099,	2088,	2097,	2084,	2107,	2104,	4261,	4272,	4263,	4276,	4289,	4256,	2169,	4244,	2171,	4248,	2161,	2164,	4235,	4102,	4237,	4106,	4119,	4230,	4207,	4218,	4209,	4222,	4199,	4202,	2743,	2754,	2745,	2758,	2771,	2738,	2859,	2726,	2861,	2730,	2851,	2854,	2717,	2584,	2719,	2588,	2601,	2712,	2689,	2700,	2691,	2704,	2681,	2684,	
1623,	1626,	1599,	1620,	1605,	1578,	1603,	1580,	1611,	1644,	1442,	1423,	1432,	1415,	1436,	1421,	1470,	1451,	1460,	1479,	1464,	1485,	2042,	2023,	2032,	2015,	2036,	2021,	1926,	2051,	2060,	1935,	2064,	1941,	2068,	77,		86,		69,		90,		75,		2096,	2077,	2086,	2105,	2090,	2111,	4264,	4283,	4274,	4291,	4270,	4285,	2172,	4255,	4246,	2163,	4242,	2157,	4238,	4113,	4104,	4121,	4100,	4115,	4210,	4229,	4220,	4201,	4216,	4195,	2746,	2765,	2756,	2773,	2752,	2767,	2862,	2737,	2728,	2853,	2724,	2847,	2720,	2595,	2586,	2603,	2582,	2597,	2692,	2711,	2702,	2683,	2698,	2677,	
1564,	1659,	1624,	1601,	1584,	1581,	1612,	1643,	1574,	1669,	1433,	1444,	1435,	1422,	1431,	1416,	1461,	1472,	1463,	1486,	1459,	1480,	2033,	2044,	2035,	2022,	2031,	2016,	2061,	1928,	2063,	1942,	2059,	1936,	87,		2070,	89,		76,		85,		70,		2087,	2098,	2089,	2112,	2085,	2106,	4273,	4262,	4271,	4284,	4275,	4290,	4245,	2170,	4243,	2156,	4247,	2162,	4103,	4236,	4101,	4114,	4105,	4120,	4219,	4208,	4217,	4194,	4221,	4200,	2755,	2744,	2753,	2766,	2757,	2772,	2727,	2860,	2725,	2846,	2729,	2852,	2585,	2718,	2583,	2596,	2587,	2602,	2701,	2690,	2699,	2676,	2703,	2682,	
1627,	1600,	1583,	1598,	1619,	1604,	1579,	1594,	1615,	1642,	1556,	1535,	1532,	1549,	1558,	1541,	1522,	1501,	1498,	1515,	1488,	1507,	2012,	1991,	1988,	2005,	2014,	1997,	1978,	1957,	1954,	1971,	1944,	1963,	66,		45,		42,		59,		68,		51,		32,		11,		8,		25,		2114,	17,		4294,	4315,	4318,	4301,	4292,	4309,	2120,	2141,	2144,	2127,	2154,	2135,	4124,	4145,	4148,	4131,	4122,	4139,	4158,	4179,	4182,	4165,	4192,	4173,	2776,	2797,	2800,	2783,	2774,	2791,	2810,	2831,	2834,	2817,	2844,	2825,	2606,	2627,	2630,	2613,	2604,	2621,	2640,	2661,	2664,	2647,	2674,	2655,	
1660,	1565,	1628,	1585,	1582,	1595,	1590,	1613,	1668,	1573,	1533,	1550,	1557,	1542,	1531,	1548,	1499,	1516,	1487,	1508,	1497,	1514,	1989,	2006,	2013,	1998,	1987,	2004,	1955,	1972,	1943,	1964,	1953,	1970,	43,		60,		67,		52,		41,		58,		9,		26,		2113,	18,		7,		24,		4317,	4300,	4293,	4308,	4319,	4302,	2143,	2126,	2155,	2134,	2145,	2128,	4147,	4130,	4123,	4138,	4149,	4132,	4181,	4164,	4193,	4172,	4183,	4166,	2799,	2782,	2775,	2790,	2801,	2784,	2833,	2816,	2845,	2824,	2835,	2818,	2629,	2612,	2605,	2620,	2631,	2614,	2663,	2646,	2675,	2654,	2665,	2648,	
1629,	1586,	1597,	1618,	1591,	1588,	1593,	1616,	1641,	1614,	1536,	1555,	1534,	1547,	1540,	1523,	1502,	1521,	1500,	1513,	1506,	1489,	1992,	2011,	1990,	2003,	1996,	1979,	1958,	1977,	1956,	1969,	1962,	1945,	46,		65,		44,		57,		50,		33,		12,		31,		10,		23,		16,		2115,	4314,	4295,	4316,	4303,	4310,	2119,	2140,	2121,	2142,	2129,	2136,	2153,	4144,	4125,	4146,	4133,	4140,	4157,	4178,	4159,	4180,	4167,	4174,	4191,	2796,	2777,	2798,	2785,	2792,	2809,	2830,	2811,	2832,	2819,	2826,	2843,	2626,	2607,	2628,	2615,	2622,	2639,	2660,	2641,	2662,	2649,	2656,	2673,	
1566,	1661,	1632,	1587,	1596,	1617,	1638,	1589,	1572,	1667,	1551,	1526,	1553,	1530,	1543,	1546,	1517,	1492,	1519,	1496,	1509,	1512,	2007,	1982,	2009,	1986,	1999,	2002,	1973,	1948,	1975,	1952,	1965,	1968,	61,		36,		63,		40,		53,		56,		27,		2,		29,		6,		19,		22,		4299,	2116,	4297,	4320,	4307,	4304,	2125,	2150,	2123,	2146,	2133,	2130,	4129,	4154,	4127,	4150,	4137,	4134,	4163,	4188,	4161,	4184,	4171,	4168,	2781,	2806,	2779,	2802,	2789,	2786,	2815,	2840,	2813,	2836,	2823,	2820,	2611,	2636,	2609,	2632,	2619,	2616,	2645,	2670,	2643,	2666,	2653,	2650,	
1633,	1630,	1663,	1568,	1635,	1592,	1665,	1570,	1637,	1640,	1554,	1537,	1528,	1545,	1524,	1539,	1520,	1503,	1494,	1511,	1490,	1505,	2010,	1993,	1984,	2001,	1980,	1995,	1976,	1959,	1950,	1967,	1946,	1961,	64,		47,		38,		55,		34,		49,		30,		13,		4,		21,		0,		15,		4296,	4313,	4322,	4305,	2118,	4311,	2122,	2139,	2148,	2131,	2152,	2137,	4126,	4143,	4152,	4135,	4156,	4141,	4160,	4177,	4186,	4169,	4190,	4175,	2778,	2795,	2804,	2787,	2808,	2793,	2812,	2829,	2838,	2821,	2842,	2827,	2608,	2625,	2634,	2617,	2638,	2623,	2642,	2659,	2668,	2651,	2672,	2657,	
1662,	1567,	1634,	1631,	1664,	1569,	1636,	1639,	1666,	1571,	1527,	1552,	1525,	1538,	1529,	1544,	1493,	1518,	1491,	1504,	1495,	1510,	1983,	2008,	1981,	1994,	1985,	2000,	1949,	1974,	1947,	1960,	1951,	1966,	37,		62,		35,		48,		39,		54,		3,		28,		1,		14,		5,		20,		4323,	4298,	2117,	4312,	4321,	4306,	2149,	2124,	2151,	2138,	2147,	2132,	4153,	4128,	4155,	4142,	4151,	4136,	4187,	4162,	4189,	4176,	4185,	4170,	2805,	2780,	2807,	2794,	2803,	2788,	2839,	2814,	2841,	2828,	2837,	2822,	2635,	2610,	2637,	2624,	2633,	2618,	2669,	2644,	2671,	2658,	2667,	2652,	
8379,	8262,	8377,	8282,	8287,	8264,	8285,	8266,	8289,	8292,	8234,	8249,	8246,	8227,	8236,	8255,	8206,	8221,	8218,	8199,	8208,	8191,	6754,	6739,	6742,	6761,	6752,	6733,	6782,	6767,	6770,	6789,	6780,	6797,	8792,	8777,	8780,	8799,	8790,	8771,	8820,	8805,	8808,	8827,	8818,	8835,	4336,	6625,	4324,	4343,	4334,	6619,	4364,	4349,	4352,	4371,	4362,	4379,	6470,	6455,	6458,	6477,	6468,	6449,	6498,	6483,	6486,	6505,	6496,	6513,	4734,	4749,	4746,	4727,	4736,	4755,	4706,	4721,	4718,	4699,	4708,	4691,	4904,	4919,	4916,	4897,	4906,	4925,	4876,	4891,	4888,	4869,	4878,	4861,	
8376,	8281,	8260,	8263,	8284,	8329,	8288,	8291,	8362,	8267,	8247,	8228,	8235,	8256,	8245,	8226,	8219,	8200,	8207,	8192,	8217,	8198,	6741,	6760,	6753,	6732,	6743,	6762,	6769,	6788,	6781,	6796,	6771,	6790,	8779,	8798,	8791,	8770,	8781,	8800,	8807,	8826,	8819,	8834,	8809,	8828,	6627,	4342,	4335,	6618,	4325,	4344,	4351,	4370,	4363,	4378,	4353,	4372,	6457,	6476,	6469,	6448,	6459,	6478,	6485,	6504,	6497,	6512,	6487,	6506,	4747,	4728,	4735,	4756,	4745,	4726,	4719,	4700,	4707,	4692,	4717,	4698,	4917,	4898,	4905,	4926,	4915,	4896,	4889,	4870,	4877,	4862,	4887,	4868,	
8261,	8378,	8283,	8332,	8317,	8286,	8265,	8330,	8293,	8290,	8250,	8233,	8248,	8225,	8254,	8237,	8222,	8205,	8220,	8197,	8190,	8209,	6738,	6755,	6740,	6763,	6734,	6751,	6766,	6783,	6768,	6791,	6798,	6779,	8776,	8793,	8778,	8801,	8772,	8789,	8804,	8821,	8806,	8829,	6628,	8817,	6624,	4337,	6626,	4345,	6620,	4333,	4348,	4365,	4350,	4373,	4380,	4361,	6454,	6471,	6456,	6479,	6450,	6467,	6482,	6499,	6484,	6507,	6514,	6495,	4750,	4733,	4748,	4725,	4754,	4737,	4722,	4705,	4720,	4697,	4690,	4709,	4920,	4903,	4918,	4895,	4924,	4907,	4892,	4875,	4890,	4867,	4860,	4879,	
8280,	8375,	8316,	8313,	8336,	8331,	8328,	8361,	8268,	8363,	8229,	8240,	8231,	8244,	8257,	8224,	8201,	8212,	8203,	8216,	8193,	8196,	6759,	6748,	6757,	6744,	6731,	6764,	6787,	6776,	6785,	6772,	6795,	6792,	8797,	8786,	8795,	8782,	8769,	8802,	8825,	8814,	8823,	8810,	8833,	8830,	4341,	4330,	4339,	4326,	6617,	4346,	4369,	4358,	4367,	4354,	4377,	4374,	6475,	6464,	6473,	6460,	6447,	6480,	6503,	6492,	6501,	6488,	6511,	6508,	4729,	4740,	4731,	4744,	4757,	4724,	4701,	4712,	4703,	4716,	4693,	4696,	4899,	4910,	4901,	4914,	4927,	4894,	4871,	4882,	4873,	4886,	4863,	4866,	
8315,	8312,	8339,	8318,	8333,	8360,	8335,	8358,	8327,	8294,	8232,	8251,	8242,	8259,	8238,	8253,	8204,	8223,	8214,	8195,	8210,	8189,	6756,	6737,	6746,	6729,	6750,	6735,	6784,	6765,	6774,	6793,	6778,	6799,	8794,	8775,	8784,	8767,	8788,	8773,	8822,	8803,	8812,	8831,	8816,	6629,	4338,	6623,	4328,	6615,	4332,	6621,	4366,	4347,	4356,	4375,	4360,	4381,	6472,	6453,	6462,	6445,	6466,	6451,	6500,	6481,	6490,	6509,	6494,	6515,	4732,	4751,	4742,	4759,	4738,	4753,	4704,	4723,	4714,	4695,	4710,	4689,	4902,	4921,	4912,	4929,	4908,	4923,	4874,	4893,	4884,	4865,	4880,	4859,	
8374,	8279,	8314,	8337,	8354,	8357,	8326,	8295,	8364,	8269,	8241,	8230,	8239,	8252,	8243,	8258,	8213,	8202,	8211,	8188,	8215,	8194,	6747,	6758,	6749,	6736,	6745,	6730,	6775,	6786,	6777,	6800,	6773,	6794,	8785,	8796,	8787,	8774,	8783,	8768,	8813,	8824,	8815,	6630,	8811,	8832,	4329,	4340,	4331,	6622,	4327,	6616,	4357,	4368,	4359,	4382,	4355,	4376,	6463,	6474,	6465,	6452,	6461,	6446,	6491,	6502,	6493,	6516,	6489,	6510,	4741,	4730,	4739,	4752,	4743,	4758,	4713,	4702,	4711,	4688,	4715,	4694,	4911,	4900,	4909,	4922,	4913,	4928,	4883,	4872,	4881,	4858,	4885,	4864,	
8311,	8338,	8355,	8340,	8319,	8334,	8359,	8344,	8323,	8296,	8118,	8139,	8142,	8125,	8116,	8133,	8152,	8173,	8176,	8159,	8186,	8167,	6726,	6705,	6702,	6719,	6728,	6711,	6692,	6815,	6812,	6685,	6802,	6821,	8764,	6679,	6676,	8757,	8766,	8749,	6666,	6645,	6642,	6659,	6632,	6651,	6612,	6591,	6588,	6605,	6614,	6597,	6578,	4397,	4394,	6571,	4384,	4403,	6442,	6565,	6562,	6435,	6444,	6427,	6552,	6531,	6528,	6545,	6518,	6537,	4762,	4783,	4786,	4769,	4760,	4777,	4796,	4673,	4676,	4803,	4686,	4667,	4932,	4809,	4812,	4939,	4930,	4947,	4822,	4843,	4846,	4829,	4856,	4837,	
8278,	8373,	8310,	8353,	8356,	8343,	8348,	8325,	8270,	8365,	8141,	8124,	8117,	8132,	8143,	8126,	8175,	8158,	8187,	8166,	8177,	8160,	6703,	6720,	6727,	6712,	6701,	6718,	6813,	6686,	6801,	6822,	6811,	6684,	6677,	8758,	8765,	8750,	6675,	8756,	6643,	6660,	6631,	6652,	6641,	6658,	6589,	6606,	6613,	6598,	6587,	6604,	4395,	6572,	4383,	4404,	4393,	6570,	6563,	6436,	6443,	6428,	6561,	6434,	6529,	6546,	6517,	6538,	6527,	6544,	4785,	4768,	4761,	4776,	4787,	4770,	4675,	4802,	4687,	4666,	4677,	4804,	4811,	4938,	4931,	4946,	4813,	4940,	4845,	4828,	4857,	4836,	4847,	4830,	
8309,	8352,	8341,	8320,	8347,	8350,	8345,	8322,	8297,	8324,	8138,	8119,	8140,	8127,	8134,	8151,	8172,	8153,	8174,	8161,	8168,	8185,	6706,	6725,	6704,	6717,	6710,	6693,	6816,	6691,	6814,	6683,	6820,	6803,	6680,	8763,	6678,	8755,	8748,	6667,	6646,	6665,	6644,	6657,	6650,	6633,	6592,	6611,	6590,	6603,	6596,	6579,	4398,	6577,	4396,	6569,	4402,	4385,	6566,	6441,	6564,	6433,	6426,	6553,	6532,	6551,	6530,	6543,	6536,	6519,	4782,	4763,	4784,	4771,	4778,	4795,	4672,	4797,	4674,	4805,	4668,	4685,	4808,	4933,	4810,	4941,	4948,	4821,	4842,	4823,	4844,	4831,	4838,	4855,	
8372,	8277,	8306,	8351,	8342,	8321,	8300,	8349,	8366,	8271,	8123,	8148,	8121,	8144,	8131,	8128,	8157,	8182,	8155,	8178,	8165,	8162,	6721,	6696,	6723,	6700,	6713,	6716,	6687,	6806,	6689,	6810,	6823,	6682,	8759,	6670,	8761,	6674,	8751,	8754,	6661,	6636,	6663,	6640,	6653,	6656,	6607,	6582,	6609,	6586,	6599,	6602,	6573,	4388,	6575,	4392,	4405,	6568,	6437,	6556,	6439,	6560,	6429,	6432,	6547,	6522,	6549,	6526,	6539,	6542,	4767,	4792,	4765,	4788,	4775,	4772,	4801,	4682,	4799,	4678,	4665,	4806,	4937,	4818,	4935,	4814,	4945,	4942,	4827,	4852,	4825,	4848,	4835,	4832,	
8305,	8308,	8275,	8370,	8303,	8346,	8273,	8368,	8301,	8298,	8120,	8137,	8146,	8129,	8150,	8135,	8154,	8171,	8180,	8163,	8184,	8169,	6724,	6707,	6698,	6715,	6694,	6709,	6690,	6817,	6808,	6825,	6804,	6819,	8762,	6681,	6672,	8753,	6668,	8747,	6664,	6647,	6638,	6655,	6634,	6649,	6610,	6593,	6584,	6601,	6580,	6595,	6576,	4399,	4390,	4407,	4386,	4401,	6440,	6567,	6558,	6431,	6554,	6425,	6550,	6533,	6524,	6541,	6520,	6535,	4764,	4781,	4790,	4773,	4794,	4779,	4798,	4671,	4680,	4663,	4684,	4669,	4934,	4807,	4816,	4943,	4820,	4949,	4824,	4841,	4850,	4833,	4854,	4839,	
8276,	8371,	8304,	8307,	8274,	8369,	8302,	8299,	8272,	8367,	8147,	8122,	8149,	8136,	8145,	8130,	8181,	8156,	8183,	8170,	8179,	8164,	6697,	6722,	6695,	6708,	6699,	6714,	6807,	6688,	6805,	6818,	6809,	6824,	6671,	8760,	6669,	8746,	6673,	8752,	6637,	6662,	6635,	6648,	6639,	6654,	6583,	6608,	6581,	6594,	6585,	6600,	4389,	6574,	4387,	4400,	4391,	4406,	6557,	6438,	6555,	6424,	6559,	6430,	6523,	6548,	6521,	6534,	6525,	6540,	4791,	4766,	4793,	4780,	4789,	4774,	4681,	4800,	4683,	4670,	4679,	4664,	4817,	4936,	4819,	4950,	4815,	4944,	4851,	4826,	4853,	4840,	4849,	4834,	
8499,	8382,	8497,	8402,	8407,	8384,	8405,	8386,	8409,	8412,	8090,	8105,	8102,	8083,	8092,	8111,	8062,	8077,	8074,	8055,	8064,	8047,	8576,	8561,	8564,	8583,	8574,	8555,	6828,	8589,	8592,	6835,	6826,	6843,	8602,	8731,	8734,	8609,	8744,	8725,	8630,	8615,	8618,	8637,	8628,	8645,	4526,	4511,	4514,	4533,	4524,	4505,	4410,	4539,	4542,	4417,	4408,	4425,	4552,	6409,	6412,	4559,	6422,	6403,	4580,	4565,	4568,	4587,	4578,	4595,	5120,	5135,	5132,	5113,	5122,	5141,	4660,	5107,	5104,	4653,	4662,	4645,	5094,	4965,	4962,	5087,	4952,	4971,	5066,	5081,	5078,	5059,	5068,	5051,	
8496,	8401,	8380,	8383,	8404,	8449,	8408,	8411,	8482,	8387,	8103,	8084,	8091,	8112,	8101,	8082,	8075,	8056,	8063,	8048,	8073,	8054,	8563,	8582,	8575,	8554,	8565,	8584,	8591,	6834,	6827,	6842,	8593,	6836,	8733,	8608,	8745,	8724,	8735,	8610,	8617,	8636,	8629,	8644,	8619,	8638,	4513,	4532,	4525,	4504,	4515,	4534,	4541,	4416,	4409,	4424,	4543,	4418,	6411,	4558,	6423,	6402,	6413,	4560,	4567,	4586,	4579,	4594,	4569,	4588,	5133,	5114,	5121,	5142,	5131,	5112,	5105,	4654,	4661,	4646,	5103,	4652,	4963,	5088,	4951,	4972,	4961,	5086,	5079,	5060,	5067,	5052,	5077,	5058,	
8381,	8498,	8403,	8452,	8437,	8406,	8385,	8450,	8413,	8410,	8106,	8089,	8104,	8081,	8110,	8093,	8078,	8061,	8076,	8053,	8046,	8065,	8560,	8577,	8562,	8585,	8556,	8573,	8588,	6829,	8590,	6837,	6844,	8601,	8730,	8603,	8732,	8611,	8726,	8743,	8614,	8631,	8616,	8639,	8646,	8627,	4510,	4527,	4512,	4535,	4506,	4523,	4538,	4411,	4540,	4419,	4426,	4551,	6408,	4553,	6410,	4561,	6404,	6421,	4564,	4581,	4566,	4589,	4596,	4577,	5136,	5119,	5134,	5111,	5140,	5123,	5108,	4659,	5106,	4651,	4644,	5095,	4966,	5093,	4964,	5085,	4970,	4953,	5082,	5065,	5080,	5057,	5050,	5069,	
8400,	8495,	8436,	8433,	8456,	8451,	8448,	8481,	8388,	8483,	8085,	8096,	8087,	8100,	8113,	8080,	8057,	8068,	8059,	8072,	8049,	8052,	8581,	8570,	8579,	8566,	8553,	8586,	6833,	8598,	6831,	8594,	6841,	6838,	8607,	8740,	8605,	8736,	8723,	8612,	8635,	8624,	8633,	8620,	8643,	8640,	4531,	4520,	4529,	4516,	4503,	4536,	4415,	4548,	4413,	4544,	4423,	4420,	4557,	6418,	4555,	6414,	6401,	4562,	4585,	4574,	4583,	4570,	4593,	4590,	5115,	5126,	5117,	5130,	5143,	5110,	4655,	5098,	4657,	5102,	4647,	4650,	5089,	4956,	5091,	4960,	4973,	5084,	5061,	5072,	5063,	5076,	5053,	5056,	
8435,	8432,	8459,	8438,	8453,	8480,	8455,	8478,	8447,	8414,	8088,	8107,	8098,	8115,	8094,	8109,	8060,	8079,	8070,	8051,	8066,	8045,	8578,	8559,	8568,	8551,	8572,	8557,	6830,	8587,	8596,	6839,	8600,	6845,	8604,	8729,	8738,	8721,	8742,	8727,	8632,	8613,	8622,	8641,	8626,	8647,	4528,	4509,	4518,	4501,	4522,	4507,	4412,	4537,	4546,	4421,	4550,	4427,	4554,	6407,	6416,	6399,	6420,	6405,	4582,	4563,	4572,	4591,	4576,	4597,	5118,	5137,	5128,	5145,	5124,	5139,	4658,	5109,	5100,	4649,	5096,	4643,	5092,	4967,	4958,	4975,	4954,	4969,	5064,	5083,	5074,	5055,	5070,	5049,	
8494,	8399,	8434,	8457,	8474,	8477,	8446,	8415,	8484,	8389,	8097,	8086,	8095,	8108,	8099,	8114,	8069,	8058,	8067,	8044,	8071,	8050,	8569,	8580,	8571,	8558,	8567,	8552,	8597,	6832,	8599,	6846,	8595,	6840,	8739,	8606,	8741,	8728,	8737,	8722,	8623,	8634,	8625,	8648,	8621,	8642,	4519,	4530,	4521,	4508,	4517,	4502,	4547,	4414,	4549,	4428,	4545,	4422,	6417,	4556,	6419,	6406,	6415,	6400,	4573,	4584,	4575,	4598,	4571,	4592,	5127,	5116,	5125,	5138,	5129,	5144,	5099,	4656,	5097,	4642,	5101,	4648,	4957,	5090,	4955,	4968,	4959,	4974,	5073,	5062,	5071,	5048,	5075,	5054,	
8431,	8458,	8475,	8460,	8439,	8454,	8479,	8464,	8443,	8416,	8502,	8523,	8526,	8509,	8500,	8517,	8536,	8029,	8032,	8543,	8042,	8023,	8548,	6895,	6892,	6909,	8550,	6901,	6882,	6861,	6858,	6875,	6848,	6867,	8718,	8697,	8694,	8711,	8720,	8703,	8684,	8663,	8660,	8677,	8650,	8669,	4498,	4477,	4474,	4491,	4500,	4483,	4464,	4443,	4440,	4457,	4430,	4449,	6396,	6375,	6372,	6389,	6398,	6381,	6362,	6341,	6338,	6355,	4600,	6347,	5148,	5169,	5172,	5155,	5146,	5163,	4606,	4627,	4630,	4613,	4640,	4621,	4978,	4999,	5002,	4985,	4976,	4993,	5012,	5033,	5036,	5019,	5046,	5027,	
8398,	8493,	8430,	8473,	8476,	8463,	8468,	8445,	8390,	8485,	8525,	8508,	8501,	8516,	8527,	8510,	8031,	8542,	8043,	8022,	8033,	8544,	6893,	6910,	8549,	6902,	6891,	6908,	6859,	6876,	6847,	6868,	6857,	6874,	8695,	8712,	8719,	8704,	8693,	8710,	8661,	8678,	8649,	8670,	8659,	8676,	4475,	4492,	4499,	4484,	4473,	4490,	4441,	4458,	4429,	4450,	4439,	4456,	6373,	6390,	6397,	6382,	6371,	6388,	6339,	6356,	4599,	6348,	6337,	6354,	5171,	5154,	5147,	5162,	5173,	5156,	4629,	4612,	4641,	4620,	4631,	4614,	5001,	4984,	4977,	4992,	5003,	4986,	5035,	5018,	5047,	5026,	5037,	5020,	
8429,	8472,	8461,	8440,	8467,	8470,	8465,	8442,	8417,	8444,	8522,	8503,	8524,	8511,	8518,	8535,	8028,	8537,	8030,	8545,	8024,	8041,	6896,	8547,	6894,	6907,	6900,	6883,	6862,	6881,	6860,	6873,	6866,	6849,	8698,	8717,	8696,	8709,	8702,	8685,	8664,	8683,	8662,	8675,	8668,	8651,	4478,	4497,	4476,	4489,	4482,	4465,	4444,	4463,	4442,	4455,	4448,	4431,	6376,	6395,	6374,	6387,	6380,	6363,	6342,	6361,	6340,	6353,	6346,	4601,	5168,	5149,	5170,	5157,	5164,	4605,	4626,	4607,	4628,	4615,	4622,	4639,	4998,	4979,	5000,	4987,	4994,	5011,	5032,	5013,	5034,	5021,	5028,	5045,	
8492,	8397,	8426,	8471,	8462,	8441,	8420,	8469,	8486,	8391,	8507,	8532,	8505,	8528,	8515,	8512,	8541,	8038,	8539,	8034,	8021,	8546,	6911,	6886,	6913,	6890,	6903,	6906,	6877,	6852,	6879,	6856,	6869,	6872,	8713,	8688,	8715,	8692,	8705,	8708,	8679,	8654,	8681,	8658,	8671,	8674,	4493,	4468,	4495,	4472,	4485,	4488,	4459,	4434,	4461,	4438,	4451,	4454,	6391,	6366,	6393,	6370,	6383,	6386,	6357,	6332,	6359,	6336,	6349,	6352,	5153,	4602,	5151,	5174,	5161,	5158,	4611,	4636,	4609,	4632,	4619,	4616,	4983,	5008,	4981,	5004,	4991,	4988,	5017,	5042,	5015,	5038,	5025,	5022,	
8425,	8428,	8395,	8490,	8423,	8466,	8393,	8488,	8421,	8418,	8504,	8521,	8530,	8513,	8534,	8519,	8538,	8027,	8036,	8019,	8040,	8025,	6914,	6897,	6888,	6905,	6884,	6899,	6880,	6863,	6854,	6871,	6850,	6865,	8716,	8699,	8690,	8707,	8686,	8701,	8682,	8665,	8656,	8673,	8652,	8667,	4496,	4479,	4470,	4487,	4466,	4481,	4462,	4445,	4436,	4453,	4432,	4447,	6394,	6377,	6368,	6385,	6364,	6379,	6360,	6343,	6334,	6351,	6330,	6345,	5150,	5167,	5176,	5159,	4604,	5165,	4608,	4625,	4634,	4617,	4638,	4623,	4980,	4997,	5006,	4989,	5010,	4995,	5014,	5031,	5040,	5023,	5044,	5029,	
8396,	8491,	8424,	8427,	8394,	8489,	8422,	8419,	8392,	8487,	8531,	8506,	8533,	8520,	8529,	8514,	8037,	8540,	8039,	8026,	8035,	8020,	6887,	6912,	6885,	6898,	6889,	6904,	6853,	6878,	6851,	6864,	6855,	6870,	8689,	8714,	8687,	8700,	8691,	8706,	8655,	8680,	8653,	8666,	8657,	8672,	4469,	4494,	4467,	4480,	4471,	4486,	4435,	4460,	4433,	4446,	4437,	4452,	6367,	6392,	6365,	6378,	6369,	6384,	6333,	6358,	6331,	6344,	6335,	6350,	5177,	5152,	4603,	5166,	5175,	5160,	4635,	4610,	4637,	4624,	4633,	4618,	5007,	4982,	5009,	4996,	5005,	4990,	5041,	5016,	5043,	5030,	5039,	5024,	
7857,	7974,	7859,	7954,	7949,	7972,	7951,	7970,	7947,	7944,	8002,	7987,	7990,	8009,	8000,	7981,	7502,	8015,	8018,	7509,	7500,	7517,	6930,	6915,	6918,	6937,	6928,	7485,	6958,	6943,	6946,	6965,	6956,	6973,	7336,	7321,	7324,	7343,	7334,	7315,	7364,	7349,	7352,	7371,	7362,	7379,	5880,	5865,	5868,	5887,	5878,	5859,	5908,	5893,	5896,	5915,	5906,	5923,	6286,	6271,	6274,	6293,	6284,	6265,	6314,	6299,	6302,	6321,	6312,	6329,	5190,	5751,	5178,	5197,	5188,	5745,	5218,	5203,	5206,	5225,	5216,	5233,	5596,	5581,	5584,	5603,	5594,	5575,	5624,	5609,	5612,	5631,	5622,	5639,	
7860,	7955,	7976,	7973,	7952,	7907,	7948,	7945,	7874,	7969,	7989,	8008,	8001,	7980,	7991,	8010,	8017,	7508,	7501,	7516,	7491,	7510,	6917,	6936,	6929,	7484,	6919,	6938,	6945,	6964,	6957,	6972,	6947,	6966,	7323,	7342,	7335,	7314,	7325,	7344,	7351,	7370,	7363,	7378,	7353,	7372,	5867,	5886,	5879,	5858,	5869,	5888,	5895,	5914,	5907,	5922,	5897,	5916,	6273,	6292,	6285,	6264,	6275,	6294,	6301,	6320,	6313,	6328,	6303,	6322,	5753,	5196,	5189,	5744,	5179,	5198,	5205,	5224,	5217,	5232,	5207,	5226,	5583,	5602,	5595,	5574,	5585,	5604,	5611,	5630,	5623,	5638,	5613,	5632,	
7975,	7858,	7953,	7904,	7919,	7950,	7971,	7906,	7943,	7946,	7986,	8003,	7988,	8011,	7982,	7999,	8014,	7503,	8016,	7511,	7518,	7499,	7490,	6931,	6916,	6939,	7486,	6927,	6942,	6959,	6944,	6967,	6974,	6955,	7320,	7337,	7322,	7345,	7316,	7333,	7348,	7365,	7350,	7373,	7380,	7361,	5864,	5881,	5866,	5889,	5860,	5877,	5892,	5909,	5894,	5917,	5924,	5905,	6270,	6287,	6272,	6295,	6266,	6283,	6298,	6315,	6300,	6323,	5754,	6311,	5750,	5191,	5752,	5199,	5746,	5187,	5202,	5219,	5204,	5227,	5234,	5215,	5580,	5597,	5582,	5605,	5576,	5593,	5608,	5625,	5610,	5633,	5640,	5621,	
7956,	7861,	7920,	7923,	7900,	7905,	7908,	7875,	7968,	7873,	8007,	7996,	8005,	7992,	7979,	8012,	7507,	7496,	7505,	7492,	7515,	7512,	6935,	6924,	6933,	6920,	7483,	6940,	6963,	6952,	6961,	6948,	6971,	6968,	7341,	7330,	7339,	7326,	7313,	7346,	7369,	7358,	7367,	7354,	7377,	7374,	5885,	5874,	5883,	5870,	5857,	5890,	5913,	5902,	5911,	5898,	5921,	5918,	6291,	6280,	6289,	6276,	6263,	6296,	6319,	6308,	6317,	6304,	6327,	6324,	5195,	5184,	5193,	5180,	5743,	5200,	5223,	5212,	5221,	5208,	5231,	5228,	5601,	5590,	5599,	5586,	5573,	5606,	5629,	5618,	5627,	5614,	5637,	5634,	
7921,	7924,	7897,	7918,	7903,	7876,	7901,	7878,	7909,	7942,	8004,	7985,	7994,	7977,	7998,	7983,	7504,	8013,	7494,	7513,	7498,	7519,	6932,	7489,	6922,	7481,	6926,	7487,	6960,	6941,	6950,	6969,	6954,	6975,	7338,	7319,	7328,	7311,	7332,	7317,	7366,	7347,	7356,	7375,	7360,	7381,	5882,	5863,	5872,	5855,	5876,	5861,	5910,	5891,	5900,	5919,	5904,	5925,	6288,	6269,	6278,	6261,	6282,	6267,	6316,	6297,	6306,	6325,	6310,	5755,	5192,	5749,	5182,	5741,	5186,	5747,	5220,	5201,	5210,	5229,	5214,	5235,	5598,	5579,	5588,	5571,	5592,	5577,	5626,	5607,	5616,	5635,	5620,	5641,	
7862,	7957,	7922,	7899,	7882,	7879,	7910,	7941,	7872,	7967,	7995,	8006,	7997,	7984,	7993,	7978,	7495,	7506,	7497,	7520,	7493,	7514,	6923,	6934,	6925,	7488,	6921,	7482,	6951,	6962,	6953,	6976,	6949,	6970,	7329,	7340,	7331,	7318,	7327,	7312,	7357,	7368,	7359,	7382,	7355,	7376,	5873,	5884,	5875,	5862,	5871,	5856,	5901,	5912,	5903,	5926,	5899,	5920,	6279,	6290,	6281,	6268,	6277,	6262,	6307,	6318,	6309,	5756,	6305,	6326,	5183,	5194,	5185,	5748,	5181,	5742,	5211,	5222,	5213,	5236,	5209,	5230,	5589,	5600,	5591,	5578,	5587,	5572,	5617,	5628,	5619,	5642,	5615,	5636,	
7925,	7898,	7881,	7896,	7917,	7902,	7877,	7892,	7913,	7940,	7590,	7569,	7566,	7583,	7592,	7575,	7556,	7535,	7532,	7549,	7522,	7541,	7478,	7457,	7454,	7471,	7480,	7463,	7444,	6991,	6988,	7437,	6978,	6997,	7308,	7431,	7428,	7301,	7310,	7293,	7418,	7397,	7394,	7411,	7384,	7403,	5852,	5831,	5828,	5845,	5854,	5837,	5818,	5941,	5938,	5811,	5928,	5947,	6258,	5805,	5802,	6251,	6260,	6243,	5792,	5771,	5768,	5785,	5758,	5777,	5738,	5717,	5714,	5731,	5740,	5723,	5704,	5251,	5248,	5697,	5238,	5257,	5568,	5691,	5688,	5561,	5570,	5553,	5678,	5657,	5654,	5671,	5644,	5663,	
7958,	7863,	7926,	7883,	7880,	7893,	7888,	7911,	7966,	7871,	7567,	7584,	7591,	7576,	7565,	7582,	7533,	7550,	7521,	7542,	7531,	7548,	7455,	7472,	7479,	7464,	7453,	7470,	6989,	7438,	6977,	6998,	6987,	7436,	7429,	7302,	7309,	7294,	7427,	7300,	7395,	7412,	7383,	7404,	7393,	7410,	5829,	5846,	5853,	5838,	5827,	5844,	5939,	5812,	5927,	5948,	5937,	5810,	5803,	6252,	6259,	6244,	5801,	6250,	5769,	5786,	5757,	5778,	5767,	5784,	5715,	5732,	5739,	5724,	5713,	5730,	5249,	5698,	5237,	5258,	5247,	5696,	5689,	5562,	5569,	5554,	5687,	5560,	5655,	5672,	5643,	5664,	5653,	5670,	
7927,	7884,	7895,	7916,	7889,	7886,	7891,	7914,	7939,	7912,	7570,	7589,	7568,	7581,	7574,	7557,	7536,	7555,	7534,	7547,	7540,	7523,	7458,	7477,	7456,	7469,	7462,	7445,	6992,	7443,	6990,	7435,	6996,	6979,	7432,	7307,	7430,	7299,	7292,	7419,	7398,	7417,	7396,	7409,	7402,	7385,	5832,	5851,	5830,	5843,	5836,	5819,	5942,	5817,	5940,	5809,	5946,	5929,	5806,	6257,	5804,	6249,	6242,	5793,	5772,	5791,	5770,	5783,	5776,	5759,	5718,	5737,	5716,	5729,	5722,	5705,	5252,	5703,	5250,	5695,	5256,	5239,	5692,	5567,	5690,	5559,	5552,	5679,	5658,	5677,	5656,	5669,	5662,	5645,	
7864,	7959,	7930,	7885,	7894,	7915,	7936,	7887,	7870,	7965,	7585,	7560,	7587,	7564,	7577,	7580,	7551,	7526,	7553,	7530,	7543,	7546,	7473,	7448,	7475,	7452,	7465,	7468,	7439,	6982,	7441,	6986,	6999,	7434,	7303,	7422,	7305,	7426,	7295,	7298,	7413,	7388,	7415,	7392,	7405,	7408,	5847,	5822,	5849,	5826,	5839,	5842,	5813,	5932,	5815,	5936,	5949,	5808,	6253,	5796,	6255,	5800,	6245,	6248,	5787,	5762,	5789,	5766,	5779,	5782,	5733,	5708,	5735,	5712,	5725,	5728,	5699,	5242,	5701,	5246,	5259,	5694,	5563,	5682,	5565,	5686,	5555,	5558,	5673,	5648,	5675,	5652,	5665,	5668,	
7931,	7928,	7961,	7866,	7933,	7890,	7963,	7868,	7935,	7938,	7588,	7571,	7562,	7579,	7558,	7573,	7554,	7537,	7528,	7545,	7524,	7539,	7476,	7459,	7450,	7467,	7446,	7461,	7442,	6993,	6984,	7001,	6980,	6995,	7306,	7433,	7424,	7297,	7420,	7291,	7416,	7399,	7390,	7407,	7386,	7401,	5850,	5833,	5824,	5841,	5820,	5835,	5816,	5943,	5934,	5951,	5930,	5945,	6256,	5807,	5798,	6247,	5794,	6241,	5790,	5773,	5764,	5781,	5760,	5775,	5736,	5719,	5710,	5727,	5706,	5721,	5702,	5253,	5244,	5261,	5240,	5255,	5566,	5693,	5684,	5557,	5680,	5551,	5676,	5659,	5650,	5667,	5646,	5661,	
7960,	7865,	7932,	7929,	7962,	7867,	7934,	7937,	7964,	7869,	7561,	7586,	7559,	7572,	7563,	7578,	7527,	7552,	7525,	7538,	7529,	7544,	7449,	7474,	7447,	7460,	7451,	7466,	6983,	7440,	6981,	6994,	6985,	7000,	7423,	7304,	7421,	7290,	7425,	7296,	7389,	7414,	7387,	7400,	7391,	7406,	5823,	5848,	5821,	5834,	5825,	5840,	5933,	5814,	5931,	5944,	5935,	5950,	5797,	6254,	5795,	6240,	5799,	6246,	5763,	5788,	5761,	5774,	5765,	5780,	5709,	5734,	5707,	5720,	5711,	5726,	5243,	5700,	5241,	5254,	5245,	5260,	5683,	5564,	5681,	5550,	5685,	5556,	5649,	5674,	5647,	5660,	5651,	5666,	
7737,	7854,	7739,	7834,	7829,	7852,	7831,	7850,	7827,	7824,	7618,	7603,	7606,	7625,	7616,	7597,	7646,	7631,	7634,	7653,	7644,	7661,	7120,	7105,	7108,	7127,	7118,	7099,	7004,	7133,	7136,	7011,	7002,	7019,	7146,	7275,	7278,	7153,	7288,	7269,	7174,	7159,	7162,	7181,	7172,	7189,	6070,	6055,	6058,	6077,	6068,	6049,	5954,	6083,	6086,	5961,	5952,	5969,	6096,	6225,	6228,	6103,	6238,	6219,	6124,	6109,	6112,	6131,	6122,	6139,	5380,	5365,	5368,	5387,	5378,	5359,	5264,	5393,	5396,	5271,	5262,	5279,	5406,	5535,	5538,	5413,	5548,	5529,	5434,	5419,	5422,	5441,	5432,	5449,	
7740,	7835,	7856,	7853,	7832,	7787,	7828,	7825,	7754,	7849,	7605,	7624,	7617,	7596,	7607,	7626,	7633,	7652,	7645,	7660,	7635,	7654,	7107,	7126,	7119,	7098,	7109,	7128,	7135,	7010,	7003,	7018,	7137,	7012,	7277,	7152,	7289,	7268,	7279,	7154,	7161,	7180,	7173,	7188,	7163,	7182,	6057,	6076,	6069,	6048,	6059,	6078,	6085,	5960,	5953,	5968,	6087,	5962,	6227,	6102,	6239,	6218,	6229,	6104,	6111,	6130,	6123,	6138,	6113,	6132,	5367,	5386,	5379,	5358,	5369,	5388,	5395,	5270,	5263,	5278,	5397,	5272,	5537,	5412,	5549,	5528,	5539,	5414,	5421,	5440,	5433,	5448,	5423,	5442,	
7855,	7738,	7833,	7784,	7799,	7830,	7851,	7786,	7823,	7826,	7602,	7619,	7604,	7627,	7598,	7615,	7630,	7647,	7632,	7655,	7662,	7643,	7104,	7121,	7106,	7129,	7100,	7117,	7132,	7005,	7134,	7013,	7020,	7145,	7274,	7147,	7276,	7155,	7270,	7287,	7158,	7175,	7160,	7183,	7190,	7171,	6054,	6071,	6056,	6079,	6050,	6067,	6082,	5955,	6084,	5963,	5970,	6095,	6224,	6097,	6226,	6105,	6220,	6237,	6108,	6125,	6110,	6133,	6140,	6121,	5364,	5381,	5366,	5389,	5360,	5377,	5392,	5265,	5394,	5273,	5280,	5405,	5534,	5407,	5536,	5415,	5530,	5547,	5418,	5435,	5420,	5443,	5450,	5431,	
7836,	7741,	7800,	7803,	7780,	7785,	7788,	7755,	7848,	7753,	7623,	7612,	7621,	7608,	7595,	7628,	7651,	7640,	7649,	7636,	7659,	7656,	7125,	7114,	7123,	7110,	7097,	7130,	7009,	7142,	7007,	7138,	7017,	7014,	7151,	7284,	7149,	7280,	7267,	7156,	7179,	7168,	7177,	7164,	7187,	7184,	6075,	6064,	6073,	6060,	6047,	6080,	5959,	6092,	5957,	6088,	5967,	5964,	6101,	6234,	6099,	6230,	6217,	6106,	6129,	6118,	6127,	6114,	6137,	6134,	5385,	5374,	5383,	5370,	5357,	5390,	5269,	5402,	5267,	5398,	5277,	5274,	5411,	5544,	5409,	5540,	5527,	5416,	5439,	5428,	5437,	5424,	5447,	5444,	
7801,	7804,	7777,	7798,	7783,	7756,	7781,	7758,	7789,	7822,	7620,	7601,	7610,	7593,	7614,	7599,	7648,	7629,	7638,	7657,	7642,	7663,	7122,	7103,	7112,	7095,	7116,	7101,	7006,	7131,	7140,	7015,	7144,	7021,	7148,	7273,	7282,	7265,	7286,	7271,	7176,	7157,	7166,	7185,	7170,	7191,	6072,	6053,	6062,	6045,	6066,	6051,	5956,	6081,	6090,	5965,	6094,	5971,	6098,	6223,	6232,	6215,	6236,	6221,	6126,	6107,	6116,	6135,	6120,	6141,	5382,	5363,	5372,	5355,	5376,	5361,	5266,	5391,	5400,	5275,	5404,	5281,	5408,	5533,	5542,	5525,	5546,	5531,	5436,	5417,	5426,	5445,	5430,	5451,	
7742,	7837,	7802,	7779,	7762,	7759,	7790,	7821,	7752,	7847,	7611,	7622,	7613,	7600,	7609,	7594,	7639,	7650,	7641,	7664,	7637,	7658,	7113,	7124,	7115,	7102,	7111,	7096,	7141,	7008,	7143,	7022,	7139,	7016,	7283,	7150,	7285,	7272,	7281,	7266,	7167,	7178,	7169,	7192,	7165,	7186,	6063,	6074,	6065,	6052,	6061,	6046,	6091,	5958,	6093,	5972,	6089,	5966,	6233,	6100,	6235,	6222,	6231,	6216,	6117,	6128,	6119,	6142,	6115,	6136,	5373,	5384,	5375,	5362,	5371,	5356,	5401,	5268,	5403,	5282,	5399,	5276,	5543,	5410,	5545,	5532,	5541,	5526,	5427,	5438,	5429,	5452,	5425,	5446,	
7805,	7778,	7761,	7776,	7797,	7782,	7757,	7772,	7793,	7820,	7734,	7713,	7710,	7727,	7736,	7719,	7700,	7679,	7676,	7693,	7666,	7685,	7092,	7071,	7068,	7085,	7094,	7077,	7058,	7037,	7034,	7051,	7024,	7043,	7262,	7241,	7238,	7255,	7264,	7247,	7228,	7207,	7204,	7221,	7194,	7213,	6042,	6021,	6018,	6035,	6044,	6027,	6008,	5987,	5984,	6001,	5974,	5993,	6212,	6191,	6188,	6205,	6214,	6197,	6178,	6157,	6154,	6171,	6144,	6163,	5352,	5331,	5328,	5345,	5354,	5337,	5318,	5297,	5294,	5311,	5284,	5303,	5522,	5501,	5498,	5515,	5524,	5507,	5488,	5467,	5464,	5481,	5454,	5473,	
7838,	7743,	7806,	7763,	7760,	7773,	7768,	7791,	7846,	7751,	7711,	7728,	7735,	7720,	7709,	7726,	7677,	7694,	7665,	7686,	7675,	7692,	7069,	7086,	7093,	7078,	7067,	7084,	7035,	7052,	7023,	7044,	7033,	7050,	7239,	7256,	7263,	7248,	7237,	7254,	7205,	7222,	7193,	7214,	7203,	7220,	6019,	6036,	6043,	6028,	6017,	6034,	5985,	6002,	5973,	5994,	5983,	6000,	6189,	6206,	6213,	6198,	6187,	6204,	6155,	6172,	6143,	6164,	6153,	6170,	5329,	5346,	5353,	5338,	5327,	5344,	5295,	5312,	5283,	5304,	5293,	5310,	5499,	5516,	5523,	5508,	5497,	5514,	5465,	5482,	5453,	5474,	5463,	5480,	
7807,	7764,	7775,	7796,	7769,	7766,	7771,	7794,	7819,	7792,	7714,	7733,	7712,	7725,	7718,	7701,	7680,	7699,	7678,	7691,	7684,	7667,	7072,	7091,	7070,	7083,	7076,	7059,	7038,	7057,	7036,	7049,	7042,	7025,	7242,	7261,	7240,	7253,	7246,	7229,	7208,	7227,	7206,	7219,	7212,	7195,	6022,	6041,	6020,	6033,	6026,	6009,	5988,	6007,	5986,	5999,	5992,	5975,	6192,	6211,	6190,	6203,	6196,	6179,	6158,	6177,	6156,	6169,	6162,	6145,	5332,	5351,	5330,	5343,	5336,	5319,	5298,	5317,	5296,	5309,	5302,	5285,	5502,	5521,	5500,	5513,	5506,	5489,	5468,	5487,	5466,	5479,	5472,	5455,	
7744,	7839,	7810,	7765,	7774,	7795,	7816,	7767,	7750,	7845,	7729,	7704,	7731,	7708,	7721,	7724,	7695,	7670,	7697,	7674,	7687,	7690,	7087,	7062,	7089,	7066,	7079,	7082,	7053,	7028,	7055,	7032,	7045,	7048,	7257,	7232,	7259,	7236,	7249,	7252,	7223,	7198,	7225,	7202,	7215,	7218,	6037,	6012,	6039,	6016,	6029,	6032,	6003,	5978,	6005,	5982,	5995,	5998,	6207,	6182,	6209,	6186,	6199,	6202,	6173,	6148,	6175,	6152,	6165,	6168,	5347,	5322,	5349,	5326,	5339,	5342,	5313,	5288,	5315,	5292,	5305,	5308,	5517,	5492,	5519,	5496,	5509,	5512,	5483,	5458,	5485,	5462,	5475,	5478,	
7811,	7808,	7841,	7746,	7813,	7770,	7843,	7748,	7815,	7818,	7732,	7715,	7706,	7723,	7702,	7717,	7698,	7681,	7672,	7689,	7668,	7683,	7090,	7073,	7064,	7081,	7060,	7075,	7056,	7039,	7030,	7047,	7026,	7041,	7260,	7243,	7234,	7251,	7230,	7245,	7226,	7209,	7200,	7217,	7196,	7211,	6040,	6023,	6014,	6031,	6010,	6025,	6006,	5989,	5980,	5997,	5976,	5991,	6210,	6193,	6184,	6201,	6180,	6195,	6176,	6159,	6150,	6167,	6146,	6161,	5350,	5333,	5324,	5341,	5320,	5335,	5316,	5299,	5290,	5307,	5286,	5301,	5520,	5503,	5494,	5511,	5490,	5505,	5486,	5469,	5460,	5477,	5456,	5471,	
7840,	7745,	7812,	7809,	7842,	7747,	7814,	7817,	7844,	7749,	7705,	7730,	7703,	7716,	7707,	7722,	7671,	7696,	7669,	7682,	7673,	7688,	7063,	7088,	7061,	7074,	7065,	7080,	7029,	7054,	7027,	7040,	7031,	7046,	7233,	7258,	7231,	7244,	7235,	7250,	7199,	7224,	7197,	7210,	7201,	7216,	6013,	6038,	6011,	6024,	6015,	6030,	5979,	6004,	5977,	5990,	5981,	5996,	6183,	6208,	6181,	6194,	6185,	6200,	6149,	6174,	6147,	6160,	6151,	6166,	5323,	5348,	5321,	5334,	5325,	5340,	5289,	5314,	5287,	5300,	5291,	5306,	5493,	5518,	5491,	5504,	5495,	5510,	5459,	5484,	5457,	5470,	5461,	5476,	
