1141,	1156,	1153,	1134,	1143,	1162,	1113,	1128,	1125,	1106,	1115,	1098,	1311,	1326,	1323,	1304,	1313,	1332,	1283,	1298,	1295,	1276,	1285,	1268,	743,	728,	731,	750,	741,	722,	771,	756,	759,	778,	769,	786,	573,	558,	561,	580,	571,	552,	601,	586,	589,	608,	599,	616,	3991,	4006,	4003,	3984,	3993,	4012,	3963,	3978,	3975,	3956,	3965,	3948,	4161,	4176,	4173,	4154,	4163,	4182,	4133,	4148,	4145,	4126,	4135,	4118,	3593,	3578,	3581,	3600,	3591,	3572,	3621,	3606,	3609,	3628,	3619,	3636,	3423,	3408,	3411,	3430,	3421,	3402,	3451,	3436,	3439,	3458,	3449,	3466,	
1154,	1135,	1142,	1163,	1152,	1133,	1126,	1107,	1114,	1099,	1124,	1105,	1324,	1305,	1312,	1333,	1322,	1303,	1296,	1277,	1284,	1269,	1294,	1275,	730,	749,	742,	721,	732,	751,	758,	777,	770,	785,	760,	779,	560,	579,	572,	551,	562,	581,	588,	607,	600,	615,	590,	609,	4004,	3985,	3992,	4013,	4002,	3983,	3976,	3957,	3964,	3949,	3974,	3955,	4174,	4155,	4162,	4183,	4172,	4153,	4146,	4127,	4134,	4119,	4144,	4125,	3580,	3599,	3592,	3571,	3582,	3601,	3608,	3627,	3620,	3635,	3610,	3629,	3410,	3429,	3422,	3401,	3412,	3431,	3438,	3457,	3450,	3465,	3440,	3459,	
1157,	1140,	1155,	1132,	1161,	1144,	1129,	1112,	1127,	1104,	1097,	1116,	1327,	1310,	1325,	1302,	1331,	1314,	1299,	1282,	1297,	1274,	1267,	1286,	727,	744,	729,	752,	723,	740,	755,	772,	757,	780,	787,	768,	557,	574,	559,	582,	553,	570,	585,	602,	587,	610,	617,	598,	4007,	3990,	4005,	3982,	4011,	3994,	3979,	3962,	3977,	3954,	3947,	3966,	4177,	4160,	4175,	4152,	4181,	4164,	4149,	4132,	4147,	4124,	4117,	4136,	3577,	3594,	3579,	3602,	3573,	3590,	3605,	3622,	3607,	3630,	3637,	3618,	3407,	3424,	3409,	3432,	3403,	3420,	3435,	3452,	3437,	3460,	3467,	3448,	
1136,	1147,	1138,	1151,	1164,	1131,	1108,	1119,	1110,	1123,	1100,	1103,	1306,	1317,	1308,	1321,	1334,	1301,	1278,	1289,	1280,	1293,	1270,	1273,	748,	737,	746,	733,	720,	753,	776,	765,	774,	761,	784,	781,	578,	567,	576,	563,	550,	583,	606,	595,	604,	591,	614,	611,	3986,	3997,	3988,	4001,	4014,	3981,	3958,	3969,	3960,	3973,	3950,	3953,	4156,	4167,	4158,	4171,	4184,	4151,	4128,	4139,	4130,	4143,	4120,	4123,	3598,	3587,	3596,	3583,	3570,	3603,	3626,	3615,	3624,	3611,	3634,	3631,	3428,	3417,	3426,	3413,	3400,	3433,	3456,	3445,	3454,	3441,	3464,	3461,	
1139,	1158,	1149,	1166,	1145,	1160,	1111,	1130,	1121,	1102,	1117,	1096,	1309,	1328,	1319,	1336,	1315,	1330,	1281,	1300,	1291,	1272,	1287,	1266,	745,	726,	735,	718,	739,	724,	773,	754,	763,	782,	767,	788,	575,	556,	565,	548,	569,	554,	603,	584,	593,	612,	597,	618,	3989,	4008,	3999,	4016,	3995,	4010,	3961,	3980,	3971,	3952,	3967,	3946,	4159,	4178,	4169,	4186,	4165,	4180,	4131,	4150,	4141,	4122,	4137,	4116,	3595,	3576,	3585,	3568,	3589,	3574,	3623,	3604,	3613,	3632,	3617,	3638,	3425,	3406,	3415,	3398,	3419,	3404,	3453,	3434,	3443,	3462,	3447,	3468,	
1148,	1137,	1146,	1159,	1150,	1165,	1120,	1109,	1118,	1095,	1122,	1101,	1318,	1307,	1316,	1329,	1320,	1335,	1290,	1279,	1288,	1265,	1292,	1271,	736,	747,	738,	725,	734,	719,	764,	775,	766,	789,	762,	783,	566,	577,	568,	555,	564,	549,	594,	605,	596,	619,	592,	613,	3998,	3987,	3996,	4009,	4000,	4015,	3970,	3959,	3968,	3945,	3972,	3951,	4168,	4157,	4166,	4179,	4170,	4185,	4140,	4129,	4138,	4115,	4142,	4121,	3586,	3597,	3588,	3575,	3584,	3569,	3614,	3625,	3616,	3639,	3612,	3633,	3416,	3427,	3418,	3405,	3414,	3399,	3444,	3455,	3446,	3469,	3442,	3463,	
1169,	1190,	1193,	1176,	1167,	1184,	1203,	1080,	1083,	1210,	1093,	1074,	1339,	1216,	1219,	1346,	1337,	1354,	1229,	1250,	1253,	1236,	1263,	1244,	715,	694,	691,	708,	717,	700,	681,	804,	801,	674,	791,	810,	545,	668,	665,	538,	547,	530,	655,	634,	631,	648,	621,	640,	4019,	4040,	4043,	4026,	4017,	4034,	4053,	3930,	3933,	4060,	3943,	3924,	4189,	4066,	4069,	4196,	4187,	4204,	4079,	4100,	4103,	4086,	4113,	4094,	3565,	3544,	3541,	3558,	3567,	3550,	3531,	3654,	3651,	3524,	3641,	3660,	3395,	3518,	3515,	3388,	3397,	3380,	3505,	3484,	3481,	3498,	3471,	3490,	
1192,	1175,	1168,	1183,	1194,	1177,	1082,	1209,	1094,	1073,	1084,	1211,	1218,	1345,	1338,	1353,	1220,	1347,	1252,	1235,	1264,	1243,	1254,	1237,	692,	709,	716,	701,	690,	707,	802,	675,	790,	811,	800,	673,	666,	539,	546,	531,	664,	537,	632,	649,	620,	641,	630,	647,	4042,	4025,	4018,	4033,	4044,	4027,	3932,	4059,	3944,	3923,	3934,	4061,	4068,	4195,	4188,	4203,	4070,	4197,	4102,	4085,	4114,	4093,	4104,	4087,	3542,	3559,	3566,	3551,	3540,	3557,	3652,	3525,	3640,	3661,	3650,	3523,	3516,	3389,	3396,	3381,	3514,	3387,	3482,	3499,	3470,	3491,	3480,	3497,	
1189,	1170,	1191,	1178,	1185,	1202,	1079,	1204,	1081,	1212,	1075,	1092,	1215,	1340,	1217,	1348,	1355,	1228,	1249,	1230,	1251,	1238,	1245,	1262,	695,	714,	693,	706,	699,	682,	805,	680,	803,	672,	809,	792,	669,	544,	667,	536,	529,	656,	635,	654,	633,	646,	639,	622,	4039,	4020,	4041,	4028,	4035,	4052,	3929,	4054,	3931,	4062,	3925,	3942,	4065,	4190,	4067,	4198,	4205,	4078,	4099,	4080,	4101,	4088,	4095,	4112,	3545,	3564,	3543,	3556,	3549,	3532,	3655,	3530,	3653,	3522,	3659,	3642,	3519,	3394,	3517,	3386,	3379,	3506,	3485,	3504,	3483,	3496,	3489,	3472,	
1174,	1199,	1172,	1195,	1182,	1179,	1208,	1089,	1206,	1085,	1072,	1213,	1344,	1225,	1342,	1221,	1352,	1349,	1234,	1259,	1232,	1255,	1242,	1239,	710,	685,	712,	689,	702,	705,	676,	795,	678,	799,	812,	671,	540,	659,	542,	663,	532,	535,	650,	625,	652,	629,	642,	645,	4024,	4049,	4022,	4045,	4032,	4029,	4058,	3939,	4056,	3935,	3922,	4063,	4194,	4075,	4192,	4071,	4202,	4199,	4084,	4109,	4082,	4105,	4092,	4089,	3560,	3535,	3562,	3539,	3552,	3555,	3526,	3645,	3528,	3649,	3662,	3521,	3390,	3509,	3392,	3513,	3382,	3385,	3500,	3475,	3502,	3479,	3492,	3495,	
1171,	1188,	1197,	1180,	1201,	1186,	1205,	1078,	1087,	1070,	1091,	1076,	1341,	1214,	1223,	1350,	1227,	1356,	1231,	1248,	1257,	1240,	1261,	1246,	713,	696,	687,	704,	683,	698,	679,	806,	797,	814,	793,	808,	543,	670,	661,	534,	657,	528,	653,	636,	627,	644,	623,	638,	4021,	4038,	4047,	4030,	4051,	4036,	4055,	3928,	3937,	3920,	3941,	3926,	4191,	4064,	4073,	4200,	4077,	4206,	4081,	4098,	4107,	4090,	4111,	4096,	3563,	3546,	3537,	3554,	3533,	3548,	3529,	3656,	3647,	3664,	3643,	3658,	3393,	3520,	3511,	3384,	3507,	3378,	3503,	3486,	3477,	3494,	3473,	3488,	
1198,	1173,	1200,	1187,	1196,	1181,	1088,	1207,	1090,	1077,	1086,	1071,	1224,	1343,	1226,	1357,	1222,	1351,	1258,	1233,	1260,	1247,	1256,	1241,	686,	711,	684,	697,	688,	703,	796,	677,	794,	807,	798,	813,	660,	541,	658,	527,	662,	533,	626,	651,	624,	637,	628,	643,	4048,	4023,	4050,	4037,	4046,	4031,	3938,	4057,	3940,	3927,	3936,	3921,	4074,	4193,	4076,	4207,	4072,	4201,	4108,	4083,	4110,	4097,	4106,	4091,	3536,	3561,	3534,	3547,	3538,	3553,	3646,	3527,	3644,	3657,	3648,	3663,	3510,	3391,	3508,	3377,	3512,	3383,	3476,	3501,	3474,	3487,	3478,	3493,	
951,	966,	963,	944,	953,	972,	1067,	938,	935,	1060,	1069,	1052,	925,	1372,	1369,	918,	1359,	1378,	897,	912,	909,	890,	899,	882,	357,	342,	345,	364,	355,	336,	817,	370,	373,	824,	815,	832,	383,	512,	515,	390,	525,	506,	411,	396,	399,	418,	409,	426,	3801,	3816,	3813,	3794,	3803,	3822,	3917,	3788,	3785,	3910,	3919,	3902,	3775,	4222,	4219,	3768,	4209,	4228,	3747,	3762,	3759,	3740,	3749,	3732,	3207,	3192,	3195,	3214,	3205,	3186,	3667,	3220,	3223,	3674,	3665,	3682,	3233,	3362,	3365,	3240,	3375,	3356,	3261,	3246,	3249,	3268,	3259,	3276,	
964,	945,	952,	973,	962,	943,	936,	1061,	1068,	1053,	934,	1059,	1370,	919,	1358,	1379,	1368,	917,	910,	891,	898,	883,	908,	889,	344,	363,	356,	335,	346,	365,	372,	823,	816,	831,	374,	825,	514,	389,	526,	505,	516,	391,	398,	417,	410,	425,	400,	419,	3814,	3795,	3802,	3823,	3812,	3793,	3786,	3911,	3918,	3903,	3784,	3909,	4220,	3769,	4208,	4229,	4218,	3767,	3760,	3741,	3748,	3733,	3758,	3739,	3194,	3213,	3206,	3185,	3196,	3215,	3222,	3673,	3666,	3681,	3224,	3675,	3364,	3239,	3376,	3355,	3366,	3241,	3248,	3267,	3260,	3275,	3250,	3269,	
967,	950,	965,	942,	971,	954,	939,	1066,	937,	1058,	1051,	926,	1373,	924,	1371,	916,	1377,	1360,	913,	896,	911,	888,	881,	900,	341,	358,	343,	366,	337,	354,	369,	818,	371,	826,	833,	382,	511,	384,	513,	392,	507,	524,	395,	412,	397,	420,	427,	408,	3817,	3800,	3815,	3792,	3821,	3804,	3789,	3916,	3787,	3908,	3901,	3776,	4223,	3774,	4221,	3766,	4227,	4210,	3763,	3746,	3761,	3738,	3731,	3750,	3191,	3208,	3193,	3216,	3187,	3204,	3219,	3668,	3221,	3676,	3683,	3232,	3361,	3234,	3363,	3242,	3357,	3374,	3245,	3262,	3247,	3270,	3277,	3258,	
946,	957,	948,	961,	974,	941,	1062,	929,	1064,	933,	1054,	1057,	920,	1363,	922,	1367,	1380,	915,	892,	903,	894,	907,	884,	887,	362,	351,	360,	347,	334,	367,	822,	379,	820,	375,	830,	827,	388,	521,	386,	517,	504,	393,	416,	405,	414,	401,	424,	421,	3796,	3807,	3798,	3811,	3824,	3791,	3912,	3779,	3914,	3783,	3904,	3907,	3770,	4213,	3772,	4217,	4230,	3765,	3742,	3753,	3744,	3757,	3734,	3737,	3212,	3201,	3210,	3197,	3184,	3217,	3672,	3229,	3670,	3225,	3680,	3677,	3238,	3371,	3236,	3367,	3354,	3243,	3266,	3255,	3264,	3251,	3274,	3271,	
949,	968,	959,	976,	955,	970,	1065,	940,	931,	1056,	927,	1050,	923,	1374,	1365,	1382,	1361,	1376,	895,	914,	905,	886,	901,	880,	359,	340,	349,	332,	353,	338,	819,	368,	377,	828,	381,	834,	385,	510,	519,	502,	523,	508,	413,	394,	403,	422,	407,	428,	3799,	3818,	3809,	3826,	3805,	3820,	3915,	3790,	3781,	3906,	3777,	3900,	3773,	4224,	4215,	4232,	4211,	4226,	3745,	3764,	3755,	3736,	3751,	3730,	3209,	3190,	3199,	3182,	3203,	3188,	3669,	3218,	3227,	3678,	3231,	3684,	3235,	3360,	3369,	3352,	3373,	3358,	3263,	3244,	3253,	3272,	3257,	3278,	
958,	947,	956,	969,	960,	975,	930,	1063,	928,	1049,	932,	1055,	1364,	921,	1362,	1375,	1366,	1381,	904,	893,	902,	879,	906,	885,	350,	361,	352,	339,	348,	333,	378,	821,	380,	835,	376,	829,	520,	387,	522,	509,	518,	503,	404,	415,	406,	429,	402,	423,	3808,	3797,	3806,	3819,	3810,	3825,	3780,	3913,	3778,	3899,	3782,	3905,	4214,	3771,	4212,	4225,	4216,	4231,	3754,	3743,	3752,	3729,	3756,	3735,	3200,	3211,	3202,	3189,	3198,	3183,	3228,	3671,	3230,	3685,	3226,	3679,	3370,	3237,	3372,	3359,	3368,	3353,	3254,	3265,	3256,	3279,	3252,	3273,	
979,	1000,	1003,	986,	977,	994,	1013,	1034,	1037,	1020,	1047,	1028,	1385,	1406,	1409,	1392,	1383,	1400,	1419,	1440,	1443,	1426,	877,	1434,	329,	308,	305,	322,	331,	314,	871,	850,	847,	864,	837,	856,	499,	478,	475,	492,	501,	484,	465,	444,	441,	458,	431,	450,	3829,	3850,	3853,	3836,	3827,	3844,	3863,	3884,	3887,	3870,	3897,	3878,	4235,	4256,	4259,	4242,	4233,	4250,	4269,	4290,	4293,	4276,	3727,	4284,	3179,	3158,	3155,	3172,	3181,	3164,	3721,	3700,	3697,	3714,	3687,	3706,	3349,	3328,	3325,	3342,	3351,	3334,	3315,	3294,	3291,	3308,	3281,	3300,	
1002,	985,	978,	993,	1004,	987,	1036,	1019,	1048,	1027,	1038,	1021,	1408,	1391,	1384,	1399,	1410,	1393,	1442,	1425,	878,	1433,	1444,	1427,	306,	323,	330,	315,	304,	321,	848,	865,	836,	857,	846,	863,	476,	493,	500,	485,	474,	491,	442,	459,	430,	451,	440,	457,	3852,	3835,	3828,	3843,	3854,	3837,	3886,	3869,	3898,	3877,	3888,	3871,	4258,	4241,	4234,	4249,	4260,	4243,	4292,	4275,	3728,	4283,	4294,	4277,	3156,	3173,	3180,	3165,	3154,	3171,	3698,	3715,	3686,	3707,	3696,	3713,	3326,	3343,	3350,	3335,	3324,	3341,	3292,	3309,	3280,	3301,	3290,	3307,	
999,	980,	1001,	988,	995,	1012,	1033,	1014,	1035,	1022,	1029,	1046,	1405,	1386,	1407,	1394,	1401,	1418,	1439,	1420,	1441,	1428,	1435,	876,	309,	328,	307,	320,	313,	872,	851,	870,	849,	862,	855,	838,	479,	498,	477,	490,	483,	466,	445,	464,	443,	456,	449,	432,	3849,	3830,	3851,	3838,	3845,	3862,	3883,	3864,	3885,	3872,	3879,	3896,	4255,	4236,	4257,	4244,	4251,	4268,	4289,	4270,	4291,	4278,	4285,	3726,	3159,	3178,	3157,	3170,	3163,	3722,	3701,	3720,	3699,	3712,	3705,	3688,	3329,	3348,	3327,	3340,	3333,	3316,	3295,	3314,	3293,	3306,	3299,	3282,	
984,	1009,	982,	1005,	992,	989,	1018,	1043,	1016,	1039,	1026,	1023,	1390,	1415,	1388,	1411,	1398,	1395,	1424,	1449,	1422,	1445,	1432,	1429,	324,	875,	326,	303,	316,	319,	866,	841,	868,	845,	858,	861,	494,	469,	496,	473,	486,	489,	460,	435,	462,	439,	452,	455,	3834,	3859,	3832,	3855,	3842,	3839,	3868,	3893,	3866,	3889,	3876,	3873,	4240,	4265,	4238,	4261,	4248,	4245,	4274,	4299,	4272,	4295,	4282,	4279,	3174,	3725,	3176,	3153,	3166,	3169,	3716,	3691,	3718,	3695,	3708,	3711,	3344,	3319,	3346,	3323,	3336,	3339,	3310,	3285,	3312,	3289,	3302,	3305,	
981,	998,	1007,	990,	1011,	996,	1015,	1032,	1041,	1024,	1045,	1030,	1387,	1404,	1413,	1396,	1417,	1402,	1421,	1438,	1447,	1430,	1451,	1436,	327,	310,	301,	318,	873,	312,	869,	852,	843,	860,	839,	854,	497,	480,	471,	488,	467,	482,	463,	446,	437,	454,	433,	448,	3831,	3848,	3857,	3840,	3861,	3846,	3865,	3882,	3891,	3874,	3895,	3880,	4237,	4254,	4263,	4246,	4267,	4252,	4271,	4288,	4297,	4280,	4301,	4286,	3177,	3160,	3151,	3168,	3723,	3162,	3719,	3702,	3693,	3710,	3689,	3704,	3347,	3330,	3321,	3338,	3317,	3332,	3313,	3296,	3287,	3304,	3283,	3298,	
1008,	983,	1010,	997,	1006,	991,	1042,	1017,	1044,	1031,	1040,	1025,	1414,	1389,	1416,	1403,	1412,	1397,	1448,	1423,	1450,	1437,	1446,	1431,	300,	325,	874,	311,	302,	317,	842,	867,	840,	853,	844,	859,	470,	495,	468,	481,	472,	487,	436,	461,	434,	447,	438,	453,	3858,	3833,	3860,	3847,	3856,	3841,	3892,	3867,	3894,	3881,	3890,	3875,	4264,	4239,	4266,	4253,	4262,	4247,	4298,	4273,	4300,	4287,	4296,	4281,	3150,	3175,	3724,	3161,	3152,	3167,	3692,	3717,	3690,	3703,	3694,	3709,	3320,	3345,	3318,	3331,	3322,	3337,	3286,	3311,	3284,	3297,	3288,	3303,	
1901,	1916,	1913,	1894,	1903,	1922,	1873,	1888,	1885,	1866,	1875,	1858,	1495,	1510,	1507,	1488,	1497,	1516,	1467,	1482,	1479,	1460,	1469,	1452,	287,	2030,	299,	280,	289,	2036,	259,	274,	271,	252,	261,	244,	2185,	2200,	2197,	2178,	2187,	2206,	2157,	2172,	2169,	2150,	2159,	2142,	2447,	2462,	2459,	2440,	2449,	2468,	2419,	2434,	2431,	2412,	2421,	2404,	4345,	4360,	4357,	4338,	4347,	4366,	4317,	4332,	4329,	4310,	4319,	4302,	3137,	2576,	3149,	3130,	3139,	2582,	3109,	3124,	3121,	3102,	3111,	3094,	2731,	2746,	2743,	2724,	2733,	2752,	2703,	2718,	2715,	2696,	2705,	2688,	
1914,	1895,	1902,	1923,	1912,	1893,	1886,	1867,	1874,	1859,	1884,	1865,	1508,	1489,	1496,	1517,	1506,	1487,	1480,	1461,	1468,	1453,	1478,	1459,	2028,	281,	288,	2037,	298,	279,	272,	253,	260,	245,	270,	251,	2198,	2179,	2186,	2207,	2196,	2177,	2170,	2151,	2158,	2143,	2168,	2149,	2460,	2441,	2448,	2469,	2458,	2439,	2432,	2413,	2420,	2405,	2430,	2411,	4358,	4339,	4346,	4367,	4356,	4337,	4330,	4311,	4318,	4303,	4328,	4309,	2574,	3131,	3138,	2583,	3148,	3129,	3122,	3103,	3110,	3095,	3120,	3101,	2744,	2725,	2732,	2753,	2742,	2723,	2716,	2697,	2704,	2689,	2714,	2695,	
1917,	1900,	1915,	1892,	1921,	1904,	1889,	1872,	1887,	1864,	1857,	1876,	1511,	1494,	1509,	1486,	1515,	1498,	1483,	1466,	1481,	1458,	2027,	1470,	2031,	286,	2029,	278,	2035,	290,	275,	258,	273,	250,	243,	262,	2201,	2184,	2199,	2176,	2205,	2188,	2173,	2156,	2171,	2148,	2141,	2160,	2463,	2446,	2461,	2438,	2467,	2450,	2435,	2418,	2433,	2410,	2403,	2422,	4361,	4344,	4359,	4336,	4365,	4348,	4333,	4316,	4331,	4308,	2573,	4320,	2577,	3136,	2575,	3128,	2581,	3140,	3125,	3108,	3123,	3100,	3093,	3112,	2747,	2730,	2745,	2722,	2751,	2734,	2719,	2702,	2717,	2694,	2687,	2706,	
1896,	1907,	1898,	1911,	1924,	1891,	1868,	1879,	1870,	1883,	1860,	1863,	1490,	1501,	1492,	1505,	1518,	1485,	1462,	1473,	1464,	1477,	1454,	1457,	282,	293,	284,	297,	2038,	277,	254,	265,	256,	269,	246,	249,	2180,	2191,	2182,	2195,	2208,	2175,	2152,	2163,	2154,	2167,	2144,	2147,	2442,	2453,	2444,	2457,	2470,	2437,	2414,	2425,	2416,	2429,	2406,	2409,	4340,	4351,	4342,	4355,	4368,	4335,	4312,	4323,	4314,	4327,	4304,	4307,	3132,	3143,	3134,	3147,	2584,	3127,	3104,	3115,	3106,	3119,	3096,	3099,	2726,	2737,	2728,	2741,	2754,	2721,	2698,	2709,	2700,	2713,	2690,	2693,	
1899,	1918,	1909,	1926,	1905,	1920,	1871,	1890,	1881,	1862,	1877,	1856,	1493,	1512,	1503,	1520,	1499,	1514,	1465,	1484,	1475,	1456,	1471,	2026,	285,	2032,	295,	2040,	291,	2034,	257,	276,	267,	248,	263,	242,	2183,	2202,	2193,	2210,	2189,	2204,	2155,	2174,	2165,	2146,	2161,	2140,	2445,	2464,	2455,	2472,	2451,	2466,	2417,	2436,	2427,	2408,	2423,	2402,	4343,	4362,	4353,	4370,	4349,	4364,	4315,	4334,	4325,	4306,	4321,	2572,	3135,	2578,	3145,	2586,	3141,	2580,	3107,	3126,	3117,	3098,	3113,	3092,	2729,	2748,	2739,	2756,	2735,	2750,	2701,	2720,	2711,	2692,	2707,	2686,	
1908,	1897,	1906,	1919,	1910,	1925,	1880,	1869,	1878,	1855,	1882,	1861,	1502,	1491,	1500,	1513,	1504,	1519,	1474,	1463,	1472,	2025,	1476,	1455,	294,	283,	292,	2033,	296,	2039,	266,	255,	264,	241,	268,	247,	2192,	2181,	2190,	2203,	2194,	2209,	2164,	2153,	2162,	2139,	2166,	2145,	2454,	2443,	2452,	2465,	2456,	2471,	2426,	2415,	2424,	2401,	2428,	2407,	4352,	4341,	4350,	4363,	4354,	4369,	4324,	4313,	4322,	2571,	4326,	4305,	3144,	3133,	3142,	2579,	3146,	2585,	3116,	3105,	3114,	3091,	3118,	3097,	2738,	2727,	2736,	2749,	2740,	2755,	2710,	2699,	2708,	2685,	2712,	2691,	
1929,	1950,	1953,	1936,	1927,	1944,	1963,	1840,	1843,	1970,	1853,	1834,	1523,	1976,	1979,	1530,	1521,	1538,	1989,	2010,	2013,	1996,	2023,	2004,	2043,	2064,	2067,	2050,	2041,	2058,	2077,	226,	229,	2084,	239,	220,	2213,	2090,	2093,	2220,	2211,	2228,	2103,	2124,	2127,	2110,	2137,	2118,	2475,	2496,	2499,	2482,	2473,	2490,	2509,	2386,	2389,	2516,	2399,	2380,	4373,	2522,	2525,	4380,	4371,	4388,	2535,	2556,	2559,	2542,	2569,	2550,	2589,	2610,	2613,	2596,	2587,	2604,	2623,	3076,	3079,	2630,	3089,	3070,	2759,	2636,	2639,	2766,	2757,	2774,	2649,	2670,	2673,	2656,	2683,	2664,	
1952,	1935,	1928,	1943,	1954,	1937,	1842,	1969,	1854,	1833,	1844,	1971,	1978,	1529,	1522,	1537,	1980,	1531,	2012,	1995,	2024,	2003,	2014,	1997,	2066,	2049,	2042,	2057,	2068,	2051,	228,	2083,	240,	219,	230,	2085,	2092,	2219,	2212,	2227,	2094,	2221,	2126,	2109,	2138,	2117,	2128,	2111,	2498,	2481,	2474,	2489,	2500,	2483,	2388,	2515,	2400,	2379,	2390,	2517,	2524,	4379,	4372,	4387,	2526,	4381,	2558,	2541,	2570,	2549,	2560,	2543,	2612,	2595,	2588,	2603,	2614,	2597,	3078,	2629,	3090,	3069,	3080,	2631,	2638,	2765,	2758,	2773,	2640,	2767,	2672,	2655,	2684,	2663,	2674,	2657,	
1949,	1930,	1951,	1938,	1945,	1962,	1839,	1964,	1841,	1972,	1835,	1852,	1975,	1524,	1977,	1532,	1539,	1988,	2009,	1990,	2011,	1998,	2005,	2022,	2063,	2044,	2065,	2052,	2059,	2076,	225,	2078,	227,	2086,	221,	238,	2089,	2214,	2091,	2222,	2229,	2102,	2123,	2104,	2125,	2112,	2119,	2136,	2495,	2476,	2497,	2484,	2491,	2508,	2385,	2510,	2387,	2518,	2381,	2398,	2521,	4374,	2523,	4382,	4389,	2534,	2555,	2536,	2557,	2544,	2551,	2568,	2609,	2590,	2611,	2598,	2605,	2622,	3075,	2624,	3077,	2632,	3071,	3088,	2635,	2760,	2637,	2768,	2775,	2648,	2669,	2650,	2671,	2658,	2665,	2682,	
1934,	1959,	1932,	1955,	1942,	1939,	1968,	1849,	1966,	1845,	1832,	1973,	1528,	1985,	1526,	1981,	1536,	1533,	1994,	2019,	1992,	2015,	2002,	1999,	2048,	2073,	2046,	2069,	2056,	2053,	2082,	235,	2080,	231,	218,	2087,	2218,	2099,	2216,	2095,	2226,	2223,	2108,	2133,	2106,	2129,	2116,	2113,	2480,	2505,	2478,	2501,	2488,	2485,	2514,	2395,	2512,	2391,	2378,	2519,	4378,	2531,	4376,	2527,	4386,	4383,	2540,	2565,	2538,	2561,	2548,	2545,	2594,	2619,	2592,	2615,	2602,	2599,	2628,	3085,	2626,	3081,	3068,	2633,	2764,	2645,	2762,	2641,	2772,	2769,	2654,	2679,	2652,	2675,	2662,	2659,	
1931,	1948,	1957,	1940,	1961,	1946,	1965,	1838,	1847,	1830,	1851,	1836,	1525,	1974,	1983,	1534,	1987,	1540,	1991,	2008,	2017,	2000,	2021,	2006,	2045,	2062,	2071,	2054,	2075,	2060,	2079,	224,	233,	216,	237,	222,	2215,	2088,	2097,	2224,	2101,	2230,	2105,	2122,	2131,	2114,	2135,	2120,	2477,	2494,	2503,	2486,	2507,	2492,	2511,	2384,	2393,	2376,	2397,	2382,	4375,	2520,	2529,	4384,	2533,	4390,	2537,	2554,	2563,	2546,	2567,	2552,	2591,	2608,	2617,	2600,	2621,	2606,	2625,	3074,	3083,	3066,	3087,	3072,	2761,	2634,	2643,	2770,	2647,	2776,	2651,	2668,	2677,	2660,	2681,	2666,	
1958,	1933,	1960,	1947,	1956,	1941,	1848,	1967,	1850,	1837,	1846,	1831,	1984,	1527,	1986,	1541,	1982,	1535,	2018,	1993,	2020,	2007,	2016,	2001,	2072,	2047,	2074,	2061,	2070,	2055,	234,	2081,	236,	223,	232,	217,	2098,	2217,	2100,	2231,	2096,	2225,	2132,	2107,	2134,	2121,	2130,	2115,	2504,	2479,	2506,	2493,	2502,	2487,	2394,	2513,	2396,	2383,	2392,	2377,	2530,	4377,	2532,	4391,	2528,	4385,	2564,	2539,	2566,	2553,	2562,	2547,	2618,	2593,	2620,	2607,	2616,	2601,	3084,	2627,	3086,	3073,	3082,	3067,	2644,	2763,	2646,	2777,	2642,	2771,	2678,	2653,	2680,	2667,	2676,	2661,	
1711,	1726,	1723,	1704,	1713,	1732,	1827,	1698,	1695,	1820,	1829,	1812,	1685,	1556,	1553,	1678,	1543,	1562,	1657,	1672,	1669,	1650,	1659,	1642,	97,		112,	109,	90,		99,		118,	213,	84,		81,		206,	215,	198,	71,		2246,	2243,	64,		2233,	2252,	43,		58,		55,		36,		45,		28,		4561,	4576,	4573,	4554,	4563,	4582,	2373,	4548,	4545,	2366,	2375,	2358,	4535,	4406,	4403,	4528,	4393,	4412,	4507,	4522,	4519,	4500,	4509,	4492,	2947,	2962,	2959,	2940,	2949,	2968,	3063,	2934,	2931,	3056,	3065,	3048,	2921,	2792,	2789,	2914,	2779,	2798,	2893,	2908,	2905,	2886,	2895,	2878,	
1724,	1705,	1712,	1733,	1722,	1703,	1696,	1821,	1828,	1813,	1694,	1819,	1554,	1679,	1542,	1563,	1552,	1677,	1670,	1651,	1658,	1643,	1668,	1649,	110,	91,		98,		119,	108,	89,		82,		207,	214,	199,	80,		205,	2244,	65,		2232,	2253,	2242,	63,		56,		37,		44,		29,		54,		35,		4574,	4555,	4562,	4583,	4572,	4553,	4546,	2367,	2374,	2359,	4544,	2365,	4404,	4529,	4392,	4413,	4402,	4527,	4520,	4501,	4508,	4493,	4518,	4499,	2960,	2941,	2948,	2969,	2958,	2939,	2932,	3057,	3064,	3049,	2930,	3055,	2790,	2915,	2778,	2799,	2788,	2913,	2906,	2887,	2894,	2879,	2904,	2885,	
1727,	1710,	1725,	1702,	1731,	1714,	1699,	1826,	1697,	1818,	1811,	1686,	1557,	1684,	1555,	1676,	1561,	1544,	1673,	1656,	1671,	1648,	1641,	1660,	113,	96,		111,	88,		117,	100,	85,		212,	83,		204,	197,	72,		2247,	70,		2245,	62,		2251,	2234,	59,		42,		57,		34,		27,		46,		4577,	4560,	4575,	4552,	4581,	4564,	4549,	2372,	4547,	2364,	2357,	4536,	4407,	4534,	4405,	4526,	4411,	4394,	4523,	4506,	4521,	4498,	4491,	4510,	2963,	2946,	2961,	2938,	2967,	2950,	2935,	3062,	2933,	3054,	3047,	2922,	2793,	2920,	2791,	2912,	2797,	2780,	2909,	2892,	2907,	2884,	2877,	2896,	
1706,	1717,	1708,	1721,	1734,	1701,	1822,	1689,	1824,	1693,	1814,	1817,	1680,	1547,	1682,	1551,	1564,	1675,	1652,	1663,	1654,	1667,	1644,	1647,	92,		103,	94,		107,	120,	87,		208,	75,		210,	79,		200,	203,	66,		2237,	68,		2241,	2254,	61,		38,		49,		40,		53,		30,		33,		4556,	4567,	4558,	4571,	4584,	4551,	2368,	4539,	2370,	4543,	2360,	2363,	4530,	4397,	4532,	4401,	4414,	4525,	4502,	4513,	4504,	4517,	4494,	4497,	2942,	2953,	2944,	2957,	2970,	2937,	3058,	2925,	3060,	2929,	3050,	3053,	2916,	2783,	2918,	2787,	2800,	2911,	2888,	2899,	2890,	2903,	2880,	2883,	
1709,	1728,	1719,	1736,	1715,	1730,	1825,	1700,	1691,	1816,	1687,	1810,	1683,	1558,	1549,	1566,	1545,	1560,	1655,	1674,	1665,	1646,	1661,	1640,	95,		114,	105,	122,	101,	116,	211,	86,		77,		202,	73,		196,	69,		2248,	2239,	2256,	2235,	2250,	41,		60,		51,		32,		47,		26,		4559,	4578,	4569,	4586,	4565,	4580,	2371,	4550,	4541,	2362,	4537,	2356,	4533,	4408,	4399,	4416,	4395,	4410,	4505,	4524,	4515,	4496,	4511,	4490,	2945,	2964,	2955,	2972,	2951,	2966,	3061,	2936,	2927,	3052,	2923,	3046,	2919,	2794,	2785,	2802,	2781,	2796,	2891,	2910,	2901,	2882,	2897,	2876,	
1718,	1707,	1716,	1729,	1720,	1735,	1690,	1823,	1688,	1809,	1692,	1815,	1548,	1681,	1546,	1559,	1550,	1565,	1664,	1653,	1662,	1639,	1666,	1645,	104,	93,		102,	115,	106,	121,	76,		209,	74,		195,	78,		201,	2238,	67,		2236,	2249,	2240,	2255,	50,		39,		48,		25,		52,		31,		4568,	4557,	4566,	4579,	4570,	4585,	4540,	2369,	4538,	2355,	4542,	2361,	4398,	4531,	4396,	4409,	4400,	4415,	4514,	4503,	4512,	4489,	4516,	4495,	2954,	2943,	2952,	2965,	2956,	2971,	2926,	3059,	2924,	3045,	2928,	3051,	2784,	2917,	2782,	2795,	2786,	2801,	2900,	2889,	2898,	2875,	2902,	2881,	
1739,	1760,	1763,	1746,	1737,	1754,	1773,	1794,	1797,	1780,	1807,	1788,	1569,	1590,	1593,	1576,	1567,	1584,	1603,	1624,	1627,	1610,	1637,	1618,	125,	146,	149,	132,	123,	140,	159,	180,	183,	166,	193,	174,	2259,	2280,	2283,	2266,	2257,	2274,	2293,	10,		13,		2300,	23,		4,		4589,	2306,	2309,	4596,	4587,	4604,	2319,	2340,	2343,	2326,	2353,	2334,	4419,	4440,	4443,	4426,	4417,	4434,	4453,	4474,	4477,	4460,	4487,	4468,	2975,	2996,	2999,	2982,	2973,	2990,	3009,	3030,	3033,	3016,	3043,	3024,	2805,	2826,	2829,	2812,	2803,	2820,	2839,	2860,	2863,	2846,	2873,	2854,	
1762,	1745,	1738,	1753,	1764,	1747,	1796,	1779,	1808,	1787,	1798,	1781,	1592,	1575,	1568,	1583,	1594,	1577,	1626,	1609,	1638,	1617,	1628,	1611,	148,	131,	124,	139,	150,	133,	182,	165,	194,	173,	184,	167,	2282,	2265,	2258,	2273,	2284,	2267,	12,		2299,	24,		3,		14,		2301,	2308,	4595,	4588,	4603,	2310,	4597,	2342,	2325,	2354,	2333,	2344,	2327,	4442,	4425,	4418,	4433,	4444,	4427,	4476,	4459,	4488,	4467,	4478,	4461,	2998,	2981,	2974,	2989,	3000,	2983,	3032,	3015,	3044,	3023,	3034,	3017,	2828,	2811,	2804,	2819,	2830,	2813,	2862,	2845,	2874,	2853,	2864,	2847,	
1759,	1740,	1761,	1748,	1755,	1772,	1793,	1774,	1795,	1782,	1789,	1806,	1589,	1570,	1591,	1578,	1585,	1602,	1623,	1604,	1625,	1612,	1619,	1636,	145,	126,	147,	134,	141,	158,	179,	160,	181,	168,	175,	192,	2279,	2260,	2281,	2268,	2275,	2292,	9,		2294,	11,		2302,	5,		22,		2305,	4590,	2307,	4598,	4605,	2318,	2339,	2320,	2341,	2328,	2335,	2352,	4439,	4420,	4441,	4428,	4435,	4452,	4473,	4454,	4475,	4462,	4469,	4486,	2995,	2976,	2997,	2984,	2991,	3008,	3029,	3010,	3031,	3018,	3025,	3042,	2825,	2806,	2827,	2814,	2821,	2838,	2859,	2840,	2861,	2848,	2855,	2872,	
1744,	1769,	1742,	1765,	1752,	1749,	1778,	1803,	1776,	1799,	1786,	1783,	1574,	1599,	1572,	1595,	1582,	1579,	1608,	1633,	1606,	1629,	1616,	1613,	130,	155,	128,	151,	138,	135,	164,	189,	162,	185,	172,	169,	2264,	2289,	2262,	2285,	2272,	2269,	2298,	19,		2296,	15,		2,		2303,	4594,	2315,	4592,	2311,	4602,	4599,	2324,	2349,	2322,	2345,	2332,	2329,	4424,	4449,	4422,	4445,	4432,	4429,	4458,	4483,	4456,	4479,	4466,	4463,	2980,	3005,	2978,	3001,	2988,	2985,	3014,	3039,	3012,	3035,	3022,	3019,	2810,	2835,	2808,	2831,	2818,	2815,	2844,	2869,	2842,	2865,	2852,	2849,	
1741,	1758,	1767,	1750,	1771,	1756,	1775,	1792,	1801,	1784,	1805,	1790,	1571,	1588,	1597,	1580,	1601,	1586,	1605,	1622,	1631,	1614,	1635,	1620,	127,	144,	153,	136,	157,	142,	161,	178,	187,	170,	191,	176,	2261,	2278,	2287,	2270,	2291,	2276,	2295,	8,		17,		0,		21,		6,		4591,	2304,	2313,	4600,	2317,	4606,	2321,	2338,	2347,	2330,	2351,	2336,	4421,	4438,	4447,	4430,	4451,	4436,	4455,	4472,	4481,	4464,	4485,	4470,	2977,	2994,	3003,	2986,	3007,	2992,	3011,	3028,	3037,	3020,	3041,	3026,	2807,	2824,	2833,	2816,	2837,	2822,	2841,	2858,	2867,	2850,	2871,	2856,	
1768,	1743,	1770,	1757,	1766,	1751,	1802,	1777,	1804,	1791,	1800,	1785,	1598,	1573,	1600,	1587,	1596,	1581,	1632,	1607,	1634,	1621,	1630,	1615,	154,	129,	156,	143,	152,	137,	188,	163,	190,	177,	186,	171,	2288,	2263,	2290,	2277,	2286,	2271,	18,		2297,	20,		7,		16,		1,		2314,	4593,	2316,	4607,	2312,	4601,	2348,	2323,	2350,	2337,	2346,	2331,	4448,	4423,	4450,	4437,	4446,	4431,	4482,	4457,	4484,	4471,	4480,	4465,	3004,	2979,	3006,	2993,	3002,	2987,	3038,	3013,	3040,	3027,	3036,	3021,	2834,	2809,	2836,	2823,	2832,	2817,	2868,	2843,	2870,	2857,	2866,	2851,	
8673,	8658,	8661,	8680,	8671,	8652,	8701,	8686,	8689,	8708,	8699,	8716,	8503,	8488,	8491,	8510,	8501,	8482,	8531,	8516,	8519,	8538,	8529,	8546,	9071,	9086,	9083,	9064,	9073,	9092,	9043,	9058,	9055,	9036,	9045,	9028,	6937,	6952,	6949,	6930,	6939,	6958,	9213,	6924,	6921,	9206,	9215,	9198,	6911,	4622,	4619,	6904,	4609,	4628,	6883,	6898,	6895,	6876,	6885,	6868,	4777,	4792,	4789,	4770,	4779,	4798,	4749,	4764,	4761,	4742,	4751,	4734,	6513,	6498,	6501,	6520,	6511,	6492,	6541,	6526,	6529,	6548,	6539,	6556,	6343,	6328,	6331,	6350,	6341,	6322,	6371,	6356,	6359,	6378,	6369,	6386,	
8660,	8679,	8672,	8651,	8662,	8681,	8688,	8707,	8700,	8715,	8690,	8709,	8490,	8509,	8502,	8481,	8492,	8511,	8518,	8537,	8530,	8545,	8520,	8539,	9084,	9065,	9072,	9093,	9082,	9063,	9056,	9037,	9044,	9029,	9054,	9035,	6950,	6931,	6938,	6959,	6948,	6929,	6922,	9207,	9214,	9199,	6920,	9205,	4620,	6905,	4608,	4629,	4618,	6903,	6896,	6877,	6884,	6869,	6894,	6875,	4790,	4771,	4778,	4799,	4788,	4769,	4762,	4743,	4750,	4735,	4760,	4741,	6500,	6519,	6512,	6491,	6502,	6521,	6528,	6547,	6540,	6555,	6530,	6549,	6330,	6349,	6342,	6321,	6332,	6351,	6358,	6377,	6370,	6385,	6360,	6379,	
8657,	8674,	8659,	8682,	8653,	8670,	8685,	8702,	8687,	8710,	8717,	8698,	8487,	8504,	8489,	8512,	8483,	8500,	8515,	8532,	8517,	8540,	8547,	8528,	9087,	9070,	9085,	9062,	9091,	9074,	9059,	9042,	9057,	9034,	9027,	9046,	6953,	6936,	6951,	6928,	6957,	6940,	6925,	9212,	6923,	9204,	9197,	6912,	4623,	6910,	4621,	6902,	4627,	4610,	6899,	6882,	6897,	6874,	6867,	6886,	4793,	4776,	4791,	4768,	4797,	4780,	4765,	4748,	4763,	4740,	4733,	4752,	6497,	6514,	6499,	6522,	6493,	6510,	6525,	6542,	6527,	6550,	6557,	6538,	6327,	6344,	6329,	6352,	6323,	6340,	6355,	6372,	6357,	6380,	6387,	6368,	
8678,	8667,	8676,	8663,	8650,	8683,	8706,	8695,	8704,	8691,	8714,	8711,	8508,	8497,	8506,	8493,	8480,	8513,	8536,	8525,	8534,	8521,	8544,	8541,	9066,	9077,	9068,	9081,	9094,	9061,	9038,	9049,	9040,	9053,	9030,	9033,	6932,	6943,	6934,	6947,	6960,	6927,	9208,	6915,	9210,	6919,	9200,	9203,	6906,	4613,	6908,	4617,	4630,	6901,	6878,	6889,	6880,	6893,	6870,	6873,	4772,	4783,	4774,	4787,	4800,	4767,	4744,	4755,	4746,	4759,	4736,	4739,	6518,	6507,	6516,	6503,	6490,	6523,	6546,	6535,	6544,	6531,	6554,	6551,	6348,	6337,	6346,	6333,	6320,	6353,	6376,	6365,	6374,	6361,	6384,	6381,	
8675,	8656,	8665,	8648,	8669,	8654,	8703,	8684,	8693,	8712,	8697,	8718,	8505,	8486,	8495,	8478,	8499,	8484,	8533,	8514,	8523,	8542,	8527,	8548,	9069,	9088,	9079,	9096,	9075,	9090,	9041,	9060,	9051,	9032,	9047,	9026,	6935,	6954,	6945,	6962,	6941,	6956,	9211,	6926,	6917,	9202,	6913,	9196,	6909,	4624,	4615,	4632,	4611,	4626,	6881,	6900,	6891,	6872,	6887,	6866,	4775,	4794,	4785,	4802,	4781,	4796,	4747,	4766,	4757,	4738,	4753,	4732,	6515,	6496,	6505,	6488,	6509,	6494,	6543,	6524,	6533,	6552,	6537,	6558,	6345,	6326,	6335,	6318,	6339,	6324,	6373,	6354,	6363,	6382,	6367,	6388,	
8666,	8677,	8668,	8655,	8664,	8649,	8694,	8705,	8696,	8719,	8692,	8713,	8496,	8507,	8498,	8485,	8494,	8479,	8524,	8535,	8526,	8549,	8522,	8543,	9078,	9067,	9076,	9089,	9080,	9095,	9050,	9039,	9048,	9025,	9052,	9031,	6944,	6933,	6942,	6955,	6946,	6961,	6916,	9209,	6914,	9195,	6918,	9201,	4614,	6907,	4612,	4625,	4616,	4631,	6890,	6879,	6888,	6865,	6892,	6871,	4784,	4773,	4782,	4795,	4786,	4801,	4756,	4745,	4754,	4731,	4758,	4737,	6506,	6517,	6508,	6495,	6504,	6489,	6534,	6545,	6536,	6559,	6532,	6553,	6336,	6347,	6338,	6325,	6334,	6319,	6364,	6375,	6366,	6389,	6362,	6383,	
8645,	8624,	8621,	8638,	8647,	8630,	8611,	8734,	8731,	8604,	8721,	8740,	8475,	8598,	8595,	8468,	8477,	8460,	8585,	8564,	8561,	8578,	8551,	8570,	9099,	9120,	9123,	9106,	9097,	9114,	9133,	9010,	9013,	9140,	9023,	9004,	6965,	9146,	9149,	6972,	6963,	6980,	9159,	9180,	9183,	9166,	9193,	9174,	4635,	4656,	4659,	4642,	4633,	4650,	4669,	6850,	6853,	4676,	6863,	6844,	4805,	4682,	4685,	4812,	4803,	4820,	4695,	4716,	4719,	4702,	4729,	4710,	6485,	6464,	6461,	6478,	6487,	6470,	6451,	6574,	6571,	6444,	6561,	6580,	6315,	6438,	6435,	6308,	6317,	6300,	6425,	6404,	6401,	6418,	6391,	6410,	
8622,	8639,	8646,	8631,	8620,	8637,	8732,	8605,	8720,	8741,	8730,	8603,	8596,	8469,	8476,	8461,	8594,	8467,	8562,	8579,	8550,	8571,	8560,	8577,	9122,	9105,	9098,	9113,	9124,	9107,	9012,	9139,	9024,	9003,	9014,	9141,	9148,	6971,	6964,	6979,	9150,	6973,	9182,	9165,	9194,	9173,	9184,	9167,	4658,	4641,	4634,	4649,	4660,	4643,	6852,	4675,	6864,	6843,	6854,	4677,	4684,	4811,	4804,	4819,	4686,	4813,	4718,	4701,	4730,	4709,	4720,	4703,	6462,	6479,	6486,	6471,	6460,	6477,	6572,	6445,	6560,	6581,	6570,	6443,	6436,	6309,	6316,	6301,	6434,	6307,	6402,	6419,	6390,	6411,	6400,	6417,	
8625,	8644,	8623,	8636,	8629,	8612,	8735,	8610,	8733,	8602,	8739,	8722,	8599,	8474,	8597,	8466,	8459,	8586,	8565,	8584,	8563,	8576,	8569,	8552,	9119,	9100,	9121,	9108,	9115,	9132,	9009,	9134,	9011,	9142,	9005,	9022,	9145,	6966,	9147,	6974,	6981,	9158,	9179,	9160,	9181,	9168,	9175,	9192,	4655,	4636,	4657,	4644,	4651,	4668,	6849,	4670,	6851,	4678,	6845,	6862,	4681,	4806,	4683,	4814,	4821,	4694,	4715,	4696,	4717,	4704,	4711,	4728,	6465,	6484,	6463,	6476,	6469,	6452,	6575,	6450,	6573,	6442,	6579,	6562,	6439,	6314,	6437,	6306,	6299,	6426,	6405,	6424,	6403,	6416,	6409,	6392,	
8640,	8615,	8642,	8619,	8632,	8635,	8606,	8725,	8608,	8729,	8742,	8601,	8470,	8589,	8472,	8593,	8462,	8465,	8580,	8555,	8582,	8559,	8572,	8575,	9104,	9129,	9102,	9125,	9112,	9109,	9138,	9019,	9136,	9015,	9002,	9143,	6970,	9155,	6968,	9151,	6978,	6975,	9164,	9189,	9162,	9185,	9172,	9169,	4640,	4665,	4638,	4661,	4648,	4645,	4674,	6859,	4672,	6855,	6842,	4679,	4810,	4691,	4808,	4687,	4818,	4815,	4700,	4725,	4698,	4721,	4708,	4705,	6480,	6455,	6482,	6459,	6472,	6475,	6446,	6565,	6448,	6569,	6582,	6441,	6310,	6429,	6312,	6433,	6302,	6305,	6420,	6395,	6422,	6399,	6412,	6415,	
8643,	8626,	8617,	8634,	8613,	8628,	8609,	8736,	8727,	8744,	8723,	8738,	8473,	8600,	8591,	8464,	8587,	8458,	8583,	8566,	8557,	8574,	8553,	8568,	9101,	9118,	9127,	9110,	9131,	9116,	9135,	9008,	9017,	9000,	9021,	9006,	6967,	9144,	9153,	6976,	9157,	6982,	9161,	9178,	9187,	9170,	9191,	9176,	4637,	4654,	4663,	4646,	4667,	4652,	4671,	6848,	6857,	6840,	6861,	6846,	4807,	4680,	4689,	4816,	4693,	4822,	4697,	4714,	4723,	4706,	4727,	4712,	6483,	6466,	6457,	6474,	6453,	6468,	6449,	6576,	6567,	6584,	6563,	6578,	6313,	6440,	6431,	6304,	6427,	6298,	6423,	6406,	6397,	6414,	6393,	6408,	
8616,	8641,	8614,	8627,	8618,	8633,	8726,	8607,	8724,	8737,	8728,	8743,	8590,	8471,	8588,	8457,	8592,	8463,	8556,	8581,	8554,	8567,	8558,	8573,	9128,	9103,	9130,	9117,	9126,	9111,	9018,	9137,	9020,	9007,	9016,	9001,	9154,	6969,	9156,	6983,	9152,	6977,	9188,	9163,	9190,	9177,	9186,	9171,	4664,	4639,	4666,	4653,	4662,	4647,	6858,	4673,	6860,	6847,	6856,	6841,	4690,	4809,	4692,	4823,	4688,	4817,	4724,	4699,	4726,	4713,	4722,	4707,	6456,	6481,	6454,	6467,	6458,	6473,	6566,	6447,	6564,	6577,	6568,	6583,	6430,	6311,	6428,	6297,	6432,	6303,	6396,	6421,	6394,	6407,	6398,	6413,	
8863,	8848,	8851,	8870,	8861,	8842,	8747,	8876,	8879,	8754,	8745,	8762,	8889,	8442,	8445,	8896,	8455,	8436,	8917,	8902,	8905,	8924,	8915,	8932,	7153,	7168,	7165,	7146,	7155,	7174,	8997,	7140,	7137,	8990,	8999,	8982,	7127,	6998,	6995,	7120,	6985,	7004,	7099,	7114,	7111,	7092,	7101,	7084,	6721,	6736,	6733,	6714,	6723,	6742,	6837,	6708,	6705,	6830,	6839,	6822,	6695,	4838,	4835,	6688,	4825,	4844,	6667,	6682,	6679,	6660,	6669,	6652,	6127,	6112,	6115,	6134,	6125,	6106,	6587,	6140,	6143,	6594,	6585,	6602,	6153,	6282,	6285,	6160,	6295,	6276,	6181,	6166,	6169,	6188,	6179,	6196,	
8850,	8869,	8862,	8841,	8852,	8871,	8878,	8753,	8746,	8761,	8880,	8755,	8444,	8895,	8456,	8435,	8446,	8897,	8904,	8923,	8916,	8931,	8906,	8925,	7166,	7147,	7154,	7175,	7164,	7145,	7138,	8991,	8998,	8983,	7136,	8989,	6996,	7121,	6984,	7005,	6994,	7119,	7112,	7093,	7100,	7085,	7110,	7091,	6734,	6715,	6722,	6743,	6732,	6713,	6706,	6831,	6838,	6823,	6704,	6829,	4836,	6689,	4824,	4845,	4834,	6687,	6680,	6661,	6668,	6653,	6678,	6659,	6114,	6133,	6126,	6105,	6116,	6135,	6142,	6593,	6586,	6601,	6144,	6595,	6284,	6159,	6296,	6275,	6286,	6161,	6168,	6187,	6180,	6195,	6170,	6189,	
8847,	8864,	8849,	8872,	8843,	8860,	8875,	8748,	8877,	8756,	8763,	8888,	8441,	8890,	8443,	8898,	8437,	8454,	8901,	8918,	8903,	8926,	8933,	8914,	7169,	7152,	7167,	7144,	7173,	7156,	7141,	8996,	7139,	8988,	8981,	7128,	6999,	7126,	6997,	7118,	7003,	6986,	7115,	7098,	7113,	7090,	7083,	7102,	6737,	6720,	6735,	6712,	6741,	6724,	6709,	6836,	6707,	6828,	6821,	6696,	4839,	6694,	4837,	6686,	4843,	4826,	6683,	6666,	6681,	6658,	6651,	6670,	6111,	6128,	6113,	6136,	6107,	6124,	6139,	6588,	6141,	6596,	6603,	6152,	6281,	6154,	6283,	6162,	6277,	6294,	6165,	6182,	6167,	6190,	6197,	6178,	
8868,	8857,	8866,	8853,	8840,	8873,	8752,	8885,	8750,	8881,	8760,	8757,	8894,	8451,	8892,	8447,	8434,	8899,	8922,	8911,	8920,	8907,	8930,	8927,	7148,	7159,	7150,	7163,	7176,	7143,	8992,	7131,	8994,	7135,	8984,	8987,	7122,	6989,	7124,	6993,	7006,	7117,	7094,	7105,	7096,	7109,	7086,	7089,	6716,	6727,	6718,	6731,	6744,	6711,	6832,	6699,	6834,	6703,	6824,	6827,	6690,	4829,	6692,	4833,	4846,	6685,	6662,	6673,	6664,	6677,	6654,	6657,	6132,	6121,	6130,	6117,	6104,	6137,	6592,	6149,	6590,	6145,	6600,	6597,	6158,	6291,	6156,	6287,	6274,	6163,	6186,	6175,	6184,	6171,	6194,	6191,	
8865,	8846,	8855,	8838,	8859,	8844,	8749,	8874,	8883,	8758,	8887,	8764,	8891,	8440,	8449,	8432,	8453,	8438,	8919,	8900,	8909,	8928,	8913,	8934,	7151,	7170,	7161,	7178,	7157,	7172,	8995,	7142,	7133,	8986,	7129,	8980,	7125,	7000,	6991,	7008,	6987,	7002,	7097,	7116,	7107,	7088,	7103,	7082,	6719,	6738,	6729,	6746,	6725,	6740,	6835,	6710,	6701,	6826,	6697,	6820,	6693,	4840,	4831,	4848,	4827,	4842,	6665,	6684,	6675,	6656,	6671,	6650,	6129,	6110,	6119,	6102,	6123,	6108,	6589,	6138,	6147,	6598,	6151,	6604,	6155,	6280,	6289,	6272,	6293,	6278,	6183,	6164,	6173,	6192,	6177,	6198,	
8856,	8867,	8858,	8845,	8854,	8839,	8884,	8751,	8886,	8765,	8882,	8759,	8450,	8893,	8452,	8439,	8448,	8433,	8910,	8921,	8912,	8935,	8908,	8929,	7160,	7149,	7158,	7171,	7162,	7177,	7132,	8993,	7130,	8979,	7134,	8985,	6990,	7123,	6988,	7001,	6992,	7007,	7106,	7095,	7104,	7081,	7108,	7087,	6728,	6717,	6726,	6739,	6730,	6745,	6700,	6833,	6698,	6819,	6702,	6825,	4830,	6691,	4828,	4841,	4832,	4847,	6674,	6663,	6672,	6649,	6676,	6655,	6120,	6131,	6122,	6109,	6118,	6103,	6148,	6591,	6150,	6605,	6146,	6599,	6290,	6157,	6292,	6279,	6288,	6273,	6174,	6185,	6176,	6199,	6172,	6193,	
8835,	8814,	8811,	8828,	8837,	8820,	8801,	8780,	8777,	8794,	8767,	8786,	8429,	8408,	8405,	8422,	8431,	8414,	8395,	8374,	8371,	8388,	8937,	8380,	7181,	7202,	7205,	7188,	7179,	7196,	8943,	8964,	8967,	8950,	8977,	8958,	7011,	7032,	7035,	7018,	7009,	7026,	7045,	7066,	7069,	7052,	7079,	7060,	6749,	6770,	6773,	6756,	6747,	6764,	6783,	6804,	6807,	6790,	6817,	6798,	4851,	4872,	4875,	4858,	4849,	4866,	4885,	4906,	4909,	4892,	6647,	4900,	6099,	6078,	6075,	6092,	6101,	6084,	6641,	6620,	6617,	6634,	6607,	6626,	6269,	6248,	6245,	6262,	6271,	6254,	6235,	6214,	6211,	6228,	6201,	6220,	
8812,	8829,	8836,	8821,	8810,	8827,	8778,	8795,	8766,	8787,	8776,	8793,	8406,	8423,	8430,	8415,	8404,	8421,	8372,	8389,	8936,	8381,	8370,	8387,	7204,	7187,	7180,	7195,	7206,	7189,	8966,	8949,	8978,	8957,	8968,	8951,	7034,	7017,	7010,	7025,	7036,	7019,	7068,	7051,	7080,	7059,	7070,	7053,	6772,	6755,	6748,	6763,	6774,	6757,	6806,	6789,	6818,	6797,	6808,	6791,	4874,	4857,	4850,	4865,	4876,	4859,	4908,	4891,	6648,	4899,	4910,	4893,	6076,	6093,	6100,	6085,	6074,	6091,	6618,	6635,	6606,	6627,	6616,	6633,	6246,	6263,	6270,	6255,	6244,	6261,	6212,	6229,	6200,	6221,	6210,	6227,	
8815,	8834,	8813,	8826,	8819,	8802,	8781,	8800,	8779,	8792,	8785,	8768,	8409,	8428,	8407,	8420,	8413,	8396,	8375,	8394,	8373,	8386,	8379,	8938,	7201,	7182,	7203,	7190,	7197,	8942,	8963,	8944,	8965,	8952,	8959,	8976,	7031,	7012,	7033,	7020,	7027,	7044,	7065,	7046,	7067,	7054,	7061,	7078,	6769,	6750,	6771,	6758,	6765,	6782,	6803,	6784,	6805,	6792,	6799,	6816,	4871,	4852,	4873,	4860,	4867,	4884,	4905,	4886,	4907,	4894,	4901,	6646,	6079,	6098,	6077,	6090,	6083,	6642,	6621,	6640,	6619,	6632,	6625,	6608,	6249,	6268,	6247,	6260,	6253,	6236,	6215,	6234,	6213,	6226,	6219,	6202,	
8830,	8805,	8832,	8809,	8822,	8825,	8796,	8771,	8798,	8775,	8788,	8791,	8424,	8399,	8426,	8403,	8416,	8419,	8390,	8365,	8392,	8369,	8382,	8385,	7186,	8939,	7184,	7207,	7194,	7191,	8948,	8973,	8946,	8969,	8956,	8953,	7016,	7041,	7014,	7037,	7024,	7021,	7050,	7075,	7048,	7071,	7058,	7055,	6754,	6779,	6752,	6775,	6762,	6759,	6788,	6813,	6786,	6809,	6796,	6793,	4856,	4881,	4854,	4877,	4864,	4861,	4890,	4915,	4888,	4911,	4898,	4895,	6094,	6645,	6096,	6073,	6086,	6089,	6636,	6611,	6638,	6615,	6628,	6631,	6264,	6239,	6266,	6243,	6256,	6259,	6230,	6205,	6232,	6209,	6222,	6225,	
8833,	8816,	8807,	8824,	8803,	8818,	8799,	8782,	8773,	8790,	8769,	8784,	8427,	8410,	8401,	8418,	8397,	8412,	8393,	8376,	8367,	8384,	8363,	8378,	7183,	7200,	7209,	7192,	8941,	7198,	8945,	8962,	8971,	8954,	8975,	8960,	7013,	7030,	7039,	7022,	7043,	7028,	7047,	7064,	7073,	7056,	7077,	7062,	6751,	6768,	6777,	6760,	6781,	6766,	6785,	6802,	6811,	6794,	6815,	6800,	4853,	4870,	4879,	4862,	4883,	4868,	4887,	4904,	4913,	4896,	4917,	4902,	6097,	6080,	6071,	6088,	6643,	6082,	6639,	6622,	6613,	6630,	6609,	6624,	6267,	6250,	6241,	6258,	6237,	6252,	6233,	6216,	6207,	6224,	6203,	6218,	
8806,	8831,	8804,	8817,	8808,	8823,	8772,	8797,	8770,	8783,	8774,	8789,	8400,	8425,	8398,	8411,	8402,	8417,	8366,	8391,	8364,	8377,	8368,	8383,	7210,	7185,	8940,	7199,	7208,	7193,	8972,	8947,	8974,	8961,	8970,	8955,	7040,	7015,	7042,	7029,	7038,	7023,	7074,	7049,	7076,	7063,	7072,	7057,	6778,	6753,	6780,	6767,	6776,	6761,	6812,	6787,	6814,	6801,	6810,	6795,	4880,	4855,	4882,	4869,	4878,	4863,	4914,	4889,	4916,	4903,	4912,	4897,	6070,	6095,	6644,	6081,	6072,	6087,	6612,	6637,	6610,	6623,	6614,	6629,	6240,	6265,	6238,	6251,	6242,	6257,	6206,	6231,	6204,	6217,	6208,	6223,	
7913,	7898,	7901,	7920,	7911,	7892,	7941,	7926,	7929,	7948,	7939,	7956,	8319,	8304,	8307,	8326,	8317,	8298,	8347,	8332,	8335,	8354,	8345,	8362,	7223,	7784,	7211,	7230,	7221,	7778,	7251,	7236,	7239,	7258,	7249,	7266,	7629,	7614,	7617,	7636,	7627,	7608,	7657,	7642,	7645,	7664,	7655,	7672,	5367,	5382,	5379,	5360,	5369,	5388,	5339,	5354,	5351,	5332,	5341,	5324,	4961,	4976,	4973,	4954,	4963,	4982,	4933,	4948,	4945,	4926,	4935,	4918,	6057,	5496,	6069,	6050,	6059,	5502,	6029,	6044,	6041,	6022,	6031,	6014,	5651,	5666,	5663,	5644,	5653,	5672,	5623,	5638,	5635,	5616,	5625,	5608,	
7900,	7919,	7912,	7891,	7902,	7921,	7928,	7947,	7940,	7955,	7930,	7949,	8306,	8325,	8318,	8297,	8308,	8327,	8334,	8353,	8346,	8361,	8336,	8355,	7786,	7229,	7222,	7777,	7212,	7231,	7238,	7257,	7250,	7265,	7240,	7259,	7616,	7635,	7628,	7607,	7618,	7637,	7644,	7663,	7656,	7671,	7646,	7665,	5380,	5361,	5368,	5389,	5378,	5359,	5352,	5333,	5340,	5325,	5350,	5331,	4974,	4955,	4962,	4983,	4972,	4953,	4946,	4927,	4934,	4919,	4944,	4925,	5494,	6051,	6058,	5503,	6068,	6049,	6042,	6023,	6030,	6015,	6040,	6021,	5664,	5645,	5652,	5673,	5662,	5643,	5636,	5617,	5624,	5609,	5634,	5615,	
7897,	7914,	7899,	7922,	7893,	7910,	7925,	7942,	7927,	7950,	7957,	7938,	8303,	8320,	8305,	8328,	8299,	8316,	8331,	8348,	8333,	8356,	7787,	8344,	7783,	7224,	7785,	7232,	7779,	7220,	7235,	7252,	7237,	7260,	7267,	7248,	7613,	7630,	7615,	7638,	7609,	7626,	7641,	7658,	7643,	7666,	7673,	7654,	5383,	5366,	5381,	5358,	5387,	5370,	5355,	5338,	5353,	5330,	5323,	5342,	4977,	4960,	4975,	4952,	4981,	4964,	4949,	4932,	4947,	4924,	5493,	4936,	5497,	6056,	5495,	6048,	5501,	6060,	6045,	6028,	6043,	6020,	6013,	6032,	5667,	5650,	5665,	5642,	5671,	5654,	5639,	5622,	5637,	5614,	5607,	5626,	
7918,	7907,	7916,	7903,	7890,	7923,	7946,	7935,	7944,	7931,	7954,	7951,	8324,	8313,	8322,	8309,	8296,	8329,	8352,	8341,	8350,	8337,	8360,	8357,	7228,	7217,	7226,	7213,	7776,	7233,	7256,	7245,	7254,	7241,	7264,	7261,	7634,	7623,	7632,	7619,	7606,	7639,	7662,	7651,	7660,	7647,	7670,	7667,	5362,	5373,	5364,	5377,	5390,	5357,	5334,	5345,	5336,	5349,	5326,	5329,	4956,	4967,	4958,	4971,	4984,	4951,	4928,	4939,	4930,	4943,	4920,	4923,	6052,	6063,	6054,	6067,	5504,	6047,	6024,	6035,	6026,	6039,	6016,	6019,	5646,	5657,	5648,	5661,	5674,	5641,	5618,	5629,	5620,	5633,	5610,	5613,	
7915,	7896,	7905,	7888,	7909,	7894,	7943,	7924,	7933,	7952,	7937,	7958,	8321,	8302,	8311,	8294,	8315,	8300,	8349,	8330,	8339,	8358,	8343,	7788,	7225,	7782,	7215,	7774,	7219,	7780,	7253,	7234,	7243,	7262,	7247,	7268,	7631,	7612,	7621,	7604,	7625,	7610,	7659,	7640,	7649,	7668,	7653,	7674,	5365,	5384,	5375,	5392,	5371,	5386,	5337,	5356,	5347,	5328,	5343,	5322,	4959,	4978,	4969,	4986,	4965,	4980,	4931,	4950,	4941,	4922,	4937,	5492,	6055,	5498,	6065,	5506,	6061,	5500,	6027,	6046,	6037,	6018,	6033,	6012,	5649,	5668,	5659,	5676,	5655,	5670,	5621,	5640,	5631,	5612,	5627,	5606,	
7906,	7917,	7908,	7895,	7904,	7889,	7934,	7945,	7936,	7959,	7932,	7953,	8312,	8323,	8314,	8301,	8310,	8295,	8340,	8351,	8342,	7789,	8338,	8359,	7216,	7227,	7218,	7781,	7214,	7775,	7244,	7255,	7246,	7269,	7242,	7263,	7622,	7633,	7624,	7611,	7620,	7605,	7650,	7661,	7652,	7675,	7648,	7669,	5374,	5363,	5372,	5385,	5376,	5391,	5346,	5335,	5344,	5321,	5348,	5327,	4968,	4957,	4966,	4979,	4970,	4985,	4940,	4929,	4938,	5491,	4942,	4921,	6064,	6053,	6062,	5499,	6066,	5505,	6036,	6025,	6034,	6011,	6038,	6017,	5658,	5647,	5656,	5669,	5660,	5675,	5630,	5619,	5628,	5605,	5632,	5611,	
7885,	7864,	7861,	7878,	7887,	7870,	7851,	7974,	7971,	7844,	7961,	7980,	8291,	7838,	7835,	8284,	8293,	8276,	7825,	7804,	7801,	7818,	7791,	7810,	7771,	7750,	7747,	7764,	7773,	7756,	7737,	7284,	7281,	7730,	7271,	7290,	7601,	7724,	7721,	7594,	7603,	7586,	7711,	7690,	7687,	7704,	7677,	7696,	5395,	5416,	5419,	5402,	5393,	5410,	5429,	5306,	5309,	5436,	5319,	5300,	4989,	5442,	5445,	4996,	4987,	5004,	5455,	5476,	5479,	5462,	5489,	5470,	5509,	5530,	5533,	5516,	5507,	5524,	5543,	5996,	5999,	5550,	6009,	5990,	5679,	5556,	5559,	5686,	5677,	5694,	5569,	5590,	5593,	5576,	5603,	5584,	
7862,	7879,	7886,	7871,	7860,	7877,	7972,	7845,	7960,	7981,	7970,	7843,	7836,	8285,	8292,	8277,	7834,	8283,	7802,	7819,	7790,	7811,	7800,	7817,	7748,	7765,	7772,	7757,	7746,	7763,	7282,	7731,	7270,	7291,	7280,	7729,	7722,	7595,	7602,	7587,	7720,	7593,	7688,	7705,	7676,	7697,	7686,	7703,	5418,	5401,	5394,	5409,	5420,	5403,	5308,	5435,	5320,	5299,	5310,	5437,	5444,	4995,	4988,	5003,	5446,	4997,	5478,	5461,	5490,	5469,	5480,	5463,	5532,	5515,	5508,	5523,	5534,	5517,	5998,	5549,	6010,	5989,	6000,	5551,	5558,	5685,	5678,	5693,	5560,	5687,	5592,	5575,	5604,	5583,	5594,	5577,	
7865,	7884,	7863,	7876,	7869,	7852,	7975,	7850,	7973,	7842,	7979,	7962,	7839,	8290,	7837,	8282,	8275,	7826,	7805,	7824,	7803,	7816,	7809,	7792,	7751,	7770,	7749,	7762,	7755,	7738,	7285,	7736,	7283,	7728,	7289,	7272,	7725,	7600,	7723,	7592,	7585,	7712,	7691,	7710,	7689,	7702,	7695,	7678,	5415,	5396,	5417,	5404,	5411,	5428,	5305,	5430,	5307,	5438,	5301,	5318,	5441,	4990,	5443,	4998,	5005,	5454,	5475,	5456,	5477,	5464,	5471,	5488,	5529,	5510,	5531,	5518,	5525,	5542,	5995,	5544,	5997,	5552,	5991,	6008,	5555,	5680,	5557,	5688,	5695,	5568,	5589,	5570,	5591,	5578,	5585,	5602,	
7880,	7855,	7882,	7859,	7872,	7875,	7846,	7965,	7848,	7969,	7982,	7841,	8286,	7829,	8288,	7833,	8278,	8281,	7820,	7795,	7822,	7799,	7812,	7815,	7766,	7741,	7768,	7745,	7758,	7761,	7732,	7275,	7734,	7279,	7292,	7727,	7596,	7715,	7598,	7719,	7588,	7591,	7706,	7681,	7708,	7685,	7698,	7701,	5400,	5425,	5398,	5421,	5408,	5405,	5434,	5315,	5432,	5311,	5298,	5439,	4994,	5451,	4992,	5447,	5002,	4999,	5460,	5485,	5458,	5481,	5468,	5465,	5514,	5539,	5512,	5535,	5522,	5519,	5548,	6005,	5546,	6001,	5988,	5553,	5684,	5565,	5682,	5561,	5692,	5689,	5574,	5599,	5572,	5595,	5582,	5579,	
7883,	7866,	7857,	7874,	7853,	7868,	7849,	7976,	7967,	7984,	7963,	7978,	8289,	7840,	7831,	8280,	7827,	8274,	7823,	7806,	7797,	7814,	7793,	7808,	7769,	7752,	7743,	7760,	7739,	7754,	7735,	7286,	7277,	7294,	7273,	7288,	7599,	7726,	7717,	7590,	7713,	7584,	7709,	7692,	7683,	7700,	7679,	7694,	5397,	5414,	5423,	5406,	5427,	5412,	5431,	5304,	5313,	5296,	5317,	5302,	4991,	5440,	5449,	5000,	5453,	5006,	5457,	5474,	5483,	5466,	5487,	5472,	5511,	5528,	5537,	5520,	5541,	5526,	5545,	5994,	6003,	5986,	6007,	5992,	5681,	5554,	5563,	5690,	5567,	5696,	5571,	5588,	5597,	5580,	5601,	5586,	
7856,	7881,	7854,	7867,	7858,	7873,	7966,	7847,	7964,	7977,	7968,	7983,	7830,	8287,	7828,	8273,	7832,	8279,	7796,	7821,	7794,	7807,	7798,	7813,	7742,	7767,	7740,	7753,	7744,	7759,	7276,	7733,	7274,	7287,	7278,	7293,	7716,	7597,	7714,	7583,	7718,	7589,	7682,	7707,	7680,	7693,	7684,	7699,	5424,	5399,	5426,	5413,	5422,	5407,	5314,	5433,	5316,	5303,	5312,	5297,	5450,	4993,	5452,	5007,	5448,	5001,	5484,	5459,	5486,	5473,	5482,	5467,	5538,	5513,	5540,	5527,	5536,	5521,	6004,	5547,	6006,	5993,	6002,	5987,	5564,	5683,	5566,	5697,	5562,	5691,	5598,	5573,	5600,	5587,	5596,	5581,	
8103,	8088,	8091,	8110,	8101,	8082,	7987,	8116,	8119,	7994,	7985,	8002,	8129,	8258,	8261,	8136,	8271,	8252,	8157,	8142,	8145,	8164,	8155,	8172,	7413,	7398,	7401,	7420,	7411,	7392,	7297,	7426,	7429,	7304,	7295,	7312,	7439,	7568,	7571,	7446,	7581,	7562,	7467,	7452,	7455,	7474,	7465,	7482,	5177,	5192,	5189,	5170,	5179,	5198,	5293,	5164,	5161,	5286,	5295,	5278,	5151,	5022,	5019,	5144,	5009,	5028,	5123,	5138,	5135,	5116,	5125,	5108,	5867,	5882,	5879,	5860,	5869,	5888,	5983,	5854,	5851,	5976,	5985,	5968,	5841,	5712,	5709,	5834,	5699,	5718,	5813,	5828,	5825,	5806,	5815,	5798,	
8090,	8109,	8102,	8081,	8092,	8111,	8118,	7993,	7986,	8001,	8120,	7995,	8260,	8135,	8272,	8251,	8262,	8137,	8144,	8163,	8156,	8171,	8146,	8165,	7400,	7419,	7412,	7391,	7402,	7421,	7428,	7303,	7296,	7311,	7430,	7305,	7570,	7445,	7582,	7561,	7572,	7447,	7454,	7473,	7466,	7481,	7456,	7475,	5190,	5171,	5178,	5199,	5188,	5169,	5162,	5287,	5294,	5279,	5160,	5285,	5020,	5145,	5008,	5029,	5018,	5143,	5136,	5117,	5124,	5109,	5134,	5115,	5880,	5861,	5868,	5889,	5878,	5859,	5852,	5977,	5984,	5969,	5850,	5975,	5710,	5835,	5698,	5719,	5708,	5833,	5826,	5807,	5814,	5799,	5824,	5805,	
8087,	8104,	8089,	8112,	8083,	8100,	8115,	7988,	8117,	7996,	8003,	8128,	8257,	8130,	8259,	8138,	8253,	8270,	8141,	8158,	8143,	8166,	8173,	8154,	7397,	7414,	7399,	7422,	7393,	7410,	7425,	7298,	7427,	7306,	7313,	7438,	7567,	7440,	7569,	7448,	7563,	7580,	7451,	7468,	7453,	7476,	7483,	7464,	5193,	5176,	5191,	5168,	5197,	5180,	5165,	5292,	5163,	5284,	5277,	5152,	5023,	5150,	5021,	5142,	5027,	5010,	5139,	5122,	5137,	5114,	5107,	5126,	5883,	5866,	5881,	5858,	5887,	5870,	5855,	5982,	5853,	5974,	5967,	5842,	5713,	5840,	5711,	5832,	5717,	5700,	5829,	5812,	5827,	5804,	5797,	5816,	
8108,	8097,	8106,	8093,	8080,	8113,	7992,	8125,	7990,	8121,	8000,	7997,	8134,	8267,	8132,	8263,	8250,	8139,	8162,	8151,	8160,	8147,	8170,	8167,	7418,	7407,	7416,	7403,	7390,	7423,	7302,	7435,	7300,	7431,	7310,	7307,	7444,	7577,	7442,	7573,	7560,	7449,	7472,	7461,	7470,	7457,	7480,	7477,	5172,	5183,	5174,	5187,	5200,	5167,	5288,	5155,	5290,	5159,	5280,	5283,	5146,	5013,	5148,	5017,	5030,	5141,	5118,	5129,	5120,	5133,	5110,	5113,	5862,	5873,	5864,	5877,	5890,	5857,	5978,	5845,	5980,	5849,	5970,	5973,	5836,	5703,	5838,	5707,	5720,	5831,	5808,	5819,	5810,	5823,	5800,	5803,	
8105,	8086,	8095,	8078,	8099,	8084,	7989,	8114,	8123,	7998,	8127,	8004,	8131,	8256,	8265,	8248,	8269,	8254,	8159,	8140,	8149,	8168,	8153,	8174,	7415,	7396,	7405,	7388,	7409,	7394,	7299,	7424,	7433,	7308,	7437,	7314,	7441,	7566,	7575,	7558,	7579,	7564,	7469,	7450,	7459,	7478,	7463,	7484,	5175,	5194,	5185,	5202,	5181,	5196,	5291,	5166,	5157,	5282,	5153,	5276,	5149,	5024,	5015,	5032,	5011,	5026,	5121,	5140,	5131,	5112,	5127,	5106,	5865,	5884,	5875,	5892,	5871,	5886,	5981,	5856,	5847,	5972,	5843,	5966,	5839,	5714,	5705,	5722,	5701,	5716,	5811,	5830,	5821,	5802,	5817,	5796,	
8096,	8107,	8098,	8085,	8094,	8079,	8124,	7991,	8126,	8005,	8122,	7999,	8266,	8133,	8268,	8255,	8264,	8249,	8150,	8161,	8152,	8175,	8148,	8169,	7406,	7417,	7408,	7395,	7404,	7389,	7434,	7301,	7436,	7315,	7432,	7309,	7576,	7443,	7578,	7565,	7574,	7559,	7460,	7471,	7462,	7485,	7458,	7479,	5184,	5173,	5182,	5195,	5186,	5201,	5156,	5289,	5154,	5275,	5158,	5281,	5014,	5147,	5012,	5025,	5016,	5031,	5130,	5119,	5128,	5105,	5132,	5111,	5874,	5863,	5872,	5885,	5876,	5891,	5846,	5979,	5844,	5965,	5848,	5971,	5704,	5837,	5702,	5715,	5706,	5721,	5820,	5809,	5818,	5795,	5822,	5801,	
8075,	8054,	8051,	8068,	8077,	8060,	8041,	8020,	8017,	8034,	8007,	8026,	8245,	8224,	8221,	8238,	8247,	8230,	8211,	8190,	8187,	8204,	8177,	8196,	7385,	7364,	7361,	7378,	7387,	7370,	7351,	7330,	7327,	7344,	7317,	7336,	7555,	7534,	7531,	7548,	7557,	7540,	7521,	7500,	7497,	7514,	7487,	7506,	5205,	5226,	5229,	5212,	5203,	5220,	5239,	5260,	5263,	5246,	5273,	5254,	5035,	5056,	5059,	5042,	5033,	5050,	5069,	5090,	5093,	5076,	5103,	5084,	5895,	5916,	5919,	5902,	5893,	5910,	5929,	5950,	5953,	5936,	5963,	5944,	5725,	5746,	5749,	5732,	5723,	5740,	5759,	5780,	5783,	5766,	5793,	5774,	
8052,	8069,	8076,	8061,	8050,	8067,	8018,	8035,	8006,	8027,	8016,	8033,	8222,	8239,	8246,	8231,	8220,	8237,	8188,	8205,	8176,	8197,	8186,	8203,	7362,	7379,	7386,	7371,	7360,	7377,	7328,	7345,	7316,	7337,	7326,	7343,	7532,	7549,	7556,	7541,	7530,	7547,	7498,	7515,	7486,	7507,	7496,	7513,	5228,	5211,	5204,	5219,	5230,	5213,	5262,	5245,	5274,	5253,	5264,	5247,	5058,	5041,	5034,	5049,	5060,	5043,	5092,	5075,	5104,	5083,	5094,	5077,	5918,	5901,	5894,	5909,	5920,	5903,	5952,	5935,	5964,	5943,	5954,	5937,	5748,	5731,	5724,	5739,	5750,	5733,	5782,	5765,	5794,	5773,	5784,	5767,	
8055,	8074,	8053,	8066,	8059,	8042,	8021,	8040,	8019,	8032,	8025,	8008,	8225,	8244,	8223,	8236,	8229,	8212,	8191,	8210,	8189,	8202,	8195,	8178,	7365,	7384,	7363,	7376,	7369,	7352,	7331,	7350,	7329,	7342,	7335,	7318,	7535,	7554,	7533,	7546,	7539,	7522,	7501,	7520,	7499,	7512,	7505,	7488,	5225,	5206,	5227,	5214,	5221,	5238,	5259,	5240,	5261,	5248,	5255,	5272,	5055,	5036,	5057,	5044,	5051,	5068,	5089,	5070,	5091,	5078,	5085,	5102,	5915,	5896,	5917,	5904,	5911,	5928,	5949,	5930,	5951,	5938,	5945,	5962,	5745,	5726,	5747,	5734,	5741,	5758,	5779,	5760,	5781,	5768,	5775,	5792,	
8070,	8045,	8072,	8049,	8062,	8065,	8036,	8011,	8038,	8015,	8028,	8031,	8240,	8215,	8242,	8219,	8232,	8235,	8206,	8181,	8208,	8185,	8198,	8201,	7380,	7355,	7382,	7359,	7372,	7375,	7346,	7321,	7348,	7325,	7338,	7341,	7550,	7525,	7552,	7529,	7542,	7545,	7516,	7491,	7518,	7495,	7508,	7511,	5210,	5235,	5208,	5231,	5218,	5215,	5244,	5269,	5242,	5265,	5252,	5249,	5040,	5065,	5038,	5061,	5048,	5045,	5074,	5099,	5072,	5095,	5082,	5079,	5900,	5925,	5898,	5921,	5908,	5905,	5934,	5959,	5932,	5955,	5942,	5939,	5730,	5755,	5728,	5751,	5738,	5735,	5764,	5789,	5762,	5785,	5772,	5769,	
8073,	8056,	8047,	8064,	8043,	8058,	8039,	8022,	8013,	8030,	8009,	8024,	8243,	8226,	8217,	8234,	8213,	8228,	8209,	8192,	8183,	8200,	8179,	8194,	7383,	7366,	7357,	7374,	7353,	7368,	7349,	7332,	7323,	7340,	7319,	7334,	7553,	7536,	7527,	7544,	7523,	7538,	7519,	7502,	7493,	7510,	7489,	7504,	5207,	5224,	5233,	5216,	5237,	5222,	5241,	5258,	5267,	5250,	5271,	5256,	5037,	5054,	5063,	5046,	5067,	5052,	5071,	5088,	5097,	5080,	5101,	5086,	5897,	5914,	5923,	5906,	5927,	5912,	5931,	5948,	5957,	5940,	5961,	5946,	5727,	5744,	5753,	5736,	5757,	5742,	5761,	5778,	5787,	5770,	5791,	5776,	
8046,	8071,	8044,	8057,	8048,	8063,	8012,	8037,	8010,	8023,	8014,	8029,	8216,	8241,	8214,	8227,	8218,	8233,	8182,	8207,	8180,	8193,	8184,	8199,	7356,	7381,	7354,	7367,	7358,	7373,	7322,	7347,	7320,	7333,	7324,	7339,	7526,	7551,	7524,	7537,	7528,	7543,	7492,	7517,	7490,	7503,	7494,	7509,	5234,	5209,	5236,	5223,	5232,	5217,	5268,	5243,	5270,	5257,	5266,	5251,	5064,	5039,	5066,	5053,	5062,	5047,	5098,	5073,	5100,	5087,	5096,	5081,	5924,	5899,	5926,	5913,	5922,	5907,	5958,	5933,	5960,	5947,	5956,	5941,	5754,	5729,	5756,	5743,	5752,	5737,	5788,	5763,	5790,	5777,	5786,	5771,	
