1141,	1156,	1153,	1134,	1143,	1162,	1113,	1128,	1125,	1106,	1115,	1098,	1311,	1326,	1323,	1304,	1313,	1332,	1283,	1298,	1295,	1276,	1285,	1268,	743,	728,	731,	750,	741,	722,	771,	756,	759,	778,	769,	786,	573,	558,	561,	580,	571,	552,	601,	586,	589,	608,	599,	616,	4087,	4102,	4099,	4080,	4089,	4108,	4059,	4074,	4071,	4052,	4061,	4044,	4257,	4272,	4269,	4250,	4259,	4278,	4229,	4244,	4241,	4222,	4231,	4214,	3689,	3674,	3677,	3696,	3687,	3668,	3717,	3702,	3705,	3724,	3715,	3732,	3495,	3480,	3483,	3502,	3493,	3474,	3547,	3508,	3529,	3538,	3519,	3512,	3527,	3536,	
1154,	1135,	1142,	1163,	1152,	1133,	1126,	1107,	1114,	1099,	1124,	1105,	1324,	1305,	1312,	1333,	1322,	1303,	1296,	1277,	1284,	1269,	1294,	1275,	730,	749,	742,	721,	732,	751,	758,	777,	770,	785,	760,	779,	560,	579,	572,	551,	562,	581,	588,	607,	600,	615,	590,	609,	4100,	4081,	4088,	4109,	4098,	4079,	4072,	4053,	4060,	4045,	4070,	4051,	4270,	4251,	4258,	4279,	4268,	4249,	4242,	4223,	4230,	4215,	4240,	4221,	3676,	3695,	3688,	3667,	3678,	3697,	3704,	3723,	3716,	3731,	3706,	3725,	3482,	3501,	3494,	3473,	3484,	3503,	3530,	3539,	3548,	3509,	3528,	3537,	3520,	3511,	
1157,	1140,	1155,	1132,	1161,	1144,	1129,	1112,	1127,	1104,	1097,	1116,	1327,	1310,	1325,	1302,	1331,	1314,	1299,	1282,	1297,	1274,	1267,	1286,	727,	744,	729,	752,	723,	740,	755,	772,	757,	780,	787,	768,	557,	574,	559,	582,	553,	570,	585,	602,	587,	610,	617,	598,	4103,	4086,	4101,	4078,	4107,	4090,	4075,	4058,	4073,	4050,	4043,	4062,	4273,	4256,	4271,	4248,	4277,	4260,	4245,	4228,	4243,	4220,	4213,	4232,	3673,	3690,	3675,	3698,	3669,	3686,	3701,	3718,	3703,	3726,	3733,	3714,	3479,	3496,	3481,	3504,	3475,	3492,	3507,	3546,	3531,	3518,	3513,	3510,	3535,	3526,	
1136,	1147,	1138,	1151,	1164,	1131,	1108,	1119,	1110,	1123,	1100,	1103,	1306,	1317,	1308,	1321,	1334,	1301,	1278,	1289,	1280,	1293,	1270,	1273,	748,	737,	746,	733,	720,	753,	776,	765,	774,	761,	784,	781,	578,	567,	576,	563,	550,	583,	606,	595,	604,	591,	614,	611,	4082,	4093,	4084,	4097,	4110,	4077,	4054,	4065,	4056,	4069,	4046,	4049,	4252,	4263,	4254,	4267,	4280,	4247,	4224,	4235,	4226,	4239,	4216,	4219,	3694,	3683,	3692,	3679,	3666,	3699,	3722,	3711,	3720,	3707,	3730,	3727,	3500,	3489,	3498,	3485,	3472,	3505,	3540,	3549,	3542,	3545,	3552,	3523,	3516,	3521,	
1139,	1158,	1149,	1166,	1145,	1160,	1111,	1130,	1121,	1102,	1117,	1096,	1309,	1328,	1319,	1336,	1315,	1330,	1281,	1300,	1291,	1272,	1287,	1266,	745,	726,	735,	718,	739,	724,	773,	754,	763,	782,	767,	788,	575,	556,	565,	548,	569,	554,	603,	584,	593,	612,	597,	618,	4085,	4104,	4095,	4112,	4091,	4106,	4057,	4076,	4067,	4048,	4063,	4042,	4255,	4274,	4265,	4282,	4261,	4276,	4227,	4246,	4237,	4218,	4233,	4212,	3691,	3672,	3681,	3664,	3685,	3670,	3719,	3700,	3709,	3728,	3713,	3734,	3497,	3478,	3487,	3470,	3491,	3476,	3543,	3506,	3551,	3532,	3517,	3514,	3525,	3534,	
1148,	1137,	1146,	1159,	1150,	1165,	1120,	1109,	1118,	1095,	1122,	1101,	1318,	1307,	1316,	1329,	1320,	1335,	1290,	1279,	1288,	1265,	1292,	1271,	736,	747,	738,	725,	734,	719,	764,	775,	766,	789,	762,	783,	566,	577,	568,	555,	564,	549,	594,	605,	596,	619,	592,	613,	4094,	4083,	4092,	4105,	4096,	4111,	4066,	4055,	4064,	4041,	4068,	4047,	4264,	4253,	4262,	4275,	4266,	4281,	4236,	4225,	4234,	4211,	4238,	4217,	3682,	3693,	3684,	3671,	3680,	3665,	3710,	3721,	3712,	3735,	3708,	3729,	3488,	3499,	3490,	3477,	3486,	3471,	3550,	3541,	3544,	3553,	3524,	3533,	3522,	3515,	
1169,	1190,	1193,	1176,	1167,	1184,	1203,	1080,	1083,	1210,	1093,	1074,	1339,	1216,	1219,	1346,	1337,	1354,	1229,	1250,	1253,	1236,	1263,	1244,	715,	694,	691,	708,	717,	700,	681,	804,	801,	674,	791,	810,	545,	668,	665,	538,	547,	530,	655,	634,	631,	648,	621,	640,	4115,	4136,	4139,	4122,	4113,	4130,	4149,	4026,	4029,	4156,	4039,	4020,	4285,	4162,	4165,	4292,	4283,	4300,	4175,	4196,	4199,	4182,	4209,	4190,	3661,	3640,	3637,	3654,	3663,	3646,	3627,	3750,	3747,	3620,	3737,	3756,	3467,	3614,	3611,	3460,	3469,	3452,	3555,	3594,	3573,	3564,	3583,	3590,	3575,	3566,	
1192,	1175,	1168,	1183,	1194,	1177,	1082,	1209,	1094,	1073,	1084,	1211,	1218,	1345,	1338,	1353,	1220,	1347,	1252,	1235,	1264,	1243,	1254,	1237,	692,	709,	716,	701,	690,	707,	802,	675,	790,	811,	800,	673,	666,	539,	546,	531,	664,	537,	632,	649,	620,	641,	630,	647,	4138,	4121,	4114,	4129,	4140,	4123,	4028,	4155,	4040,	4019,	4030,	4157,	4164,	4291,	4284,	4299,	4166,	4293,	4198,	4181,	4210,	4189,	4200,	4183,	3638,	3655,	3662,	3647,	3636,	3653,	3748,	3621,	3736,	3757,	3746,	3619,	3612,	3461,	3468,	3453,	3610,	3459,	3572,	3563,	3554,	3593,	3574,	3565,	3582,	3591,	
1189,	1170,	1191,	1178,	1185,	1202,	1079,	1204,	1081,	1212,	1075,	1092,	1215,	1340,	1217,	1348,	1355,	1228,	1249,	1230,	1251,	1238,	1245,	1262,	695,	714,	693,	706,	699,	682,	805,	680,	803,	672,	809,	792,	669,	544,	667,	536,	529,	656,	635,	654,	633,	646,	639,	622,	4135,	4116,	4137,	4124,	4131,	4148,	4025,	4150,	4027,	4158,	4021,	4038,	4161,	4286,	4163,	4294,	4301,	4174,	4195,	4176,	4197,	4184,	4191,	4208,	3641,	3660,	3639,	3652,	3645,	3628,	3751,	3626,	3749,	3618,	3755,	3738,	3615,	3466,	3613,	3458,	3451,	3602,	3595,	3556,	3571,	3584,	3589,	3592,	3567,	3576,	
1174,	1199,	1172,	1195,	1182,	1179,	1208,	1089,	1206,	1085,	1072,	1213,	1344,	1225,	1342,	1221,	1352,	1349,	1234,	1259,	1232,	1255,	1242,	1239,	710,	685,	712,	689,	702,	705,	676,	795,	678,	799,	812,	671,	540,	659,	542,	663,	532,	535,	650,	625,	652,	629,	642,	645,	4120,	4145,	4118,	4141,	4128,	4125,	4154,	4035,	4152,	4031,	4018,	4159,	4290,	4171,	4288,	4167,	4298,	4295,	4180,	4205,	4178,	4201,	4188,	4185,	3656,	3631,	3658,	3635,	3648,	3651,	3622,	3741,	3624,	3745,	3758,	3617,	3462,	3605,	3464,	3609,	3454,	3457,	3562,	3601,	3560,	3557,	3598,	3579,	3586,	3581,	
1171,	1188,	1197,	1180,	1201,	1186,	1205,	1078,	1087,	1070,	1091,	1076,	1341,	1214,	1223,	1350,	1227,	1356,	1231,	1248,	1257,	1240,	1261,	1246,	713,	696,	687,	704,	683,	698,	679,	806,	797,	814,	793,	808,	543,	670,	661,	534,	657,	528,	653,	636,	627,	644,	623,	638,	4117,	4134,	4143,	4126,	4147,	4132,	4151,	4024,	4033,	4016,	4037,	4022,	4287,	4160,	4169,	4296,	4173,	4302,	4177,	4194,	4203,	4186,	4207,	4192,	3659,	3642,	3633,	3650,	3629,	3644,	3625,	3752,	3743,	3760,	3739,	3754,	3465,	3616,	3607,	3456,	3603,	3450,	3559,	3596,	3599,	3570,	3585,	3588,	3577,	3568,	
1198,	1173,	1200,	1187,	1196,	1181,	1088,	1207,	1090,	1077,	1086,	1071,	1224,	1343,	1226,	1357,	1222,	1351,	1258,	1233,	1260,	1247,	1256,	1241,	686,	711,	684,	697,	688,	703,	796,	677,	794,	807,	798,	813,	660,	541,	658,	527,	662,	533,	626,	651,	624,	637,	628,	643,	4144,	4119,	4146,	4133,	4142,	4127,	4034,	4153,	4036,	4023,	4032,	4017,	4170,	4289,	4172,	4303,	4168,	4297,	4204,	4179,	4206,	4193,	4202,	4187,	3632,	3657,	3630,	3643,	3634,	3649,	3742,	3623,	3740,	3753,	3744,	3759,	3606,	3463,	3604,	3449,	3608,	3455,	3600,	3561,	3558,	3597,	3578,	3569,	3580,	3587,	
951,	966,	963,	944,	953,	972,	1067,	938,	935,	1060,	1069,	1052,	925,	1372,	1369,	918,	1359,	1378,	897,	912,	909,	890,	899,	882,	357,	342,	345,	364,	355,	336,	817,	370,	373,	824,	815,	832,	383,	512,	515,	390,	525,	506,	411,	396,	399,	418,	409,	426,	3897,	3912,	3909,	3890,	3899,	3918,	4013,	3884,	3881,	4006,	4015,	3998,	3871,	4318,	4315,	3864,	4305,	4324,	3843,	3858,	3855,	3836,	3845,	3828,	3255,	3240,	3243,	3262,	3253,	3234,	3763,	3268,	3271,	3770,	3761,	3778,	3281,	3434,	3437,	3288,	3447,	3428,	3333,	3294,	3315,	3324,	3305,	3298,	3313,	3322,	
964,	945,	952,	973,	962,	943,	936,	1061,	1068,	1053,	934,	1059,	1370,	919,	1358,	1379,	1368,	917,	910,	891,	898,	883,	908,	889,	344,	363,	356,	335,	346,	365,	372,	823,	816,	831,	374,	825,	514,	389,	526,	505,	516,	391,	398,	417,	410,	425,	400,	419,	3910,	3891,	3898,	3919,	3908,	3889,	3882,	4007,	4014,	3999,	3880,	4005,	4316,	3865,	4304,	4325,	4314,	3863,	3856,	3837,	3844,	3829,	3854,	3835,	3242,	3261,	3254,	3233,	3244,	3263,	3270,	3769,	3762,	3777,	3272,	3771,	3436,	3287,	3448,	3427,	3438,	3289,	3316,	3325,	3334,	3295,	3314,	3323,	3306,	3297,	
967,	950,	965,	942,	971,	954,	939,	1066,	937,	1058,	1051,	926,	1373,	924,	1371,	916,	1377,	1360,	913,	896,	911,	888,	881,	900,	341,	358,	343,	366,	337,	354,	369,	818,	371,	826,	833,	382,	511,	384,	513,	392,	507,	524,	395,	412,	397,	420,	427,	408,	3913,	3896,	3911,	3888,	3917,	3900,	3885,	4012,	3883,	4004,	3997,	3872,	4319,	3870,	4317,	3862,	4323,	4306,	3859,	3842,	3857,	3834,	3827,	3846,	3239,	3256,	3241,	3264,	3235,	3252,	3267,	3764,	3269,	3772,	3779,	3280,	3433,	3282,	3435,	3290,	3429,	3446,	3293,	3332,	3317,	3304,	3299,	3296,	3321,	3312,	
946,	957,	948,	961,	974,	941,	1062,	929,	1064,	933,	1054,	1057,	920,	1363,	922,	1367,	1380,	915,	892,	903,	894,	907,	884,	887,	362,	351,	360,	347,	334,	367,	822,	379,	820,	375,	830,	827,	388,	521,	386,	517,	504,	393,	416,	405,	414,	401,	424,	421,	3892,	3903,	3894,	3907,	3920,	3887,	4008,	3875,	4010,	3879,	4000,	4003,	3866,	4309,	3868,	4313,	4326,	3861,	3838,	3849,	3840,	3853,	3830,	3833,	3260,	3249,	3258,	3245,	3232,	3265,	3768,	3277,	3766,	3273,	3776,	3773,	3286,	3443,	3284,	3439,	3426,	3291,	3326,	3335,	3328,	3331,	3338,	3309,	3302,	3307,	
949,	968,	959,	976,	955,	970,	1065,	940,	931,	1056,	927,	1050,	923,	1374,	1365,	1382,	1361,	1376,	895,	914,	905,	886,	901,	880,	359,	340,	349,	332,	353,	338,	819,	368,	377,	828,	381,	834,	385,	510,	519,	502,	523,	508,	413,	394,	403,	422,	407,	428,	3895,	3914,	3905,	3922,	3901,	3916,	4011,	3886,	3877,	4002,	3873,	3996,	3869,	4320,	4311,	4328,	4307,	4322,	3841,	3860,	3851,	3832,	3847,	3826,	3257,	3238,	3247,	3230,	3251,	3236,	3765,	3266,	3275,	3774,	3279,	3780,	3283,	3432,	3441,	3424,	3445,	3430,	3329,	3292,	3337,	3318,	3303,	3300,	3311,	3320,	
958,	947,	956,	969,	960,	975,	930,	1063,	928,	1049,	932,	1055,	1364,	921,	1362,	1375,	1366,	1381,	904,	893,	902,	879,	906,	885,	350,	361,	352,	339,	348,	333,	378,	821,	380,	835,	376,	829,	520,	387,	522,	509,	518,	503,	404,	415,	406,	429,	402,	423,	3904,	3893,	3902,	3915,	3906,	3921,	3876,	4009,	3874,	3995,	3878,	4001,	4310,	3867,	4308,	4321,	4312,	4327,	3850,	3839,	3848,	3825,	3852,	3831,	3248,	3259,	3250,	3237,	3246,	3231,	3276,	3767,	3278,	3781,	3274,	3775,	3442,	3285,	3444,	3431,	3440,	3425,	3336,	3327,	3330,	3339,	3310,	3319,	3308,	3301,	
979,	1000,	1003,	986,	977,	994,	1013,	1034,	1037,	1020,	1047,	1028,	1385,	1406,	1409,	1392,	1383,	1400,	1419,	1440,	1443,	1426,	877,	1434,	329,	308,	305,	322,	331,	314,	871,	850,	847,	864,	837,	856,	499,	478,	475,	492,	501,	484,	465,	444,	441,	458,	431,	450,	3925,	3946,	3949,	3932,	3923,	3940,	3959,	3980,	3983,	3966,	3993,	3974,	4331,	4352,	4355,	4338,	4329,	4346,	4365,	4386,	4389,	4372,	3823,	4380,	3227,	3206,	3203,	3220,	3229,	3212,	3817,	3796,	3793,	3810,	3783,	3802,	3421,	3400,	3397,	3414,	3423,	3406,	3341,	3380,	3359,	3350,	3369,	3376,	3361,	3352,	
1002,	985,	978,	993,	1004,	987,	1036,	1019,	1048,	1027,	1038,	1021,	1408,	1391,	1384,	1399,	1410,	1393,	1442,	1425,	878,	1433,	1444,	1427,	306,	323,	330,	315,	304,	321,	848,	865,	836,	857,	846,	863,	476,	493,	500,	485,	474,	491,	442,	459,	430,	451,	440,	457,	3948,	3931,	3924,	3939,	3950,	3933,	3982,	3965,	3994,	3973,	3984,	3967,	4354,	4337,	4330,	4345,	4356,	4339,	4388,	4371,	3824,	4379,	4390,	4373,	3204,	3221,	3228,	3213,	3202,	3219,	3794,	3811,	3782,	3803,	3792,	3809,	3398,	3415,	3422,	3407,	3396,	3413,	3358,	3349,	3340,	3379,	3360,	3351,	3368,	3377,	
999,	980,	1001,	988,	995,	1012,	1033,	1014,	1035,	1022,	1029,	1046,	1405,	1386,	1407,	1394,	1401,	1418,	1439,	1420,	1441,	1428,	1435,	876,	309,	328,	307,	320,	313,	872,	851,	870,	849,	862,	855,	838,	479,	498,	477,	490,	483,	466,	445,	464,	443,	456,	449,	432,	3945,	3926,	3947,	3934,	3941,	3958,	3979,	3960,	3981,	3968,	3975,	3992,	4351,	4332,	4353,	4340,	4347,	4364,	4385,	4366,	4387,	4374,	4381,	3822,	3207,	3226,	3205,	3218,	3211,	3818,	3797,	3816,	3795,	3808,	3801,	3784,	3401,	3420,	3399,	3412,	3405,	3388,	3381,	3342,	3357,	3370,	3375,	3378,	3353,	3362,	
984,	1009,	982,	1005,	992,	989,	1018,	1043,	1016,	1039,	1026,	1023,	1390,	1415,	1388,	1411,	1398,	1395,	1424,	1449,	1422,	1445,	1432,	1429,	324,	875,	326,	303,	316,	319,	866,	841,	868,	845,	858,	861,	494,	469,	496,	473,	486,	489,	460,	435,	462,	439,	452,	455,	3930,	3955,	3928,	3951,	3938,	3935,	3964,	3989,	3962,	3985,	3972,	3969,	4336,	4361,	4334,	4357,	4344,	4341,	4370,	4395,	4368,	4391,	4378,	4375,	3222,	3821,	3224,	3201,	3214,	3217,	3812,	3787,	3814,	3791,	3804,	3807,	3416,	3391,	3418,	3395,	3408,	3411,	3348,	3387,	3346,	3343,	3384,	3365,	3372,	3367,	
981,	998,	1007,	990,	1011,	996,	1015,	1032,	1041,	1024,	1045,	1030,	1387,	1404,	1413,	1396,	1417,	1402,	1421,	1438,	1447,	1430,	1451,	1436,	327,	310,	301,	318,	873,	312,	869,	852,	843,	860,	839,	854,	497,	480,	471,	488,	467,	482,	463,	446,	437,	454,	433,	448,	3927,	3944,	3953,	3936,	3957,	3942,	3961,	3978,	3987,	3970,	3991,	3976,	4333,	4350,	4359,	4342,	4363,	4348,	4367,	4384,	4393,	4376,	4397,	4382,	3225,	3208,	3199,	3216,	3819,	3210,	3815,	3798,	3789,	3806,	3785,	3800,	3419,	3402,	3393,	3410,	3389,	3404,	3345,	3382,	3385,	3356,	3371,	3374,	3363,	3354,	
1008,	983,	1010,	997,	1006,	991,	1042,	1017,	1044,	1031,	1040,	1025,	1414,	1389,	1416,	1403,	1412,	1397,	1448,	1423,	1450,	1437,	1446,	1431,	300,	325,	874,	311,	302,	317,	842,	867,	840,	853,	844,	859,	470,	495,	468,	481,	472,	487,	436,	461,	434,	447,	438,	453,	3954,	3929,	3956,	3943,	3952,	3937,	3988,	3963,	3990,	3977,	3986,	3971,	4360,	4335,	4362,	4349,	4358,	4343,	4394,	4369,	4396,	4383,	4392,	4377,	3198,	3223,	3820,	3209,	3200,	3215,	3788,	3813,	3786,	3799,	3790,	3805,	3392,	3417,	3390,	3403,	3394,	3409,	3386,	3347,	3344,	3383,	3364,	3355,	3366,	3373,	
1901,	1916,	1913,	1894,	1903,	1922,	1873,	1888,	1885,	1866,	1875,	1858,	1495,	1510,	1507,	1488,	1497,	1516,	1467,	1482,	1479,	1460,	1469,	1452,	287,	2030,	299,	280,	289,	2036,	259,	274,	271,	252,	261,	244,	2185,	2200,	2197,	2178,	2187,	2206,	2157,	2172,	2169,	2150,	2159,	2142,	2447,	2462,	2459,	2440,	2449,	2468,	2419,	2434,	2431,	2412,	2421,	2404,	4441,	4456,	4453,	4434,	4443,	4462,	4413,	4428,	4425,	4406,	4415,	4398,	3185,	2576,	3197,	3178,	3187,	2582,	3157,	3172,	3169,	3150,	3159,	3142,	2755,	2770,	2767,	2748,	2757,	2776,	2703,	2742,	2721,	2712,	2731,	2738,	2723,	2714,	
1914,	1895,	1902,	1923,	1912,	1893,	1886,	1867,	1874,	1859,	1884,	1865,	1508,	1489,	1496,	1517,	1506,	1487,	1480,	1461,	1468,	1453,	1478,	1459,	2028,	281,	288,	2037,	298,	279,	272,	253,	260,	245,	270,	251,	2198,	2179,	2186,	2207,	2196,	2177,	2170,	2151,	2158,	2143,	2168,	2149,	2460,	2441,	2448,	2469,	2458,	2439,	2432,	2413,	2420,	2405,	2430,	2411,	4454,	4435,	4442,	4463,	4452,	4433,	4426,	4407,	4414,	4399,	4424,	4405,	2574,	3179,	3186,	2583,	3196,	3177,	3170,	3151,	3158,	3143,	3168,	3149,	2768,	2749,	2756,	2777,	2766,	2747,	2720,	2711,	2702,	2741,	2722,	2713,	2730,	2739,	
1917,	1900,	1915,	1892,	1921,	1904,	1889,	1872,	1887,	1864,	1857,	1876,	1511,	1494,	1509,	1486,	1515,	1498,	1483,	1466,	1481,	1458,	2027,	1470,	2031,	286,	2029,	278,	2035,	290,	275,	258,	273,	250,	243,	262,	2201,	2184,	2199,	2176,	2205,	2188,	2173,	2156,	2171,	2148,	2141,	2160,	2463,	2446,	2461,	2438,	2467,	2450,	2435,	2418,	2433,	2410,	2403,	2422,	4457,	4440,	4455,	4432,	4461,	4444,	4429,	4412,	4427,	4404,	2573,	4416,	2577,	3184,	2575,	3176,	2581,	3188,	3173,	3156,	3171,	3148,	3141,	3160,	2771,	2754,	2769,	2746,	2775,	2758,	2743,	2704,	2719,	2732,	2737,	2740,	2715,	2724,	
1896,	1907,	1898,	1911,	1924,	1891,	1868,	1879,	1870,	1883,	1860,	1863,	1490,	1501,	1492,	1505,	1518,	1485,	1462,	1473,	1464,	1477,	1454,	1457,	282,	293,	284,	297,	2038,	277,	254,	265,	256,	269,	246,	249,	2180,	2191,	2182,	2195,	2208,	2175,	2152,	2163,	2154,	2167,	2144,	2147,	2442,	2453,	2444,	2457,	2470,	2437,	2414,	2425,	2416,	2429,	2406,	2409,	4436,	4447,	4438,	4451,	4464,	4431,	4408,	4419,	4410,	4423,	4400,	4403,	3180,	3191,	3182,	3195,	2584,	3175,	3152,	3163,	3154,	3167,	3144,	3147,	2750,	2761,	2752,	2765,	2778,	2745,	2710,	2701,	2708,	2705,	2698,	2727,	2734,	2729,	
1899,	1918,	1909,	1926,	1905,	1920,	1871,	1890,	1881,	1862,	1877,	1856,	1493,	1512,	1503,	1520,	1499,	1514,	1465,	1484,	1475,	1456,	1471,	2026,	285,	2032,	295,	2040,	291,	2034,	257,	276,	267,	248,	263,	242,	2183,	2202,	2193,	2210,	2189,	2204,	2155,	2174,	2165,	2146,	2161,	2140,	2445,	2464,	2455,	2472,	2451,	2466,	2417,	2436,	2427,	2408,	2423,	2402,	4439,	4458,	4449,	4466,	4445,	4460,	4411,	4430,	4421,	4402,	4417,	2572,	3183,	2578,	3193,	2586,	3189,	2580,	3155,	3174,	3165,	3146,	3161,	3140,	2753,	2772,	2763,	2780,	2759,	2774,	2707,	2744,	2699,	2718,	2733,	2736,	2725,	2716,	
1908,	1897,	1906,	1919,	1910,	1925,	1880,	1869,	1878,	1855,	1882,	1861,	1502,	1491,	1500,	1513,	1504,	1519,	1474,	1463,	1472,	2025,	1476,	1455,	294,	283,	292,	2033,	296,	2039,	266,	255,	264,	241,	268,	247,	2192,	2181,	2190,	2203,	2194,	2209,	2164,	2153,	2162,	2139,	2166,	2145,	2454,	2443,	2452,	2465,	2456,	2471,	2426,	2415,	2424,	2401,	2428,	2407,	4448,	4437,	4446,	4459,	4450,	4465,	4420,	4409,	4418,	2571,	4422,	4401,	3192,	3181,	3190,	2579,	3194,	2585,	3164,	3153,	3162,	3139,	3166,	3145,	2762,	2751,	2760,	2773,	2764,	2779,	2700,	2709,	2706,	2697,	2726,	2717,	2728,	2735,	
1929,	1950,	1953,	1936,	1927,	1944,	1963,	1840,	1843,	1970,	1853,	1834,	1523,	1976,	1979,	1530,	1521,	1538,	1989,	2010,	2013,	1996,	2023,	2004,	2043,	2064,	2067,	2050,	2041,	2058,	2077,	226,	229,	2084,	239,	220,	2213,	2090,	2093,	2220,	2211,	2228,	2103,	2124,	2127,	2110,	2137,	2118,	2475,	2496,	2499,	2482,	2473,	2490,	2509,	2386,	2389,	2516,	2399,	2380,	4469,	2522,	2525,	4476,	4467,	4484,	2535,	2556,	2559,	2542,	2569,	2550,	2589,	2610,	2613,	2596,	2587,	2604,	2623,	3124,	3127,	2630,	3137,	3118,	2783,	2636,	2639,	2790,	2781,	2798,	2695,	2656,	2677,	2686,	2667,	2660,	2675,	2684,	
1952,	1935,	1928,	1943,	1954,	1937,	1842,	1969,	1854,	1833,	1844,	1971,	1978,	1529,	1522,	1537,	1980,	1531,	2012,	1995,	2024,	2003,	2014,	1997,	2066,	2049,	2042,	2057,	2068,	2051,	228,	2083,	240,	219,	230,	2085,	2092,	2219,	2212,	2227,	2094,	2221,	2126,	2109,	2138,	2117,	2128,	2111,	2498,	2481,	2474,	2489,	2500,	2483,	2388,	2515,	2400,	2379,	2390,	2517,	2524,	4475,	4468,	4483,	2526,	4477,	2558,	2541,	2570,	2549,	2560,	2543,	2612,	2595,	2588,	2603,	2614,	2597,	3126,	2629,	3138,	3117,	3128,	2631,	2638,	2789,	2782,	2797,	2640,	2791,	2678,	2687,	2696,	2657,	2676,	2685,	2668,	2659,	
1949,	1930,	1951,	1938,	1945,	1962,	1839,	1964,	1841,	1972,	1835,	1852,	1975,	1524,	1977,	1532,	1539,	1988,	2009,	1990,	2011,	1998,	2005,	2022,	2063,	2044,	2065,	2052,	2059,	2076,	225,	2078,	227,	2086,	221,	238,	2089,	2214,	2091,	2222,	2229,	2102,	2123,	2104,	2125,	2112,	2119,	2136,	2495,	2476,	2497,	2484,	2491,	2508,	2385,	2510,	2387,	2518,	2381,	2398,	2521,	4470,	2523,	4478,	4485,	2534,	2555,	2536,	2557,	2544,	2551,	2568,	2609,	2590,	2611,	2598,	2605,	2622,	3123,	2624,	3125,	2632,	3119,	3136,	2635,	2784,	2637,	2792,	2799,	2648,	2655,	2694,	2679,	2666,	2661,	2658,	2683,	2674,	
1934,	1959,	1932,	1955,	1942,	1939,	1968,	1849,	1966,	1845,	1832,	1973,	1528,	1985,	1526,	1981,	1536,	1533,	1994,	2019,	1992,	2015,	2002,	1999,	2048,	2073,	2046,	2069,	2056,	2053,	2082,	235,	2080,	231,	218,	2087,	2218,	2099,	2216,	2095,	2226,	2223,	2108,	2133,	2106,	2129,	2116,	2113,	2480,	2505,	2478,	2501,	2488,	2485,	2514,	2395,	2512,	2391,	2378,	2519,	4474,	2531,	4472,	2527,	4482,	4479,	2540,	2565,	2538,	2561,	2548,	2545,	2594,	2619,	2592,	2615,	2602,	2599,	2628,	3133,	2626,	3129,	3116,	2633,	2788,	2645,	2786,	2641,	2796,	2793,	2688,	2649,	2690,	2693,	2652,	2671,	2664,	2669,	
1931,	1948,	1957,	1940,	1961,	1946,	1965,	1838,	1847,	1830,	1851,	1836,	1525,	1974,	1983,	1534,	1987,	1540,	1991,	2008,	2017,	2000,	2021,	2006,	2045,	2062,	2071,	2054,	2075,	2060,	2079,	224,	233,	216,	237,	222,	2215,	2088,	2097,	2224,	2101,	2230,	2105,	2122,	2131,	2114,	2135,	2120,	2477,	2494,	2503,	2486,	2507,	2492,	2511,	2384,	2393,	2376,	2397,	2382,	4471,	2520,	2529,	4480,	2533,	4486,	2537,	2554,	2563,	2546,	2567,	2552,	2591,	2608,	2617,	2600,	2621,	2606,	2625,	3122,	3131,	3114,	3135,	3120,	2785,	2634,	2643,	2794,	2647,	2800,	2691,	2654,	2651,	2680,	2665,	2662,	2673,	2682,	
1958,	1933,	1960,	1947,	1956,	1941,	1848,	1967,	1850,	1837,	1846,	1831,	1984,	1527,	1986,	1541,	1982,	1535,	2018,	1993,	2020,	2007,	2016,	2001,	2072,	2047,	2074,	2061,	2070,	2055,	234,	2081,	236,	223,	232,	217,	2098,	2217,	2100,	2231,	2096,	2225,	2132,	2107,	2134,	2121,	2130,	2115,	2504,	2479,	2506,	2493,	2502,	2487,	2394,	2513,	2396,	2383,	2392,	2377,	2530,	4473,	2532,	4487,	2528,	4481,	2564,	2539,	2566,	2553,	2562,	2547,	2618,	2593,	2620,	2607,	2616,	2601,	3132,	2627,	3134,	3121,	3130,	3115,	2644,	2787,	2646,	2801,	2642,	2795,	2650,	2689,	2692,	2653,	2672,	2681,	2670,	2663,	
1711,	1726,	1723,	1704,	1713,	1732,	1827,	1698,	1695,	1820,	1829,	1812,	1685,	1556,	1553,	1678,	1543,	1562,	1657,	1672,	1669,	1650,	1659,	1642,	97,		112,	109,	90,		99,		118,	213,	84,		81,		206,	215,	198,	71,		2246,	2243,	64,		2233,	2252,	43,		58,		55,		36,		45,		28,		4657,	4672,	4669,	4650,	4659,	4678,	2373,	4644,	4641,	2366,	2375,	2358,	4631,	4502,	4499,	4624,	4489,	4508,	4603,	4618,	4615,	4596,	4605,	4588,	2995,	3010,	3007,	2988,	2997,	3016,	3111,	2982,	2979,	3104,	3113,	3096,	2969,	2816,	2813,	2962,	2803,	2822,	2917,	2956,	2935,	2926,	2945,	2952,	2937,	2928,	
1724,	1705,	1712,	1733,	1722,	1703,	1696,	1821,	1828,	1813,	1694,	1819,	1554,	1679,	1542,	1563,	1552,	1677,	1670,	1651,	1658,	1643,	1668,	1649,	110,	91,		98,		119,	108,	89,		82,		207,	214,	199,	80,		205,	2244,	65,		2232,	2253,	2242,	63,		56,		37,		44,		29,		54,		35,		4670,	4651,	4658,	4679,	4668,	4649,	4642,	2367,	2374,	2359,	4640,	2365,	4500,	4625,	4488,	4509,	4498,	4623,	4616,	4597,	4604,	4589,	4614,	4595,	3008,	2989,	2996,	3017,	3006,	2987,	2980,	3105,	3112,	3097,	2978,	3103,	2814,	2963,	2802,	2823,	2812,	2961,	2934,	2925,	2916,	2955,	2936,	2927,	2944,	2953,	
1727,	1710,	1725,	1702,	1731,	1714,	1699,	1826,	1697,	1818,	1811,	1686,	1557,	1684,	1555,	1676,	1561,	1544,	1673,	1656,	1671,	1648,	1641,	1660,	113,	96,		111,	88,		117,	100,	85,		212,	83,		204,	197,	72,		2247,	70,		2245,	62,		2251,	2234,	59,		42,		57,		34,		27,		46,		4673,	4656,	4671,	4648,	4677,	4660,	4645,	2372,	4643,	2364,	2357,	4632,	4503,	4630,	4501,	4622,	4507,	4490,	4619,	4602,	4617,	4594,	4587,	4606,	3011,	2994,	3009,	2986,	3015,	2998,	2983,	3110,	2981,	3102,	3095,	2970,	2817,	2968,	2815,	2960,	2821,	2804,	2957,	2918,	2933,	2946,	2951,	2954,	2929,	2938,	
1706,	1717,	1708,	1721,	1734,	1701,	1822,	1689,	1824,	1693,	1814,	1817,	1680,	1547,	1682,	1551,	1564,	1675,	1652,	1663,	1654,	1667,	1644,	1647,	92,		103,	94,		107,	120,	87,		208,	75,		210,	79,		200,	203,	66,		2237,	68,		2241,	2254,	61,		38,		49,		40,		53,		30,		33,		4652,	4663,	4654,	4667,	4680,	4647,	2368,	4635,	2370,	4639,	2360,	2363,	4626,	4493,	4628,	4497,	4510,	4621,	4598,	4609,	4600,	4613,	4590,	4593,	2990,	3001,	2992,	3005,	3018,	2985,	3106,	2973,	3108,	2977,	3098,	3101,	2964,	2807,	2966,	2811,	2824,	2959,	2924,	2915,	2922,	2919,	2912,	2941,	2948,	2943,	
1709,	1728,	1719,	1736,	1715,	1730,	1825,	1700,	1691,	1816,	1687,	1810,	1683,	1558,	1549,	1566,	1545,	1560,	1655,	1674,	1665,	1646,	1661,	1640,	95,		114,	105,	122,	101,	116,	211,	86,		77,		202,	73,		196,	69,		2248,	2239,	2256,	2235,	2250,	41,		60,		51,		32,		47,		26,		4655,	4674,	4665,	4682,	4661,	4676,	2371,	4646,	4637,	2362,	4633,	2356,	4629,	4504,	4495,	4512,	4491,	4506,	4601,	4620,	4611,	4592,	4607,	4586,	2993,	3012,	3003,	3020,	2999,	3014,	3109,	2984,	2975,	3100,	2971,	3094,	2967,	2818,	2809,	2826,	2805,	2820,	2921,	2958,	2913,	2932,	2947,	2950,	2939,	2930,	
1718,	1707,	1716,	1729,	1720,	1735,	1690,	1823,	1688,	1809,	1692,	1815,	1548,	1681,	1546,	1559,	1550,	1565,	1664,	1653,	1662,	1639,	1666,	1645,	104,	93,		102,	115,	106,	121,	76,		209,	74,		195,	78,		201,	2238,	67,		2236,	2249,	2240,	2255,	50,		39,		48,		25,		52,		31,		4664,	4653,	4662,	4675,	4666,	4681,	4636,	2369,	4634,	2355,	4638,	2361,	4494,	4627,	4492,	4505,	4496,	4511,	4610,	4599,	4608,	4585,	4612,	4591,	3002,	2991,	3000,	3013,	3004,	3019,	2974,	3107,	2972,	3093,	2976,	3099,	2808,	2965,	2806,	2819,	2810,	2825,	2914,	2923,	2920,	2911,	2940,	2931,	2942,	2949,	
1739,	1760,	1763,	1746,	1737,	1754,	1773,	1794,	1797,	1780,	1807,	1788,	1569,	1590,	1593,	1576,	1567,	1584,	1603,	1624,	1627,	1610,	1637,	1618,	125,	146,	149,	132,	123,	140,	159,	180,	183,	166,	193,	174,	2259,	2280,	2283,	2266,	2257,	2274,	2293,	10,		13,		2300,	23,		4,		4685,	2306,	2309,	4692,	4683,	4700,	2319,	2340,	2343,	2326,	2353,	2334,	4515,	4536,	4539,	4522,	4513,	4530,	4549,	4570,	4573,	4556,	4583,	4564,	3023,	3044,	3047,	3030,	3021,	3038,	3057,	3078,	3081,	3064,	3091,	3072,	2829,	2850,	2853,	2836,	2827,	2844,	2909,	2870,	2891,	2900,	2881,	2874,	2889,	2898,	
1762,	1745,	1738,	1753,	1764,	1747,	1796,	1779,	1808,	1787,	1798,	1781,	1592,	1575,	1568,	1583,	1594,	1577,	1626,	1609,	1638,	1617,	1628,	1611,	148,	131,	124,	139,	150,	133,	182,	165,	194,	173,	184,	167,	2282,	2265,	2258,	2273,	2284,	2267,	12,		2299,	24,		3,		14,		2301,	2308,	4691,	4684,	4699,	2310,	4693,	2342,	2325,	2354,	2333,	2344,	2327,	4538,	4521,	4514,	4529,	4540,	4523,	4572,	4555,	4584,	4563,	4574,	4557,	3046,	3029,	3022,	3037,	3048,	3031,	3080,	3063,	3092,	3071,	3082,	3065,	2852,	2835,	2828,	2843,	2854,	2837,	2892,	2901,	2910,	2871,	2890,	2899,	2882,	2873,	
1759,	1740,	1761,	1748,	1755,	1772,	1793,	1774,	1795,	1782,	1789,	1806,	1589,	1570,	1591,	1578,	1585,	1602,	1623,	1604,	1625,	1612,	1619,	1636,	145,	126,	147,	134,	141,	158,	179,	160,	181,	168,	175,	192,	2279,	2260,	2281,	2268,	2275,	2292,	9,		2294,	11,		2302,	5,		22,		2305,	4686,	2307,	4694,	4701,	2318,	2339,	2320,	2341,	2328,	2335,	2352,	4535,	4516,	4537,	4524,	4531,	4548,	4569,	4550,	4571,	4558,	4565,	4582,	3043,	3024,	3045,	3032,	3039,	3056,	3077,	3058,	3079,	3066,	3073,	3090,	2849,	2830,	2851,	2838,	2845,	2862,	2869,	2908,	2893,	2880,	2875,	2872,	2897,	2888,	
1744,	1769,	1742,	1765,	1752,	1749,	1778,	1803,	1776,	1799,	1786,	1783,	1574,	1599,	1572,	1595,	1582,	1579,	1608,	1633,	1606,	1629,	1616,	1613,	130,	155,	128,	151,	138,	135,	164,	189,	162,	185,	172,	169,	2264,	2289,	2262,	2285,	2272,	2269,	2298,	19,		2296,	15,		2,		2303,	4690,	2315,	4688,	2311,	4698,	4695,	2324,	2349,	2322,	2345,	2332,	2329,	4520,	4545,	4518,	4541,	4528,	4525,	4554,	4579,	4552,	4575,	4562,	4559,	3028,	3053,	3026,	3049,	3036,	3033,	3062,	3087,	3060,	3083,	3070,	3067,	2834,	2859,	2832,	2855,	2842,	2839,	2902,	2863,	2904,	2907,	2866,	2885,	2878,	2883,	
1741,	1758,	1767,	1750,	1771,	1756,	1775,	1792,	1801,	1784,	1805,	1790,	1571,	1588,	1597,	1580,	1601,	1586,	1605,	1622,	1631,	1614,	1635,	1620,	127,	144,	153,	136,	157,	142,	161,	178,	187,	170,	191,	176,	2261,	2278,	2287,	2270,	2291,	2276,	2295,	8,		17,		0,		21,		6,		4687,	2304,	2313,	4696,	2317,	4702,	2321,	2338,	2347,	2330,	2351,	2336,	4517,	4534,	4543,	4526,	4547,	4532,	4551,	4568,	4577,	4560,	4581,	4566,	3025,	3042,	3051,	3034,	3055,	3040,	3059,	3076,	3085,	3068,	3089,	3074,	2831,	2848,	2857,	2840,	2861,	2846,	2905,	2868,	2865,	2894,	2879,	2876,	2887,	2896,	
1768,	1743,	1770,	1757,	1766,	1751,	1802,	1777,	1804,	1791,	1800,	1785,	1598,	1573,	1600,	1587,	1596,	1581,	1632,	1607,	1634,	1621,	1630,	1615,	154,	129,	156,	143,	152,	137,	188,	163,	190,	177,	186,	171,	2288,	2263,	2290,	2277,	2286,	2271,	18,		2297,	20,		7,		16,		1,		2314,	4689,	2316,	4703,	2312,	4697,	2348,	2323,	2350,	2337,	2346,	2331,	4544,	4519,	4546,	4533,	4542,	4527,	4578,	4553,	4580,	4567,	4576,	4561,	3052,	3027,	3054,	3041,	3050,	3035,	3086,	3061,	3088,	3075,	3084,	3069,	2858,	2833,	2860,	2847,	2856,	2841,	2864,	2903,	2906,	2867,	2886,	2895,	2884,	2877,	
9061,	9046,	9049,	9068,	9059,	9040,	9089,	9074,	9077,	9096,	9087,	9104,	8891,	8876,	8879,	8898,	8889,	8870,	8919,	8904,	8907,	8926,	8917,	8934,	9459,	9474,	9471,	9452,	9461,	9480,	9431,	9446,	9443,	9424,	9433,	9416,	7229,	7244,	7241,	7222,	7231,	7250,	9601,	7216,	7213,	9594,	9603,	9586,	7203,	4718,	4715,	7196,	4705,	4724,	7175,	7190,	7187,	7168,	7177,	7160,	4873,	4888,	4885,	4866,	4875,	4894,	4845,	4860,	4857,	4838,	4847,	4830,	6805,	6790,	6793,	6812,	6803,	6784,	6833,	6818,	6821,	6840,	6831,	6848,	6611,	6596,	6599,	6618,	6609,	6590,	6663,	6624,	6645,	6654,	6635,	6628,	6643,	6652,	
9048,	9067,	9060,	9039,	9050,	9069,	9076,	9095,	9088,	9103,	9078,	9097,	8878,	8897,	8890,	8869,	8880,	8899,	8906,	8925,	8918,	8933,	8908,	8927,	9472,	9453,	9460,	9481,	9470,	9451,	9444,	9425,	9432,	9417,	9442,	9423,	7242,	7223,	7230,	7251,	7240,	7221,	7214,	9595,	9602,	9587,	7212,	9593,	4716,	7197,	4704,	4725,	4714,	7195,	7188,	7169,	7176,	7161,	7186,	7167,	4886,	4867,	4874,	4895,	4884,	4865,	4858,	4839,	4846,	4831,	4856,	4837,	6792,	6811,	6804,	6783,	6794,	6813,	6820,	6839,	6832,	6847,	6822,	6841,	6598,	6617,	6610,	6589,	6600,	6619,	6646,	6655,	6664,	6625,	6644,	6653,	6636,	6627,	
9045,	9062,	9047,	9070,	9041,	9058,	9073,	9090,	9075,	9098,	9105,	9086,	8875,	8892,	8877,	8900,	8871,	8888,	8903,	8920,	8905,	8928,	8935,	8916,	9475,	9458,	9473,	9450,	9479,	9462,	9447,	9430,	9445,	9422,	9415,	9434,	7245,	7228,	7243,	7220,	7249,	7232,	7217,	9600,	7215,	9592,	9585,	7204,	4719,	7202,	4717,	7194,	4723,	4706,	7191,	7174,	7189,	7166,	7159,	7178,	4889,	4872,	4887,	4864,	4893,	4876,	4861,	4844,	4859,	4836,	4829,	4848,	6789,	6806,	6791,	6814,	6785,	6802,	6817,	6834,	6819,	6842,	6849,	6830,	6595,	6612,	6597,	6620,	6591,	6608,	6623,	6662,	6647,	6634,	6629,	6626,	6651,	6642,	
9066,	9055,	9064,	9051,	9038,	9071,	9094,	9083,	9092,	9079,	9102,	9099,	8896,	8885,	8894,	8881,	8868,	8901,	8924,	8913,	8922,	8909,	8932,	8929,	9454,	9465,	9456,	9469,	9482,	9449,	9426,	9437,	9428,	9441,	9418,	9421,	7224,	7235,	7226,	7239,	7252,	7219,	9596,	7207,	9598,	7211,	9588,	9591,	7198,	4709,	7200,	4713,	4726,	7193,	7170,	7181,	7172,	7185,	7162,	7165,	4868,	4879,	4870,	4883,	4896,	4863,	4840,	4851,	4842,	4855,	4832,	4835,	6810,	6799,	6808,	6795,	6782,	6815,	6838,	6827,	6836,	6823,	6846,	6843,	6616,	6605,	6614,	6601,	6588,	6621,	6656,	6665,	6658,	6661,	6668,	6639,	6632,	6637,	
9063,	9044,	9053,	9036,	9057,	9042,	9091,	9072,	9081,	9100,	9085,	9106,	8893,	8874,	8883,	8866,	8887,	8872,	8921,	8902,	8911,	8930,	8915,	8936,	9457,	9476,	9467,	9484,	9463,	9478,	9429,	9448,	9439,	9420,	9435,	9414,	7227,	7246,	7237,	7254,	7233,	7248,	9599,	7218,	7209,	9590,	7205,	9584,	7201,	4720,	4711,	4728,	4707,	4722,	7173,	7192,	7183,	7164,	7179,	7158,	4871,	4890,	4881,	4898,	4877,	4892,	4843,	4862,	4853,	4834,	4849,	4828,	6807,	6788,	6797,	6780,	6801,	6786,	6835,	6816,	6825,	6844,	6829,	6850,	6613,	6594,	6603,	6586,	6607,	6592,	6659,	6622,	6667,	6648,	6633,	6630,	6641,	6650,	
9054,	9065,	9056,	9043,	9052,	9037,	9082,	9093,	9084,	9107,	9080,	9101,	8884,	8895,	8886,	8873,	8882,	8867,	8912,	8923,	8914,	8937,	8910,	8931,	9466,	9455,	9464,	9477,	9468,	9483,	9438,	9427,	9436,	9413,	9440,	9419,	7236,	7225,	7234,	7247,	7238,	7253,	7208,	9597,	7206,	9583,	7210,	9589,	4710,	7199,	4708,	4721,	4712,	4727,	7182,	7171,	7180,	7157,	7184,	7163,	4880,	4869,	4878,	4891,	4882,	4897,	4852,	4841,	4850,	4827,	4854,	4833,	6798,	6809,	6800,	6787,	6796,	6781,	6826,	6837,	6828,	6851,	6824,	6845,	6604,	6615,	6606,	6593,	6602,	6587,	6666,	6657,	6660,	6669,	6640,	6649,	6638,	6631,	
9033,	9012,	9009,	9026,	9035,	9018,	8999,	9122,	9119,	8992,	9109,	9128,	8863,	8986,	8983,	8856,	8865,	8848,	8973,	8952,	8949,	8966,	8939,	8958,	9487,	9508,	9511,	9494,	9485,	9502,	9521,	9398,	9401,	9528,	9411,	9392,	7257,	9534,	9537,	7264,	7255,	7272,	9547,	9568,	9571,	9554,	9581,	9562,	4731,	4752,	4755,	4738,	4729,	4746,	4765,	7142,	7145,	4772,	7155,	7136,	4901,	4778,	4781,	4908,	4899,	4916,	4791,	4812,	4815,	4798,	4825,	4806,	6777,	6756,	6753,	6770,	6779,	6762,	6743,	6866,	6863,	6736,	6853,	6872,	6583,	6730,	6727,	6576,	6585,	6568,	6671,	6710,	6689,	6680,	6699,	6706,	6691,	6682,	
9010,	9027,	9034,	9019,	9008,	9025,	9120,	8993,	9108,	9129,	9118,	8991,	8984,	8857,	8864,	8849,	8982,	8855,	8950,	8967,	8938,	8959,	8948,	8965,	9510,	9493,	9486,	9501,	9512,	9495,	9400,	9527,	9412,	9391,	9402,	9529,	9536,	7263,	7256,	7271,	9538,	7265,	9570,	9553,	9582,	9561,	9572,	9555,	4754,	4737,	4730,	4745,	4756,	4739,	7144,	4771,	7156,	7135,	7146,	4773,	4780,	4907,	4900,	4915,	4782,	4909,	4814,	4797,	4826,	4805,	4816,	4799,	6754,	6771,	6778,	6763,	6752,	6769,	6864,	6737,	6852,	6873,	6862,	6735,	6728,	6577,	6584,	6569,	6726,	6575,	6688,	6679,	6670,	6709,	6690,	6681,	6698,	6707,	
9013,	9032,	9011,	9024,	9017,	9000,	9123,	8998,	9121,	8990,	9127,	9110,	8987,	8862,	8985,	8854,	8847,	8974,	8953,	8972,	8951,	8964,	8957,	8940,	9507,	9488,	9509,	9496,	9503,	9520,	9397,	9522,	9399,	9530,	9393,	9410,	9533,	7258,	9535,	7266,	7273,	9546,	9567,	9548,	9569,	9556,	9563,	9580,	4751,	4732,	4753,	4740,	4747,	4764,	7141,	4766,	7143,	4774,	7137,	7154,	4777,	4902,	4779,	4910,	4917,	4790,	4811,	4792,	4813,	4800,	4807,	4824,	6757,	6776,	6755,	6768,	6761,	6744,	6867,	6742,	6865,	6734,	6871,	6854,	6731,	6582,	6729,	6574,	6567,	6718,	6711,	6672,	6687,	6700,	6705,	6708,	6683,	6692,	
9028,	9003,	9030,	9007,	9020,	9023,	8994,	9113,	8996,	9117,	9130,	8989,	8858,	8977,	8860,	8981,	8850,	8853,	8968,	8943,	8970,	8947,	8960,	8963,	9492,	9517,	9490,	9513,	9500,	9497,	9526,	9407,	9524,	9403,	9390,	9531,	7262,	9543,	7260,	9539,	7270,	7267,	9552,	9577,	9550,	9573,	9560,	9557,	4736,	4761,	4734,	4757,	4744,	4741,	4770,	7151,	4768,	7147,	7134,	4775,	4906,	4787,	4904,	4783,	4914,	4911,	4796,	4821,	4794,	4817,	4804,	4801,	6772,	6747,	6774,	6751,	6764,	6767,	6738,	6857,	6740,	6861,	6874,	6733,	6578,	6721,	6580,	6725,	6570,	6573,	6678,	6717,	6676,	6673,	6714,	6695,	6702,	6697,	
9031,	9014,	9005,	9022,	9001,	9016,	8997,	9124,	9115,	9132,	9111,	9126,	8861,	8988,	8979,	8852,	8975,	8846,	8971,	8954,	8945,	8962,	8941,	8956,	9489,	9506,	9515,	9498,	9519,	9504,	9523,	9396,	9405,	9388,	9409,	9394,	7259,	9532,	9541,	7268,	9545,	7274,	9549,	9566,	9575,	9558,	9579,	9564,	4733,	4750,	4759,	4742,	4763,	4748,	4767,	7140,	7149,	7132,	7153,	7138,	4903,	4776,	4785,	4912,	4789,	4918,	4793,	4810,	4819,	4802,	4823,	4808,	6775,	6758,	6749,	6766,	6745,	6760,	6741,	6868,	6859,	6876,	6855,	6870,	6581,	6732,	6723,	6572,	6719,	6566,	6675,	6712,	6715,	6686,	6701,	6704,	6693,	6684,	
9004,	9029,	9002,	9015,	9006,	9021,	9114,	8995,	9112,	9125,	9116,	9131,	8978,	8859,	8976,	8845,	8980,	8851,	8944,	8969,	8942,	8955,	8946,	8961,	9516,	9491,	9518,	9505,	9514,	9499,	9406,	9525,	9408,	9395,	9404,	9389,	9542,	7261,	9544,	7275,	9540,	7269,	9576,	9551,	9578,	9565,	9574,	9559,	4760,	4735,	4762,	4749,	4758,	4743,	7150,	4769,	7152,	7139,	7148,	7133,	4786,	4905,	4788,	4919,	4784,	4913,	4820,	4795,	4822,	4809,	4818,	4803,	6748,	6773,	6746,	6759,	6750,	6765,	6858,	6739,	6856,	6869,	6860,	6875,	6722,	6579,	6720,	6565,	6724,	6571,	6716,	6677,	6674,	6713,	6694,	6685,	6696,	6703,	
9251,	9236,	9239,	9258,	9249,	9230,	9135,	9264,	9267,	9142,	9133,	9150,	9277,	8830,	8833,	9284,	8843,	8824,	9305,	9290,	9293,	9312,	9303,	9320,	7445,	7460,	7457,	7438,	7447,	7466,	9385,	7432,	7429,	9378,	9387,	9370,	7419,	7290,	7287,	7412,	7277,	7296,	7391,	7406,	7403,	7384,	7393,	7376,	7013,	7028,	7025,	7006,	7015,	7034,	7129,	7000,	6997,	7122,	7131,	7114,	6987,	4934,	4931,	6980,	4921,	4940,	6959,	6974,	6971,	6952,	6961,	6944,	6371,	6356,	6359,	6378,	6369,	6350,	6879,	6384,	6387,	6886,	6877,	6894,	6397,	6550,	6553,	6404,	6563,	6544,	6449,	6410,	6431,	6440,	6421,	6414,	6429,	6438,	
9238,	9257,	9250,	9229,	9240,	9259,	9266,	9141,	9134,	9149,	9268,	9143,	8832,	9283,	8844,	8823,	8834,	9285,	9292,	9311,	9304,	9319,	9294,	9313,	7458,	7439,	7446,	7467,	7456,	7437,	7430,	9379,	9386,	9371,	7428,	9377,	7288,	7413,	7276,	7297,	7286,	7411,	7404,	7385,	7392,	7377,	7402,	7383,	7026,	7007,	7014,	7035,	7024,	7005,	6998,	7123,	7130,	7115,	6996,	7121,	4932,	6981,	4920,	4941,	4930,	6979,	6972,	6953,	6960,	6945,	6970,	6951,	6358,	6377,	6370,	6349,	6360,	6379,	6386,	6885,	6878,	6893,	6388,	6887,	6552,	6403,	6564,	6543,	6554,	6405,	6432,	6441,	6450,	6411,	6430,	6439,	6422,	6413,	
9235,	9252,	9237,	9260,	9231,	9248,	9263,	9136,	9265,	9144,	9151,	9276,	8829,	9278,	8831,	9286,	8825,	8842,	9289,	9306,	9291,	9314,	9321,	9302,	7461,	7444,	7459,	7436,	7465,	7448,	7433,	9384,	7431,	9376,	9369,	7420,	7291,	7418,	7289,	7410,	7295,	7278,	7407,	7390,	7405,	7382,	7375,	7394,	7029,	7012,	7027,	7004,	7033,	7016,	7001,	7128,	6999,	7120,	7113,	6988,	4935,	6986,	4933,	6978,	4939,	4922,	6975,	6958,	6973,	6950,	6943,	6962,	6355,	6372,	6357,	6380,	6351,	6368,	6383,	6880,	6385,	6888,	6895,	6396,	6549,	6398,	6551,	6406,	6545,	6562,	6409,	6448,	6433,	6420,	6415,	6412,	6437,	6428,	
9256,	9245,	9254,	9241,	9228,	9261,	9140,	9273,	9138,	9269,	9148,	9145,	9282,	8839,	9280,	8835,	8822,	9287,	9310,	9299,	9308,	9295,	9318,	9315,	7440,	7451,	7442,	7455,	7468,	7435,	9380,	7423,	9382,	7427,	9372,	9375,	7414,	7281,	7416,	7285,	7298,	7409,	7386,	7397,	7388,	7401,	7378,	7381,	7008,	7019,	7010,	7023,	7036,	7003,	7124,	6991,	7126,	6995,	7116,	7119,	6982,	4925,	6984,	4929,	4942,	6977,	6954,	6965,	6956,	6969,	6946,	6949,	6376,	6365,	6374,	6361,	6348,	6381,	6884,	6393,	6882,	6389,	6892,	6889,	6402,	6559,	6400,	6555,	6542,	6407,	6442,	6451,	6444,	6447,	6454,	6425,	6418,	6423,	
9253,	9234,	9243,	9226,	9247,	9232,	9137,	9262,	9271,	9146,	9275,	9152,	9279,	8828,	8837,	8820,	8841,	8826,	9307,	9288,	9297,	9316,	9301,	9322,	7443,	7462,	7453,	7470,	7449,	7464,	9383,	7434,	7425,	9374,	7421,	9368,	7417,	7292,	7283,	7300,	7279,	7294,	7389,	7408,	7399,	7380,	7395,	7374,	7011,	7030,	7021,	7038,	7017,	7032,	7127,	7002,	6993,	7118,	6989,	7112,	6985,	4936,	4927,	4944,	4923,	4938,	6957,	6976,	6967,	6948,	6963,	6942,	6373,	6354,	6363,	6346,	6367,	6352,	6881,	6382,	6391,	6890,	6395,	6896,	6399,	6548,	6557,	6540,	6561,	6546,	6445,	6408,	6453,	6434,	6419,	6416,	6427,	6436,	
9244,	9255,	9246,	9233,	9242,	9227,	9272,	9139,	9274,	9153,	9270,	9147,	8838,	9281,	8840,	8827,	8836,	8821,	9298,	9309,	9300,	9323,	9296,	9317,	7452,	7441,	7450,	7463,	7454,	7469,	7424,	9381,	7422,	9367,	7426,	9373,	7282,	7415,	7280,	7293,	7284,	7299,	7398,	7387,	7396,	7373,	7400,	7379,	7020,	7009,	7018,	7031,	7022,	7037,	6992,	7125,	6990,	7111,	6994,	7117,	4926,	6983,	4924,	4937,	4928,	4943,	6966,	6955,	6964,	6941,	6968,	6947,	6364,	6375,	6366,	6353,	6362,	6347,	6392,	6883,	6394,	6897,	6390,	6891,	6558,	6401,	6560,	6547,	6556,	6541,	6452,	6443,	6446,	6455,	6426,	6435,	6424,	6417,	
9223,	9202,	9199,	9216,	9225,	9208,	9189,	9168,	9165,	9182,	9155,	9174,	8817,	8796,	8793,	8810,	8819,	8802,	8783,	8762,	8759,	8776,	9325,	8768,	7473,	7494,	7497,	7480,	7471,	7488,	9331,	9352,	9355,	9338,	9365,	9346,	7303,	7324,	7327,	7310,	7301,	7318,	7337,	7358,	7361,	7344,	7371,	7352,	7041,	7062,	7065,	7048,	7039,	7056,	7075,	7096,	7099,	7082,	7109,	7090,	4947,	4968,	4971,	4954,	4945,	4962,	4981,	5002,	5005,	4988,	6939,	4996,	6343,	6322,	6319,	6336,	6345,	6328,	6933,	6912,	6909,	6926,	6899,	6918,	6537,	6516,	6513,	6530,	6539,	6522,	6457,	6496,	6475,	6466,	6485,	6492,	6477,	6468,	
9200,	9217,	9224,	9209,	9198,	9215,	9166,	9183,	9154,	9175,	9164,	9181,	8794,	8811,	8818,	8803,	8792,	8809,	8760,	8777,	9324,	8769,	8758,	8775,	7496,	7479,	7472,	7487,	7498,	7481,	9354,	9337,	9366,	9345,	9356,	9339,	7326,	7309,	7302,	7317,	7328,	7311,	7360,	7343,	7372,	7351,	7362,	7345,	7064,	7047,	7040,	7055,	7066,	7049,	7098,	7081,	7110,	7089,	7100,	7083,	4970,	4953,	4946,	4961,	4972,	4955,	5004,	4987,	6940,	4995,	5006,	4989,	6320,	6337,	6344,	6329,	6318,	6335,	6910,	6927,	6898,	6919,	6908,	6925,	6514,	6531,	6538,	6523,	6512,	6529,	6474,	6465,	6456,	6495,	6476,	6467,	6484,	6493,	
9203,	9222,	9201,	9214,	9207,	9190,	9169,	9188,	9167,	9180,	9173,	9156,	8797,	8816,	8795,	8808,	8801,	8784,	8763,	8782,	8761,	8774,	8767,	9326,	7493,	7474,	7495,	7482,	7489,	9330,	9351,	9332,	9353,	9340,	9347,	9364,	7323,	7304,	7325,	7312,	7319,	7336,	7357,	7338,	7359,	7346,	7353,	7370,	7061,	7042,	7063,	7050,	7057,	7074,	7095,	7076,	7097,	7084,	7091,	7108,	4967,	4948,	4969,	4956,	4963,	4980,	5001,	4982,	5003,	4990,	4997,	6938,	6323,	6342,	6321,	6334,	6327,	6934,	6913,	6932,	6911,	6924,	6917,	6900,	6517,	6536,	6515,	6528,	6521,	6504,	6497,	6458,	6473,	6486,	6491,	6494,	6469,	6478,	
9218,	9193,	9220,	9197,	9210,	9213,	9184,	9159,	9186,	9163,	9176,	9179,	8812,	8787,	8814,	8791,	8804,	8807,	8778,	8753,	8780,	8757,	8770,	8773,	7478,	9327,	7476,	7499,	7486,	7483,	9336,	9361,	9334,	9357,	9344,	9341,	7308,	7333,	7306,	7329,	7316,	7313,	7342,	7367,	7340,	7363,	7350,	7347,	7046,	7071,	7044,	7067,	7054,	7051,	7080,	7105,	7078,	7101,	7088,	7085,	4952,	4977,	4950,	4973,	4960,	4957,	4986,	5011,	4984,	5007,	4994,	4991,	6338,	6937,	6340,	6317,	6330,	6333,	6928,	6903,	6930,	6907,	6920,	6923,	6532,	6507,	6534,	6511,	6524,	6527,	6464,	6503,	6462,	6459,	6500,	6481,	6488,	6483,	
9221,	9204,	9195,	9212,	9191,	9206,	9187,	9170,	9161,	9178,	9157,	9172,	8815,	8798,	8789,	8806,	8785,	8800,	8781,	8764,	8755,	8772,	8751,	8766,	7475,	7492,	7501,	7484,	9329,	7490,	9333,	9350,	9359,	9342,	9363,	9348,	7305,	7322,	7331,	7314,	7335,	7320,	7339,	7356,	7365,	7348,	7369,	7354,	7043,	7060,	7069,	7052,	7073,	7058,	7077,	7094,	7103,	7086,	7107,	7092,	4949,	4966,	4975,	4958,	4979,	4964,	4983,	5000,	5009,	4992,	5013,	4998,	6341,	6324,	6315,	6332,	6935,	6326,	6931,	6914,	6905,	6922,	6901,	6916,	6535,	6518,	6509,	6526,	6505,	6520,	6461,	6498,	6501,	6472,	6487,	6490,	6479,	6470,	
9194,	9219,	9192,	9205,	9196,	9211,	9160,	9185,	9158,	9171,	9162,	9177,	8788,	8813,	8786,	8799,	8790,	8805,	8754,	8779,	8752,	8765,	8756,	8771,	7502,	7477,	9328,	7491,	7500,	7485,	9360,	9335,	9362,	9349,	9358,	9343,	7332,	7307,	7334,	7321,	7330,	7315,	7366,	7341,	7368,	7355,	7364,	7349,	7070,	7045,	7072,	7059,	7068,	7053,	7104,	7079,	7106,	7093,	7102,	7087,	4976,	4951,	4978,	4965,	4974,	4959,	5010,	4985,	5012,	4999,	5008,	4993,	6314,	6339,	6936,	6325,	6316,	6331,	6904,	6929,	6902,	6915,	6906,	6921,	6508,	6533,	6506,	6519,	6510,	6525,	6502,	6463,	6460,	6499,	6480,	6471,	6482,	6489,	
8253,	8238,	8241,	8260,	8251,	8232,	8281,	8266,	8269,	8288,	8279,	8296,	8707,	8692,	8695,	8714,	8705,	8686,	8735,	8720,	8723,	8742,	8733,	8750,	7515,	8124,	7503,	7522,	7513,	8118,	7543,	7528,	7531,	7550,	7541,	7558,	7969,	7954,	7957,	7976,	7967,	7948,	7997,	7982,	7985,	8004,	7995,	8012,	5511,	5526,	5523,	5504,	5513,	5532,	5483,	5498,	5495,	5476,	5485,	5468,	5057,	5072,	5069,	5050,	5059,	5078,	5029,	5044,	5041,	5022,	5031,	5014,	6301,	5640,	6313,	6294,	6303,	5646,	6273,	6288,	6285,	6266,	6275,	6258,	5819,	5834,	5831,	5812,	5821,	5840,	5767,	5806,	5785,	5776,	5795,	5802,	5787,	5778,	
8240,	8259,	8252,	8231,	8242,	8261,	8268,	8287,	8280,	8295,	8270,	8289,	8694,	8713,	8706,	8685,	8696,	8715,	8722,	8741,	8734,	8749,	8724,	8743,	8126,	7521,	7514,	8117,	7504,	7523,	7530,	7549,	7542,	7557,	7532,	7551,	7956,	7975,	7968,	7947,	7958,	7977,	7984,	8003,	7996,	8011,	7986,	8005,	5524,	5505,	5512,	5533,	5522,	5503,	5496,	5477,	5484,	5469,	5494,	5475,	5070,	5051,	5058,	5079,	5068,	5049,	5042,	5023,	5030,	5015,	5040,	5021,	5638,	6295,	6302,	5647,	6312,	6293,	6286,	6267,	6274,	6259,	6284,	6265,	5832,	5813,	5820,	5841,	5830,	5811,	5784,	5775,	5766,	5805,	5786,	5777,	5794,	5803,	
8237,	8254,	8239,	8262,	8233,	8250,	8265,	8282,	8267,	8290,	8297,	8278,	8691,	8708,	8693,	8716,	8687,	8704,	8719,	8736,	8721,	8744,	8127,	8732,	8123,	7516,	8125,	7524,	8119,	7512,	7527,	7544,	7529,	7552,	7559,	7540,	7953,	7970,	7955,	7978,	7949,	7966,	7981,	7998,	7983,	8006,	8013,	7994,	5527,	5510,	5525,	5502,	5531,	5514,	5499,	5482,	5497,	5474,	5467,	5486,	5073,	5056,	5071,	5048,	5077,	5060,	5045,	5028,	5043,	5020,	5637,	5032,	5641,	6300,	5639,	6292,	5645,	6304,	6289,	6272,	6287,	6264,	6257,	6276,	5835,	5818,	5833,	5810,	5839,	5822,	5807,	5768,	5783,	5796,	5801,	5804,	5779,	5788,	
8258,	8247,	8256,	8243,	8230,	8263,	8286,	8275,	8284,	8271,	8294,	8291,	8712,	8701,	8710,	8697,	8684,	8717,	8740,	8729,	8738,	8725,	8748,	8745,	7520,	7509,	7518,	7505,	8116,	7525,	7548,	7537,	7546,	7533,	7556,	7553,	7974,	7963,	7972,	7959,	7946,	7979,	8002,	7991,	8000,	7987,	8010,	8007,	5506,	5517,	5508,	5521,	5534,	5501,	5478,	5489,	5480,	5493,	5470,	5473,	5052,	5063,	5054,	5067,	5080,	5047,	5024,	5035,	5026,	5039,	5016,	5019,	6296,	6307,	6298,	6311,	5648,	6291,	6268,	6279,	6270,	6283,	6260,	6263,	5814,	5825,	5816,	5829,	5842,	5809,	5774,	5765,	5772,	5769,	5762,	5791,	5798,	5793,	
8255,	8236,	8245,	8228,	8249,	8234,	8283,	8264,	8273,	8292,	8277,	8298,	8709,	8690,	8699,	8682,	8703,	8688,	8737,	8718,	8727,	8746,	8731,	8128,	7517,	8122,	7507,	8114,	7511,	8120,	7545,	7526,	7535,	7554,	7539,	7560,	7971,	7952,	7961,	7944,	7965,	7950,	7999,	7980,	7989,	8008,	7993,	8014,	5509,	5528,	5519,	5536,	5515,	5530,	5481,	5500,	5491,	5472,	5487,	5466,	5055,	5074,	5065,	5082,	5061,	5076,	5027,	5046,	5037,	5018,	5033,	5636,	6299,	5642,	6309,	5650,	6305,	5644,	6271,	6290,	6281,	6262,	6277,	6256,	5817,	5836,	5827,	5844,	5823,	5838,	5771,	5808,	5763,	5782,	5797,	5800,	5789,	5780,	
8246,	8257,	8248,	8235,	8244,	8229,	8274,	8285,	8276,	8299,	8272,	8293,	8700,	8711,	8702,	8689,	8698,	8683,	8728,	8739,	8730,	8129,	8726,	8747,	7508,	7519,	7510,	8121,	7506,	8115,	7536,	7547,	7538,	7561,	7534,	7555,	7962,	7973,	7964,	7951,	7960,	7945,	7990,	8001,	7992,	8015,	7988,	8009,	5518,	5507,	5516,	5529,	5520,	5535,	5490,	5479,	5488,	5465,	5492,	5471,	5064,	5053,	5062,	5075,	5066,	5081,	5036,	5025,	5034,	5635,	5038,	5017,	6308,	6297,	6306,	5643,	6310,	5649,	6280,	6269,	6278,	6255,	6282,	6261,	5826,	5815,	5824,	5837,	5828,	5843,	5764,	5773,	5770,	5761,	5790,	5781,	5792,	5799,	
8225,	8204,	8201,	8218,	8227,	8210,	8191,	8314,	8311,	8184,	8301,	8320,	8679,	8178,	8175,	8672,	8681,	8664,	8165,	8144,	8141,	8158,	8131,	8150,	8111,	8090,	8087,	8104,	8113,	8096,	8077,	7576,	7573,	8070,	7563,	7582,	7941,	8064,	8061,	7934,	7943,	7926,	8051,	8030,	8027,	8044,	8017,	8036,	5539,	5560,	5563,	5546,	5537,	5554,	5573,	5450,	5453,	5580,	5463,	5444,	5085,	5586,	5589,	5092,	5083,	5100,	5599,	5620,	5623,	5606,	5633,	5614,	5653,	5674,	5677,	5660,	5651,	5668,	5687,	6240,	6243,	5694,	6253,	6234,	5847,	5700,	5703,	5854,	5845,	5862,	5759,	5720,	5741,	5750,	5731,	5724,	5739,	5748,	
8202,	8219,	8226,	8211,	8200,	8217,	8312,	8185,	8300,	8321,	8310,	8183,	8176,	8673,	8680,	8665,	8174,	8671,	8142,	8159,	8130,	8151,	8140,	8157,	8088,	8105,	8112,	8097,	8086,	8103,	7574,	8071,	7562,	7583,	7572,	8069,	8062,	7935,	7942,	7927,	8060,	7933,	8028,	8045,	8016,	8037,	8026,	8043,	5562,	5545,	5538,	5553,	5564,	5547,	5452,	5579,	5464,	5443,	5454,	5581,	5588,	5091,	5084,	5099,	5590,	5093,	5622,	5605,	5634,	5613,	5624,	5607,	5676,	5659,	5652,	5667,	5678,	5661,	6242,	5693,	6254,	6233,	6244,	5695,	5702,	5853,	5846,	5861,	5704,	5855,	5742,	5751,	5760,	5721,	5740,	5749,	5732,	5723,	
8205,	8224,	8203,	8216,	8209,	8192,	8315,	8190,	8313,	8182,	8319,	8302,	8179,	8678,	8177,	8670,	8663,	8166,	8145,	8164,	8143,	8156,	8149,	8132,	8091,	8110,	8089,	8102,	8095,	8078,	7577,	8076,	7575,	8068,	7581,	7564,	8065,	7940,	8063,	7932,	7925,	8052,	8031,	8050,	8029,	8042,	8035,	8018,	5559,	5540,	5561,	5548,	5555,	5572,	5449,	5574,	5451,	5582,	5445,	5462,	5585,	5086,	5587,	5094,	5101,	5598,	5619,	5600,	5621,	5608,	5615,	5632,	5673,	5654,	5675,	5662,	5669,	5686,	6239,	5688,	6241,	5696,	6235,	6252,	5699,	5848,	5701,	5856,	5863,	5712,	5719,	5758,	5743,	5730,	5725,	5722,	5747,	5738,	
8220,	8195,	8222,	8199,	8212,	8215,	8186,	8305,	8188,	8309,	8322,	8181,	8674,	8169,	8676,	8173,	8666,	8669,	8160,	8135,	8162,	8139,	8152,	8155,	8106,	8081,	8108,	8085,	8098,	8101,	8072,	7567,	8074,	7571,	7584,	8067,	7936,	8055,	7938,	8059,	7928,	7931,	8046,	8021,	8048,	8025,	8038,	8041,	5544,	5569,	5542,	5565,	5552,	5549,	5578,	5459,	5576,	5455,	5442,	5583,	5090,	5595,	5088,	5591,	5098,	5095,	5604,	5629,	5602,	5625,	5612,	5609,	5658,	5683,	5656,	5679,	5666,	5663,	5692,	6249,	5690,	6245,	6232,	5697,	5852,	5709,	5850,	5705,	5860,	5857,	5752,	5713,	5754,	5757,	5716,	5735,	5728,	5733,	
8223,	8206,	8197,	8214,	8193,	8208,	8189,	8316,	8307,	8324,	8303,	8318,	8677,	8180,	8171,	8668,	8167,	8662,	8163,	8146,	8137,	8154,	8133,	8148,	8109,	8092,	8083,	8100,	8079,	8094,	8075,	7578,	7569,	7586,	7565,	7580,	7939,	8066,	8057,	7930,	8053,	7924,	8049,	8032,	8023,	8040,	8019,	8034,	5541,	5558,	5567,	5550,	5571,	5556,	5575,	5448,	5457,	5440,	5461,	5446,	5087,	5584,	5593,	5096,	5597,	5102,	5601,	5618,	5627,	5610,	5631,	5616,	5655,	5672,	5681,	5664,	5685,	5670,	5689,	6238,	6247,	6230,	6251,	6236,	5849,	5698,	5707,	5858,	5711,	5864,	5755,	5718,	5715,	5744,	5729,	5726,	5737,	5746,	
8196,	8221,	8194,	8207,	8198,	8213,	8306,	8187,	8304,	8317,	8308,	8323,	8170,	8675,	8168,	8661,	8172,	8667,	8136,	8161,	8134,	8147,	8138,	8153,	8082,	8107,	8080,	8093,	8084,	8099,	7568,	8073,	7566,	7579,	7570,	7585,	8056,	7937,	8054,	7923,	8058,	7929,	8022,	8047,	8020,	8033,	8024,	8039,	5568,	5543,	5570,	5557,	5566,	5551,	5458,	5577,	5460,	5447,	5456,	5441,	5594,	5089,	5596,	5103,	5592,	5097,	5628,	5603,	5630,	5617,	5626,	5611,	5682,	5657,	5684,	5671,	5680,	5665,	6248,	5691,	6250,	6237,	6246,	6231,	5708,	5851,	5710,	5865,	5706,	5859,	5714,	5753,	5756,	5717,	5736,	5745,	5734,	5727,	
8467,	8452,	8455,	8474,	8465,	8446,	8327,	8480,	8483,	8334,	8325,	8342,	8493,	8646,	8649,	8500,	8659,	8640,	8521,	8506,	8509,	8528,	8519,	8536,	7729,	7714,	7717,	7736,	7727,	7708,	7589,	7742,	7745,	7596,	7587,	7604,	7755,	7908,	7911,	7762,	7921,	7902,	7783,	7768,	7771,	7790,	7781,	7798,	5297,	5312,	5309,	5290,	5299,	5318,	5437,	5284,	5281,	5430,	5439,	5422,	5271,	5118,	5115,	5264,	5105,	5124,	5243,	5258,	5255,	5236,	5245,	5228,	6087,	6102,	6099,	6080,	6089,	6108,	6227,	6074,	6071,	6220,	6229,	6212,	6061,	5880,	5877,	6054,	5867,	5886,	5931,	5922,	5901,	5892,	5911,	5918,	5903,	5894,	
8454,	8473,	8466,	8445,	8456,	8475,	8482,	8333,	8326,	8341,	8484,	8335,	8648,	8499,	8660,	8639,	8650,	8501,	8508,	8527,	8520,	8535,	8510,	8529,	7716,	7735,	7728,	7707,	7718,	7737,	7744,	7595,	7588,	7603,	7746,	7597,	7910,	7761,	7922,	7901,	7912,	7763,	7770,	7789,	7782,	7797,	7772,	7791,	5310,	5291,	5298,	5319,	5308,	5289,	5282,	5431,	5438,	5423,	5280,	5429,	5116,	5265,	5104,	5125,	5114,	5263,	5256,	5237,	5244,	5229,	5254,	5235,	6100,	6081,	6088,	6109,	6098,	6079,	6072,	6221,	6228,	6213,	6070,	6219,	5878,	6055,	5866,	5887,	5876,	6053,	5900,	5891,	5930,	5921,	5902,	5893,	5910,	5919,	
8451,	8468,	8453,	8476,	8447,	8464,	8479,	8328,	8481,	8336,	8343,	8492,	8645,	8494,	8647,	8502,	8641,	8658,	8505,	8522,	8507,	8530,	8537,	8518,	7713,	7730,	7715,	7738,	7709,	7726,	7741,	7590,	7743,	7598,	7605,	7754,	7907,	7756,	7909,	7764,	7903,	7920,	7767,	7784,	7769,	7792,	7799,	7780,	5313,	5296,	5311,	5288,	5317,	5300,	5285,	5436,	5283,	5428,	5421,	5272,	5119,	5270,	5117,	5262,	5123,	5106,	5259,	5242,	5257,	5234,	5227,	5246,	6103,	6086,	6101,	6078,	6107,	6090,	6075,	6226,	6073,	6218,	6211,	6062,	5881,	6060,	5879,	6052,	5885,	5868,	5923,	5932,	5899,	5912,	5917,	5920,	5895,	5904,	
8472,	8461,	8470,	8457,	8444,	8477,	8332,	8489,	8330,	8485,	8340,	8337,	8498,	8655,	8496,	8651,	8638,	8503,	8526,	8515,	8524,	8511,	8534,	8531,	7734,	7723,	7732,	7719,	7706,	7739,	7594,	7751,	7592,	7747,	7602,	7599,	7760,	7917,	7758,	7913,	7900,	7765,	7788,	7777,	7786,	7773,	7796,	7793,	5292,	5303,	5294,	5307,	5320,	5287,	5432,	5275,	5434,	5279,	5424,	5427,	5266,	5109,	5268,	5113,	5126,	5261,	5238,	5249,	5240,	5253,	5230,	5233,	6082,	6093,	6084,	6097,	6110,	6077,	6222,	6065,	6224,	6069,	6214,	6217,	6056,	5871,	6058,	5875,	5888,	6051,	5890,	5929,	5936,	5933,	5926,	5907,	5914,	5909,	
8469,	8450,	8459,	8442,	8463,	8448,	8329,	8478,	8487,	8338,	8491,	8344,	8495,	8644,	8653,	8636,	8657,	8642,	8523,	8504,	8513,	8532,	8517,	8538,	7731,	7712,	7721,	7704,	7725,	7710,	7591,	7740,	7749,	7600,	7753,	7606,	7757,	7906,	7915,	7898,	7919,	7904,	7785,	7766,	7775,	7794,	7779,	7800,	5295,	5314,	5305,	5322,	5301,	5316,	5435,	5286,	5277,	5426,	5273,	5420,	5269,	5120,	5111,	5128,	5107,	5122,	5241,	5260,	5251,	5232,	5247,	5226,	6085,	6104,	6095,	6112,	6091,	6106,	6225,	6076,	6067,	6216,	6063,	6210,	6059,	5882,	5873,	6050,	5869,	5884,	5935,	5924,	5927,	5898,	5913,	5916,	5905,	5896,	
8460,	8471,	8462,	8449,	8458,	8443,	8488,	8331,	8490,	8345,	8486,	8339,	8654,	8497,	8656,	8643,	8652,	8637,	8514,	8525,	8516,	8539,	8512,	8533,	7722,	7733,	7724,	7711,	7720,	7705,	7750,	7593,	7752,	7607,	7748,	7601,	7916,	7759,	7918,	7905,	7914,	7899,	7776,	7787,	7778,	7801,	7774,	7795,	5304,	5293,	5302,	5315,	5306,	5321,	5276,	5433,	5274,	5419,	5278,	5425,	5110,	5267,	5108,	5121,	5112,	5127,	5250,	5239,	5248,	5225,	5252,	5231,	6094,	6083,	6092,	6105,	6096,	6111,	6066,	6223,	6064,	6209,	6068,	6215,	5872,	6057,	5870,	5883,	5874,	5889,	5928,	5937,	5934,	5925,	5906,	5897,	5908,	5915,	
8397,	8428,	8405,	8438,	8441,	8400,	8393,	8362,	8385,	8352,	8349,	8390,	8591,	8622,	8599,	8632,	8635,	8594,	8587,	8556,	8579,	8546,	8543,	8584,	7659,	7690,	7667,	7700,	7703,	7662,	7655,	7624,	7647,	7614,	7611,	7652,	7853,	7884,	7861,	7894,	7897,	7856,	7849,	7818,	7841,	7808,	7805,	7846,	5367,	5336,	5359,	5326,	5323,	5364,	5371,	5402,	5379,	5412,	5415,	5374,	5173,	5142,	5165,	5132,	5129,	5170,	5177,	5208,	5185,	5218,	5221,	5180,	6157,	6126,	6149,	6116,	6113,	6154,	6161,	6192,	6169,	6202,	6205,	6164,	6005,	6036,	6013,	6046,	6049,	6008,	5979,	5974,	5993,	5938,	5961,	5950,	5991,	5940,	
8406,	8437,	8396,	8399,	8404,	8439,	8384,	8353,	8346,	8391,	8386,	8351,	8600,	8631,	8590,	8593,	8598,	8633,	8578,	8547,	8540,	8585,	8580,	8545,	7668,	7699,	7658,	7661,	7666,	7701,	7646,	7615,	7608,	7653,	7648,	7613,	7862,	7893,	7852,	7855,	7860,	7895,	7840,	7809,	7802,	7847,	7842,	7807,	5358,	5327,	5368,	5365,	5360,	5325,	5380,	5411,	5418,	5373,	5378,	5413,	5164,	5133,	5174,	5171,	5166,	5131,	5186,	5217,	5224,	5179,	5184,	5219,	6148,	6117,	6158,	6155,	6150,	6115,	6170,	6201,	6208,	6163,	6168,	6203,	6014,	6045,	6004,	6007,	6012,	6047,	5994,	6001,	5978,	5973,	5992,	5939,	5952,	5949,	
8427,	8398,	8429,	8440,	8401,	8394,	8363,	8392,	8361,	8350,	8389,	8348,	8621,	8592,	8623,	8634,	8595,	8588,	8557,	8586,	8555,	8544,	8583,	8542,	7689,	7660,	7691,	7702,	7663,	7656,	7625,	7654,	7623,	7612,	7651,	7610,	7883,	7854,	7885,	7896,	7857,	7850,	7819,	7848,	7817,	7806,	7845,	7804,	5337,	5366,	5335,	5324,	5363,	5370,	5401,	5372,	5403,	5414,	5375,	5416,	5143,	5172,	5141,	5130,	5169,	5176,	5207,	5178,	5209,	5220,	5181,	5222,	6127,	6156,	6125,	6114,	6153,	6160,	6191,	6162,	6193,	6204,	6165,	6206,	6035,	6006,	6037,	6048,	6009,	6002,	5977,	5980,	5975,	5960,	5951,	5962,	5941,	5990,	
8436,	8407,	8416,	8395,	8430,	8403,	8354,	8383,	8374,	8347,	8360,	8387,	8630,	8601,	8610,	8589,	8624,	8597,	8548,	8577,	8568,	8541,	8554,	8581,	7698,	7669,	7678,	7657,	7692,	7665,	7616,	7645,	7636,	7609,	7622,	7649,	7892,	7863,	7872,	7851,	7886,	7859,	7810,	7839,	7830,	7803,	7816,	7843,	5328,	5357,	5348,	5369,	5334,	5361,	5410,	5381,	5390,	5417,	5404,	5377,	5134,	5163,	5154,	5175,	5140,	5167,	5216,	5187,	5196,	5223,	5210,	5183,	6118,	6147,	6138,	6159,	6124,	6151,	6200,	6171,	6180,	6207,	6194,	6167,	6044,	6015,	6024,	6003,	6038,	6011,	6000,	5995,	5970,	5963,	5972,	5965,	5948,	5953,	
8417,	8426,	8411,	8402,	8415,	8422,	8373,	8364,	8379,	8388,	8375,	8368,	8611,	8620,	8605,	8596,	8609,	8616,	8567,	8558,	8573,	8582,	8569,	8562,	7679,	7688,	7673,	7664,	7677,	7684,	7635,	7626,	7641,	7650,	7637,	7630,	7873,	7882,	7867,	7858,	7871,	7878,	7829,	7820,	7835,	7844,	7831,	7824,	5347,	5338,	5353,	5362,	5349,	5342,	5391,	5400,	5385,	5376,	5389,	5396,	5153,	5144,	5159,	5168,	5155,	5148,	5197,	5206,	5191,	5182,	5195,	5202,	6137,	6128,	6143,	6152,	6139,	6132,	6181,	6190,	6175,	6166,	6179,	6186,	6025,	6034,	6019,	6010,	6023,	6030,	5981,	5976,	5999,	5966,	5959,	5954,	5989,	5942,	
8410,	8435,	8408,	8421,	8412,	8431,	8380,	8355,	8382,	8369,	8378,	8359,	8604,	8629,	8602,	8615,	8606,	8625,	8574,	8549,	8576,	8563,	8572,	8553,	7672,	7697,	7670,	7683,	7674,	7693,	7642,	7617,	7644,	7631,	7640,	7621,	7866,	7891,	7864,	7877,	7868,	7887,	7836,	7811,	7838,	7825,	7834,	7815,	5354,	5329,	5356,	5343,	5352,	5333,	5384,	5409,	5382,	5395,	5386,	5405,	5160,	5135,	5162,	5149,	5158,	5139,	5190,	5215,	5188,	5201,	5192,	5211,	6144,	6119,	6146,	6133,	6142,	6123,	6174,	6199,	6172,	6185,	6176,	6195,	6018,	6043,	6016,	6029,	6020,	6039,	5996,	5969,	5958,	5971,	5964,	5945,	5986,	5947,	
8425,	8418,	8433,	8414,	8423,	8420,	8365,	8372,	8357,	8376,	8367,	8370,	8619,	8612,	8627,	8608,	8617,	8614,	8559,	8566,	8551,	8570,	8561,	8564,	7687,	7680,	7695,	7676,	7685,	7682,	7627,	7634,	7619,	7638,	7629,	7632,	7881,	7874,	7889,	7870,	7879,	7876,	7821,	7828,	7813,	7832,	7823,	7826,	5339,	5346,	5331,	5350,	5341,	5344,	5399,	5392,	5407,	5388,	5397,	5394,	5145,	5152,	5137,	5156,	5147,	5150,	5205,	5198,	5213,	5194,	5203,	5200,	6129,	6136,	6121,	6140,	6131,	6134,	6189,	6182,	6197,	6178,	6187,	6184,	6033,	6026,	6041,	6022,	6031,	6028,	5957,	5982,	5967,	5998,	5955,	5984,	5943,	5988,	
8434,	8409,	8424,	8419,	8432,	8413,	8356,	8381,	8366,	8371,	8358,	8377,	8628,	8603,	8618,	8613,	8626,	8607,	8550,	8575,	8560,	8565,	8552,	8571,	7696,	7671,	7686,	7681,	7694,	7675,	7618,	7643,	7628,	7633,	7620,	7639,	7890,	7865,	7880,	7875,	7888,	7869,	7812,	7837,	7822,	7827,	7814,	7833,	5330,	5355,	5340,	5345,	5332,	5351,	5408,	5383,	5398,	5393,	5406,	5387,	5136,	5161,	5146,	5151,	5138,	5157,	5214,	5189,	5204,	5199,	5212,	5193,	6120,	6145,	6130,	6135,	6122,	6141,	6198,	6173,	6188,	6183,	6196,	6177,	6042,	6017,	6032,	6027,	6040,	6021,	5968,	5997,	5956,	5983,	5944,	5987,	5946,	5985,	
